Sample in Buffer,Sample in Window,TRIGGER,design_1_i/system_ila_0/inst/probe0_1,design_1_i/system_ila_0/inst/probe1_1,design_1_i/system_ila_0/inst/probe2_1,design_1_i/system_ila_0/inst/probe3_1,design_1_i/system_ila_0/inst/probe4_1,design_1_i/system_ila_0/inst/probe5_1,design_1_i/system_ila_0/inst/probe6_1[127:0],design_1_i/system_ila_0/inst/probe7_1,design_1_i/system_ila_0/inst/probe8_1[127:0],design_1_i/system_ila_0/inst/probe9_1,design_1_i/system_ila_0/inst/probe10_1,design_1_i/system_ila_0/inst/probe11_1,design_1_i/system_ila_0/inst/SLOT_0_ICAP_csib_1,design_1_i/system_ila_0/inst/SLOT_0_ICAP_i_1[31:0],design_1_i/system_ila_0/inst/SLOT_0_ICAP_o_1[31:0],design_1_i/system_ila_0/inst/SLOT_0_ICAP_rdwrb_1,design_1_i/system_ila_0/inst/SLOT_0_ICAP_avail_1,design_1_i/system_ila_0/inst/SLOT_0_ICAP_prdone_1,design_1_i/system_ila_0/inst/SLOT_0_ICAP_prerror_1,design_1_i/system_ila_0/inst/net_slot_1_axi_ar_cnt[1:0],design_1_i/system_ila_0/inst/net_slot_1_axi_araddr[31:0],design_1_i/system_ila_0/inst/net_slot_1_axi_arburst[1:0],design_1_i/system_ila_0/inst/net_slot_1_axi_arcache[3:0],design_1_i/system_ila_0/inst/net_slot_1_axi_arlen[7:0],design_1_i/system_ila_0/inst/net_slot_1_axi_arprot[2:0],design_1_i/system_ila_0/inst/net_slot_1_axi_arsize[2:0],design_1_i/system_ila_0/inst/net_slot_1_axi_aruser[3:0],design_1_i/system_ila_0/inst/net_slot_1_axi_aw_cnt[1:0],design_1_i/system_ila_0/inst/net_slot_1_axi_awaddr[31:0],design_1_i/system_ila_0/inst/net_slot_1_axi_awburst[1:0],design_1_i/system_ila_0/inst/net_slot_1_axi_awcache[3:0],design_1_i/system_ila_0/inst/net_slot_1_axi_awlen[7:0],design_1_i/system_ila_0/inst/net_slot_1_axi_awprot[2:0],design_1_i/system_ila_0/inst/net_slot_1_axi_awsize[2:0],design_1_i/system_ila_0/inst/net_slot_1_axi_b_cnt[1:0],design_1_i/system_ila_0/inst/net_slot_1_axi_r_cnt[1:0],design_1_i/system_ila_0/inst/net_slot_1_axi_rdata[31:0],design_1_i/system_ila_0/inst/net_slot_1_axi_rresp[1:0],design_1_i/system_ila_0/inst/net_slot_1_axi_wdata[31:0],design_1_i/system_ila_0/inst/net_slot_1_axi_awvalid,design_1_i/system_ila_0/inst/net_slot_1_axi_aw_ctrl[1:0],design_1_i/system_ila_0/inst/net_slot_1_axi_awready,design_1_i/system_ila_0/inst/net_slot_1_axi_wvalid,design_1_i/system_ila_0/inst/net_slot_1_axi_w_ctrl[2:0],design_1_i/system_ila_0/inst/net_slot_1_axi_wready,design_1_i/system_ila_0/inst/net_slot_1_axi_wlast,design_1_i/system_ila_0/inst/net_slot_1_axi_b_ctrl[1:0],design_1_i/system_ila_0/inst/net_slot_1_axi_bvalid,design_1_i/system_ila_0/inst/net_slot_1_axi_bready,design_1_i/system_ila_0/inst/net_slot_1_axi_ar_ctrl[1:0],design_1_i/system_ila_0/inst/net_slot_1_axi_arvalid,design_1_i/system_ila_0/inst/net_slot_1_axi_arready,design_1_i/system_ila_0/inst/net_slot_1_axi_r_ctrl[2:0],design_1_i/system_ila_0/inst/net_slot_1_axi_rvalid,design_1_i/system_ila_0/inst/net_slot_1_axi_rready,design_1_i/system_ila_0/inst/net_slot_1_axi_rlast,design_1_i/system_ila_0/inst/net_slot_2_axi_ar_cnt[1:0],design_1_i/system_ila_0/inst/net_slot_2_axi_araddr[31:0],design_1_i/system_ila_0/inst/net_slot_2_axi_arburst[1:0],design_1_i/system_ila_0/inst/net_slot_2_axi_arcache[3:0],design_1_i/system_ila_0/inst/net_slot_2_axi_arlen[7:0],design_1_i/system_ila_0/inst/net_slot_2_axi_arlock,design_1_i/system_ila_0/inst/net_slot_2_axi_arprot[2:0],design_1_i/system_ila_0/inst/net_slot_2_axi_arqos[3:0],design_1_i/system_ila_0/inst/net_slot_2_axi_arsize[2:0],design_1_i/system_ila_0/inst/net_slot_2_axi_aw_cnt[1:0],design_1_i/system_ila_0/inst/net_slot_2_axi_awaddr[31:0],design_1_i/system_ila_0/inst/net_slot_2_axi_awburst[1:0],design_1_i/system_ila_0/inst/net_slot_2_axi_awcache[3:0],design_1_i/system_ila_0/inst/net_slot_2_axi_awlen[7:0],design_1_i/system_ila_0/inst/net_slot_2_axi_awlock,design_1_i/system_ila_0/inst/net_slot_2_axi_awprot[2:0],design_1_i/system_ila_0/inst/net_slot_2_axi_awqos[3:0],design_1_i/system_ila_0/inst/net_slot_2_axi_awsize[2:0],design_1_i/system_ila_0/inst/net_slot_2_axi_b_cnt[1:0],design_1_i/system_ila_0/inst/net_slot_2_axi_bresp[1:0],design_1_i/system_ila_0/inst/net_slot_2_axi_r_cnt[1:0],design_1_i/system_ila_0/inst/net_slot_2_axi_rdata[31:0],design_1_i/system_ila_0/inst/net_slot_2_axi_rresp[1:0],design_1_i/system_ila_0/inst/net_slot_2_axi_wdata[31:0],design_1_i/system_ila_0/inst/net_slot_2_axi_wstrb[3:0],design_1_i/system_ila_0/inst/net_slot_2_axi_aw_ctrl[1:0],design_1_i/system_ila_0/inst/net_slot_2_axi_awvalid,design_1_i/system_ila_0/inst/net_slot_2_axi_awready,design_1_i/system_ila_0/inst/net_slot_2_axi_w_ctrl[2:0],design_1_i/system_ila_0/inst/net_slot_2_axi_wvalid,design_1_i/system_ila_0/inst/net_slot_2_axi_wready,design_1_i/system_ila_0/inst/net_slot_2_axi_wlast,design_1_i/system_ila_0/inst/net_slot_2_axi_b_ctrl[1:0],design_1_i/system_ila_0/inst/net_slot_2_axi_bvalid,design_1_i/system_ila_0/inst/net_slot_2_axi_bready,design_1_i/system_ila_0/inst/net_slot_2_axi_arvalid,design_1_i/system_ila_0/inst/net_slot_2_axi_ar_ctrl[1:0],design_1_i/system_ila_0/inst/net_slot_2_axi_arready,design_1_i/system_ila_0/inst/net_slot_2_axi_rvalid,design_1_i/system_ila_0/inst/net_slot_2_axi_r_ctrl[2:0],design_1_i/system_ila_0/inst/net_slot_2_axi_rready,design_1_i/system_ila_0/inst/net_slot_2_axi_rlast,design_1_i/system_ila_0/inst/net_slot_3_axis_tdata[31:0],design_1_i/system_ila_0/inst/net_slot_3_axis_tid[2:0],design_1_i/system_ila_0/inst/net_slot_3_axis_tkeep[3:0],design_1_i/system_ila_0/inst/net_slot_3_axis_tvalid,design_1_i/system_ila_0/inst/net_slot_3_axis_tready,design_1_i/system_ila_0/inst/net_slot_3_axis_tlast,design_1_i/system_ila_0/inst/net_slot_4_axis_tdata[31:0],design_1_i/system_ila_0/inst/net_slot_4_axis_tid[2:0],design_1_i/system_ila_0/inst/net_slot_4_axis_tkeep[3:0],design_1_i/system_ila_0/inst/net_slot_4_axis_tvalid,design_1_i/system_ila_0/inst/net_slot_4_axis_tready,design_1_i/system_ila_0/inst/net_slot_4_axis_tlast,AR_Channel_(i1:s1)_(dfx_controller_0_M_AXI_MEM)[2:0],AR_Channel_(i1:s2)_(axi_mm2s_mapper_0_M_AXI)[2:0],AW_Channel_(i1:s1)_(dfx_controller_0_M_AXI_MEM)[2:0],AW_Channel_(i1:s2)_(axi_mm2s_mapper_0_M_AXI)[2:0],B_Channel_(i1:s1)_(dfx_controller_0_M_AXI_MEM)[2:0],B_Channel_(i1:s2)_(axi_mm2s_mapper_0_M_AXI)[2:0],Interface_(i1:s1)_(dfx_controller_0_M_AXI_MEM)[2:0],Interface_(i1:s2)_(axi_mm2s_mapper_0_M_AXI)[2:0],Interface_(i1:s3)_(axi_mm2s_mapper_0_M_AXIS)[2:0],Interface_(i1:s4)_(aes_0_M_AXIS)[2:0],R_Channel_(i1:s1)_(dfx_controller_0_M_AXI_MEM)[2:0],R_Channel_(i1:s2)_(axi_mm2s_mapper_0_M_AXI)[2:0],T_Channel_(i1:s3)_(axi_mm2s_mapper_0_M_AXIS)[2:0],T_Channel_(i1:s4)_(aes_0_M_AXIS)[2:0],W_Channel_(i1:s1)_(dfx_controller_0_M_AXI_MEM)[2:0],W_Channel_(i1:s2)_(axi_mm2s_mapper_0_M_AXI)[2:0]
Radix - UNSIGNED,UNSIGNED,UNSIGNED,HEX,HEX,HEX,HEX,HEX,HEX,HEX,HEX,HEX,HEX,HEX,HEX,HEX,HEX,HEX,HEX,HEX,HEX,HEX,HEX,HEX,HEX,HEX,HEX,HEX,HEX,HEX,HEX,HEX,HEX,HEX,HEX,HEX,HEX,HEX,HEX,HEX,HEX,HEX,HEX,HEX,HEX,HEX,HEX,HEX,HEX,HEX,HEX,HEX,HEX,HEX,HEX,HEX,HEX,HEX,HEX,HEX,HEX,HEX,HEX,HEX,HEX,HEX,HEX,HEX,HEX,HEX,HEX,HEX,HEX,HEX,HEX,HEX,HEX,HEX,HEX,HEX,HEX,HEX,HEX,HEX,HEX,HEX,HEX,HEX,HEX,HEX,HEX,HEX,HEX,HEX,HEX,HEX,HEX,HEX,HEX,HEX,HEX,HEX,HEX,HEX,HEX,HEX,HEX,HEX,HEX,HEX,HEX,HEX,HEX,HEX,HEX,HEX,HEX,HEX,HEX,HEX,HEX,HEX,HEX,HEX,HEX,HEX,HEX,HEX,HEX
0,0,0,0,1,1,0,0,0,8e5ffe20afb76fe31ba56e5faf65c9d2,0,3b9a3d13b8d6963fae1d8dc05a6037b2,0,1,0,1,fc696b1d,ffffffdb,0,1,0,0,2,00000000,"FIXED",3,00,"Data Secure Unprivileged","1 byte",0,0,00000000,"INCR",3,00,"Data Secure Unprivileged","4 bytes",0,2,2b00013a,"SLVERR",00000000,0,2,1,0,0,0,0,0,0,0,2,0,1,2,0,1,0,2,0037e400,"INCR",3,ff,0,"Data Secure Unprivileged",0,"4 bytes",0,00000000,"FIXED",0,00,0,"Data Secure Unprivileged",0,"1 byte",0,"OKAY",2,220f5534,"OKAY",00000000,a,2,0,1,4,0,0,1,2,0,1,0,2,1,1,1,0,0,00000000,3,1,1,0,1,2b00013a,3,f,0,0,0,"No Read Addr Cmds","No Read Addr Cmds","No Write Addr Cmds","No Write Addr Cmds","No Write Responses","No Write Responses","_","_","_","_","_","_","_","_","No Write Data Beats","No Write Data Beats"
1,1,0,0,1,1,0,0,0,8e5ffe20afb76fe31ba56e5faf65c9d2,0,3b9a3d13b8d6963fae1d8dc05a6037b2,0,1,0,1,fc696b1d,ffffffdb,0,1,0,0,2,00000000,"FIXED",3,00,"Data Secure Unprivileged","1 byte",0,0,00000000,"INCR",3,00,"Data Secure Unprivileged","4 bytes",0,2,2b00013a,"SLVERR",00000000,0,2,1,0,0,0,0,0,0,0,2,0,1,2,0,1,0,2,0037e400,"INCR",3,ff,0,"Data Secure Unprivileged",0,"4 bytes",0,00000000,"FIXED",0,00,0,"Data Secure Unprivileged",0,"1 byte",0,"OKAY",2,220f5534,"OKAY",00000000,a,2,0,1,4,0,0,1,2,0,1,0,2,1,1,1,0,0,00000000,3,1,1,0,1,2b00013a,3,f,0,0,0,"No Read Addr Cmds","No Read Addr Cmds","No Write Addr Cmds","No Write Addr Cmds","No Write Responses","No Write Responses","_","_","_","_","_","_","_","_","No Write Data Beats","No Write Data Beats"
2,2,0,0,1,1,0,0,0,8e5ffe20afb76fe31ba56e5faf65c9d2,0,3b9a3d13b8d6963fae1d8dc05a6037b2,0,1,0,1,fc696b1d,ffffffdb,0,1,0,0,2,00000000,"FIXED",3,00,"Data Secure Unprivileged","1 byte",0,0,00000000,"INCR",3,00,"Data Secure Unprivileged","4 bytes",0,2,2b00013a,"SLVERR",00000000,0,2,1,0,0,0,0,0,0,0,2,0,1,2,0,1,0,2,0037e400,"INCR",3,ff,0,"Data Secure Unprivileged",0,"4 bytes",0,00000000,"FIXED",0,00,0,"Data Secure Unprivileged",0,"1 byte",0,"OKAY",2,220f5534,"OKAY",00000000,a,2,0,1,4,0,0,1,2,0,1,0,2,1,1,1,0,0,00000000,3,1,1,1,1,00000000,3,1,1,1,1,"No Read Addr Cmds","No Read Addr Cmds","No Write Addr Cmds","No Write Addr Cmds","No Write Responses","No Write Responses","_","_","Active","Active","_","_","Last Stream","Last Stream","No Write Data Beats","No Write Data Beats"
3,3,0,0,1,1,0,0,0,8e5ffe20afb76fe31ba56e5faf65c9d2,0,3b9a3d13b8d6963fae1d8dc05a6037b2,0,1,0,1,fc696b1d,ffffffdb,0,1,0,0,2,00000000,"FIXED",3,00,"Data Secure Unprivileged","1 byte",0,0,00000000,"INCR",3,00,"Data Secure Unprivileged","4 bytes",0,2,2b00013a,"OKAY",00000000,0,2,1,0,0,0,0,0,0,0,2,0,1,3,1,1,0,2,0037e400,"INCR",3,ff,0,"Data Secure Unprivileged",0,"4 bytes",0,00000000,"FIXED",0,00,0,"Data Secure Unprivileged",0,"1 byte",0,"OKAY",2,220f5534,"OKAY",00000000,0,2,0,1,0,0,0,0,2,0,1,0,2,1,1,1,0,0,3b698107,3,f,0,0,0,00000000,3,1,0,0,1,"No Read Addr Cmds","No Read Addr Cmds","No Write Addr Cmds","No Write Addr Cmds","No Write Responses","No Write Responses","Active","_","_","_","Data Beat","_","_","_","No Write Data Beats","No Write Data Beats"
4,4,0,0,1,1,0,0,0,8e5ffe20afb76fe31ba56e5faf65c9d2,0,3b9a3d13b8d6963fae1d8dc05a6037b2,0,1,0,1,fc696b1d,ffffffdb,0,1,0,0,2,00000000,"FIXED",3,00,"Data Secure Unprivileged","1 byte",0,0,00000000,"INCR",3,00,"Data Secure Unprivileged","4 bytes",0,2,2b00013a,"OKAY",00000000,0,2,1,0,0,0,0,0,0,0,2,0,1,2,0,1,0,2,0037e400,"INCR",3,ff,0,"Data Secure Unprivileged",0,"4 bytes",0,00000000,"FIXED",0,00,0,"Data Secure Unprivileged",0,"1 byte",0,"OKAY",2,220f5534,"OKAY",00000000,0,2,0,1,0,0,0,0,2,0,1,0,2,1,1,1,0,0,3b698107,3,f,1,0,0,00000000,3,1,0,0,1,"No Read Addr Cmds","No Read Addr Cmds","No Write Addr Cmds","No Write Addr Cmds","No Write Responses","No Write Responses","_","_","_","_","_","_","_","_","No Write Data Beats","No Write Data Beats"
5,5,0,0,1,1,0,0,0,8e5ffe20afb76fe31ba56e5faf65c9d2,0,3b9a3d13b8d6963fae1d8dc05a6037b2,0,1,0,1,fc696b1d,ffffffdb,0,1,0,0,2,00000000,"FIXED",3,00,"Data Secure Unprivileged","1 byte",0,0,00000000,"INCR",3,00,"Data Secure Unprivileged","4 bytes",0,2,2b00013a,"OKAY",00000000,0,2,1,0,0,0,0,0,0,0,2,0,1,2,0,1,0,2,0037e400,"INCR",3,ff,0,"Data Secure Unprivileged",0,"4 bytes",0,00000000,"FIXED",0,00,0,"Data Secure Unprivileged",0,"1 byte",0,"OKAY",2,220f5534,"OKAY",00000000,0,2,0,1,0,0,0,0,2,0,1,0,2,1,1,1,0,0,3b698107,3,f,1,0,0,00000000,3,1,0,0,1,"No Read Addr Cmds","No Read Addr Cmds","No Write Addr Cmds","No Write Addr Cmds","No Write Responses","No Write Responses","_","_","_","_","_","_","_","_","No Write Data Beats","No Write Data Beats"
6,6,0,0,1,1,0,0,0,8e5ffe20afb76fe31ba56e5faf65c9d2,0,3b9a3d13b8d6963fae1d8dc05a6037b2,0,1,0,1,fc696b1d,ffffffdb,0,1,0,0,2,00000000,"FIXED",3,00,"Data Secure Unprivileged","1 byte",0,0,00000000,"INCR",3,00,"Data Secure Unprivileged","4 bytes",0,2,2b00013a,"OKAY",00000000,0,2,1,0,0,0,0,0,0,0,2,0,1,2,0,1,0,2,0037e400,"INCR",3,ff,0,"Data Secure Unprivileged",0,"4 bytes",0,00000000,"FIXED",0,00,0,"Data Secure Unprivileged",0,"1 byte",0,"OKAY",2,220f5534,"OKAY",00000000,0,2,0,1,0,0,0,0,2,0,1,0,2,1,1,1,0,0,3b698107,3,f,1,1,0,cf2fc3d6,3,f,1,1,0,"No Read Addr Cmds","No Read Addr Cmds","No Write Addr Cmds","No Write Addr Cmds","No Write Responses","No Write Responses","_","_","Active","Active","_","_","Stream Beat","Stream Beat","No Write Data Beats","No Write Data Beats"
7,7,0,0,1,1,0,0,0,8e5ffe20afb76fe31ba56e5faf65c9d2,0,3b9a3d13b8d6963fae1d8dc05a6037b2,0,1,0,0,fc696b1d,ffffffdb,0,1,0,0,2,00000000,"FIXED",3,00,"Data Secure Unprivileged","1 byte",0,0,00000000,"INCR",3,00,"Data Secure Unprivileged","4 bytes",0,2,2b00013a,"SLVERR",00000000,0,2,1,0,0,0,0,0,0,0,2,0,1,6,0,1,1,2,0037e400,"INCR",3,ff,0,"Data Secure Unprivileged",0,"4 bytes",0,00000000,"FIXED",0,00,0,"Data Secure Unprivileged",0,"1 byte",0,"OKAY",2,220f5534,"OKAY",00000000,6,2,0,1,4,0,0,1,2,0,1,0,2,1,1,3,1,0,00000000,3,1,1,0,1,cf2fc3d6,3,f,0,0,0,"No Read Addr Cmds","No Read Addr Cmds","No Write Addr Cmds","No Write Addr Cmds","No Write Responses","No Write Responses","_","Active","_","_","_","Data Beat","_","_","No Write Data Beats","No Write Data Beats"
8,8,0,0,1,1,0,0,0,8e5ffe20afb76fe31ba56e5faf65c9d2,0,3b9a3d13b8d6963fae1d8dc05a6037b2,0,1,0,1,d400805c,ffffffdb,0,1,0,0,2,00000000,"FIXED",3,00,"Data Secure Unprivileged","1 byte",0,0,00000000,"INCR",3,00,"Data Secure Unprivileged","4 bytes",0,2,cf2fc3d6,"SLVERR",00000000,0,2,1,0,0,0,0,0,0,0,2,0,1,6,0,1,1,2,0037e400,"INCR",3,ff,0,"Data Secure Unprivileged",0,"4 bytes",0,00000000,"FIXED",0,00,0,"Data Secure Unprivileged",0,"1 byte",0,"OKAY",2,e3c26efb,"OKAY",00000000,6,2,0,1,4,0,0,1,2,0,1,0,2,1,1,1,0,0,00000000,3,1,1,0,1,cf2fc3d6,3,f,0,0,0,"No Read Addr Cmds","No Read Addr Cmds","No Write Addr Cmds","No Write Addr Cmds","No Write Responses","No Write Responses","_","_","_","_","_","_","_","_","No Write Data Beats","No Write Data Beats"
9,9,0,0,1,1,0,0,0,8e5ffe20afb76fe31ba56e5faf65c9d2,0,3b9a3d13b8d6963fae1d8dc05a6037b2,0,1,0,1,d400805c,ffffffdb,0,1,0,0,2,00000000,"FIXED",3,00,"Data Secure Unprivileged","1 byte",0,0,00000000,"INCR",3,00,"Data Secure Unprivileged","4 bytes",0,2,cf2fc3d6,"SLVERR",00000000,0,2,1,0,0,0,0,0,0,0,2,0,1,6,0,1,1,2,0037e400,"INCR",3,ff,0,"Data Secure Unprivileged",0,"4 bytes",0,00000000,"FIXED",0,00,0,"Data Secure Unprivileged",0,"1 byte",0,"OKAY",2,e3c26efb,"OKAY",00000000,6,2,0,1,4,0,0,1,2,0,1,0,2,1,1,1,0,0,00000000,3,1,1,0,1,cf2fc3d6,3,f,0,0,0,"No Read Addr Cmds","No Read Addr Cmds","No Write Addr Cmds","No Write Addr Cmds","No Write Responses","No Write Responses","_","_","_","_","_","_","_","_","No Write Data Beats","No Write Data Beats"
10,10,0,0,1,1,0,0,0,8e5ffe20afb76fe31ba56e5faf65c9d2,0,3b9a3d13b8d6963fae1d8dc05a6037b2,0,1,0,1,d400805c,ffffffdb,0,1,0,0,2,00000000,"FIXED",3,00,"Data Secure Unprivileged","1 byte",0,0,00000000,"INCR",3,00,"Data Secure Unprivileged","4 bytes",0,2,cf2fc3d6,"SLVERR",00000000,0,2,1,0,0,0,0,0,0,0,2,0,1,6,0,1,1,2,0037e400,"INCR",3,ff,0,"Data Secure Unprivileged",0,"4 bytes",0,00000000,"FIXED",0,00,0,"Data Secure Unprivileged",0,"1 byte",0,"OKAY",2,e3c26efb,"OKAY",00000000,6,2,0,1,4,0,0,1,2,0,1,0,2,1,1,1,0,0,00000000,3,1,1,1,1,00000000,3,1,1,1,1,"No Read Addr Cmds","No Read Addr Cmds","No Write Addr Cmds","No Write Addr Cmds","No Write Responses","No Write Responses","_","_","Active","Active","_","_","Last Stream","Last Stream","No Write Data Beats","No Write Data Beats"
11,11,0,0,1,1,0,0,0,8e5ffe20afb76fe31ba56e5faf65c9d2,0,3b9a3d13b8d6963fae1d8dc05a6037b2,0,1,0,1,d400805c,ffffffdb,0,1,0,0,2,00000000,"FIXED",3,00,"Data Secure Unprivileged","1 byte",0,0,00000000,"INCR",3,00,"Data Secure Unprivileged","4 bytes",0,2,cf2fc3d6,"OKAY",00000000,0,2,1,0,0,0,0,0,0,0,2,0,1,3,1,1,0,2,0037e400,"INCR",3,ff,0,"Data Secure Unprivileged",0,"4 bytes",0,00000000,"FIXED",0,00,0,"Data Secure Unprivileged",0,"1 byte",0,"OKAY",2,e3c26efb,"OKAY",00000000,0,2,0,1,0,0,0,0,2,0,1,0,2,1,1,1,0,0,220f5534,3,f,0,0,0,00000000,3,1,0,0,1,"No Read Addr Cmds","No Read Addr Cmds","No Write Addr Cmds","No Write Addr Cmds","No Write Responses","No Write Responses","Active","_","_","_","Data Beat","_","_","_","No Write Data Beats","No Write Data Beats"
12,12,0,0,1,1,0,0,0,8e5ffe20afb76fe31ba56e5faf65c9d2,0,3b9a3d13b8d6963fae1d8dc05a6037b2,0,1,0,1,d400805c,ffffffdb,0,1,0,0,2,00000000,"FIXED",3,00,"Data Secure Unprivileged","1 byte",0,0,00000000,"INCR",3,00,"Data Secure Unprivileged","4 bytes",0,2,cf2fc3d6,"OKAY",00000000,0,2,1,0,0,0,0,0,0,0,2,0,1,2,0,1,0,2,0037e400,"INCR",3,ff,0,"Data Secure Unprivileged",0,"4 bytes",0,00000000,"FIXED",0,00,0,"Data Secure Unprivileged",0,"1 byte",0,"OKAY",2,e3c26efb,"OKAY",00000000,0,2,0,1,0,0,0,0,2,0,1,0,2,1,1,1,0,0,220f5534,3,f,1,0,0,00000000,3,1,0,0,1,"No Read Addr Cmds","No Read Addr Cmds","No Write Addr Cmds","No Write Addr Cmds","No Write Responses","No Write Responses","_","_","_","_","_","_","_","_","No Write Data Beats","No Write Data Beats"
13,13,0,0,1,1,0,0,0,8e5ffe20afb76fe31ba56e5faf65c9d2,0,3b9a3d13b8d6963fae1d8dc05a6037b2,0,1,0,1,d400805c,ffffffdb,0,1,0,0,2,00000000,"FIXED",3,00,"Data Secure Unprivileged","1 byte",0,0,00000000,"INCR",3,00,"Data Secure Unprivileged","4 bytes",0,2,cf2fc3d6,"OKAY",00000000,0,2,1,0,0,0,0,0,0,0,2,0,1,2,0,1,0,2,0037e400,"INCR",3,ff,0,"Data Secure Unprivileged",0,"4 bytes",0,00000000,"FIXED",0,00,0,"Data Secure Unprivileged",0,"1 byte",0,"OKAY",2,e3c26efb,"OKAY",00000000,0,2,0,1,0,0,0,0,2,0,1,0,2,1,1,1,0,0,220f5534,3,f,1,0,0,00000000,3,1,0,0,1,"No Read Addr Cmds","No Read Addr Cmds","No Write Addr Cmds","No Write Addr Cmds","No Write Responses","No Write Responses","_","_","_","_","_","_","_","_","No Write Data Beats","No Write Data Beats"
14,14,0,0,1,1,0,0,0,8e5ffe20afb76fe31ba56e5faf65c9d2,0,3b9a3d13b8d6963fae1d8dc05a6037b2,0,1,0,1,d400805c,ffffffdb,0,1,0,0,2,00000000,"FIXED",3,00,"Data Secure Unprivileged","1 byte",0,0,00000000,"INCR",3,00,"Data Secure Unprivileged","4 bytes",0,2,cf2fc3d6,"OKAY",00000000,0,2,1,0,0,0,0,0,0,0,2,0,1,2,0,1,0,2,0037e400,"INCR",3,ff,0,"Data Secure Unprivileged",0,"4 bytes",0,00000000,"FIXED",0,00,0,"Data Secure Unprivileged",0,"1 byte",0,"OKAY",2,e3c26efb,"OKAY",00000000,0,2,0,1,0,0,0,0,2,0,1,0,2,1,1,1,0,0,220f5534,3,f,1,1,0,58dd3d7a,3,f,1,1,0,"No Read Addr Cmds","No Read Addr Cmds","No Write Addr Cmds","No Write Addr Cmds","No Write Responses","No Write Responses","_","_","Active","Active","_","_","Stream Beat","Stream Beat","No Write Data Beats","No Write Data Beats"
15,15,0,0,1,1,0,0,0,8e5ffe20afb76fe31ba56e5faf65c9d2,0,3b9a3d13b8d6963fae1d8dc05a6037b2,0,1,0,0,d400805c,ffffffdb,0,1,0,0,2,00000000,"FIXED",3,00,"Data Secure Unprivileged","1 byte",0,0,00000000,"INCR",3,00,"Data Secure Unprivileged","4 bytes",0,2,cf2fc3d6,"SLVERR",00000000,0,2,1,0,0,0,0,0,0,0,2,0,1,2,0,1,0,2,0037e400,"INCR",3,ff,0,"Data Secure Unprivileged",0,"4 bytes",0,00000000,"FIXED",0,00,0,"Data Secure Unprivileged",0,"1 byte",0,"OKAY",2,e3c26efb,"OKAY",00000000,a,2,0,1,4,0,0,1,2,0,1,0,2,1,1,3,1,0,00000000,3,1,1,0,1,58dd3d7a,3,f,0,0,0,"No Read Addr Cmds","No Read Addr Cmds","No Write Addr Cmds","No Write Addr Cmds","No Write Responses","No Write Responses","_","Active","_","_","_","Data Beat","_","_","No Write Data Beats","No Write Data Beats"
16,16,0,0,1,1,0,0,0,8e5ffe20afb76fe31ba56e5faf65c9d2,0,3b9a3d13b8d6963fae1d8dc05a6037b2,0,1,0,1,f3f4c36b,ffffffdb,0,1,0,0,2,00000000,"FIXED",3,00,"Data Secure Unprivileged","1 byte",0,0,00000000,"INCR",3,00,"Data Secure Unprivileged","4 bytes",0,2,58dd3d7a,"SLVERR",00000000,0,2,1,0,0,0,0,0,0,0,2,0,1,2,0,1,0,2,0037e400,"INCR",3,ff,0,"Data Secure Unprivileged",0,"4 bytes",0,00000000,"FIXED",0,00,0,"Data Secure Unprivileged",0,"1 byte",0,"OKAY",2,c08d1dae,"OKAY",00000000,a,2,0,1,4,0,0,1,2,0,1,0,2,1,1,1,0,0,00000000,3,1,1,0,1,58dd3d7a,3,f,0,0,0,"No Read Addr Cmds","No Read Addr Cmds","No Write Addr Cmds","No Write Addr Cmds","No Write Responses","No Write Responses","_","_","_","_","_","_","_","_","No Write Data Beats","No Write Data Beats"
17,17,0,0,1,1,0,0,0,8e5ffe20afb76fe31ba56e5faf65c9d2,0,3b9a3d13b8d6963fae1d8dc05a6037b2,0,1,0,1,f3f4c36b,ffffffdb,0,1,0,0,2,00000000,"FIXED",3,00,"Data Secure Unprivileged","1 byte",0,0,00000000,"INCR",3,00,"Data Secure Unprivileged","4 bytes",0,2,58dd3d7a,"SLVERR",00000000,0,2,1,0,0,0,0,0,0,0,2,0,1,2,0,1,0,2,0037e400,"INCR",3,ff,0,"Data Secure Unprivileged",0,"4 bytes",0,00000000,"FIXED",0,00,0,"Data Secure Unprivileged",0,"1 byte",0,"OKAY",2,c08d1dae,"OKAY",00000000,a,2,0,1,4,0,0,1,2,0,1,0,2,1,1,1,0,0,00000000,3,1,1,0,1,58dd3d7a,3,f,0,0,0,"No Read Addr Cmds","No Read Addr Cmds","No Write Addr Cmds","No Write Addr Cmds","No Write Responses","No Write Responses","_","_","_","_","_","_","_","_","No Write Data Beats","No Write Data Beats"
18,18,0,0,1,1,0,0,0,8e5ffe20afb76fe31ba56e5faf65c9d2,0,3b9a3d13b8d6963fae1d8dc05a6037b2,0,1,0,1,f3f4c36b,ffffffdb,0,1,0,0,2,00000000,"FIXED",3,00,"Data Secure Unprivileged","1 byte",0,0,00000000,"INCR",3,00,"Data Secure Unprivileged","4 bytes",0,2,58dd3d7a,"SLVERR",00000000,0,2,1,0,0,0,0,0,0,0,2,0,1,2,0,1,0,2,0037e400,"INCR",3,ff,0,"Data Secure Unprivileged",0,"4 bytes",0,00000000,"FIXED",0,00,0,"Data Secure Unprivileged",0,"1 byte",0,"OKAY",2,c08d1dae,"OKAY",00000000,a,2,0,1,4,0,0,1,2,0,1,0,2,1,1,1,0,0,00000000,3,1,1,1,1,00000000,3,1,1,1,1,"No Read Addr Cmds","No Read Addr Cmds","No Write Addr Cmds","No Write Addr Cmds","No Write Responses","No Write Responses","_","_","Active","Active","_","_","Last Stream","Last Stream","No Write Data Beats","No Write Data Beats"
19,19,0,0,1,1,0,0,0,8e5ffe20afb76fe31ba56e5faf65c9d2,0,3b9a3d13b8d6963fae1d8dc05a6037b2,0,1,0,1,f3f4c36b,ffffffdb,0,1,0,0,2,00000000,"FIXED",3,00,"Data Secure Unprivileged","1 byte",0,0,00000000,"INCR",3,00,"Data Secure Unprivileged","4 bytes",0,2,58dd3d7a,"OKAY",00000000,0,2,1,0,0,0,0,0,0,0,2,0,1,3,1,1,0,2,0037e400,"INCR",3,ff,0,"Data Secure Unprivileged",0,"4 bytes",0,00000000,"FIXED",0,00,0,"Data Secure Unprivileged",0,"1 byte",0,"OKAY",2,c08d1dae,"OKAY",00000000,0,2,0,1,0,0,0,0,2,0,1,0,2,1,1,1,0,0,e3c26efb,3,f,0,0,0,00000000,3,1,0,0,1,"No Read Addr Cmds","No Read Addr Cmds","No Write Addr Cmds","No Write Addr Cmds","No Write Responses","No Write Responses","Active","_","_","_","Data Beat","_","_","_","No Write Data Beats","No Write Data Beats"
20,20,0,0,1,1,0,0,0,8e5ffe20afb76fe31ba56e5faf65c9d2,0,3b9a3d13b8d6963fae1d8dc05a6037b2,0,1,0,1,f3f4c36b,ffffffdb,0,1,0,0,2,00000000,"FIXED",3,00,"Data Secure Unprivileged","1 byte",0,0,00000000,"INCR",3,00,"Data Secure Unprivileged","4 bytes",0,2,58dd3d7a,"OKAY",00000000,0,2,1,0,0,0,0,0,0,0,2,0,1,2,0,1,0,2,0037e400,"INCR",3,ff,0,"Data Secure Unprivileged",0,"4 bytes",0,00000000,"FIXED",0,00,0,"Data Secure Unprivileged",0,"1 byte",0,"OKAY",2,c08d1dae,"OKAY",00000000,0,2,0,1,0,0,0,0,2,0,1,0,2,1,1,1,0,0,e3c26efb,3,f,1,0,0,00000000,3,1,0,0,1,"No Read Addr Cmds","No Read Addr Cmds","No Write Addr Cmds","No Write Addr Cmds","No Write Responses","No Write Responses","_","_","_","_","_","_","_","_","No Write Data Beats","No Write Data Beats"
21,21,0,0,1,1,0,0,0,8e5ffe20afb76fe31ba56e5faf65c9d2,0,3b9a3d13b8d6963fae1d8dc05a6037b2,0,1,0,1,f3f4c36b,ffffffdb,0,1,0,0,2,00000000,"FIXED",3,00,"Data Secure Unprivileged","1 byte",0,0,00000000,"INCR",3,00,"Data Secure Unprivileged","4 bytes",0,2,58dd3d7a,"OKAY",00000000,0,2,1,0,0,0,0,0,0,0,2,0,1,2,0,1,0,2,0037e400,"INCR",3,ff,0,"Data Secure Unprivileged",0,"4 bytes",0,00000000,"FIXED",0,00,0,"Data Secure Unprivileged",0,"1 byte",0,"OKAY",2,c08d1dae,"OKAY",00000000,0,2,0,1,0,0,0,0,2,0,1,0,2,1,1,1,0,0,e3c26efb,3,f,1,0,0,00000000,3,1,0,0,1,"No Read Addr Cmds","No Read Addr Cmds","No Write Addr Cmds","No Write Addr Cmds","No Write Responses","No Write Responses","_","_","_","_","_","_","_","_","No Write Data Beats","No Write Data Beats"
22,22,0,0,1,1,0,0,0,8e5ffe20afb76fe31ba56e5faf65c9d2,0,3b9a3d13b8d6963fae1d8dc05a6037b2,0,1,0,1,f3f4c36b,ffffffdb,0,1,0,0,2,00000000,"FIXED",3,00,"Data Secure Unprivileged","1 byte",0,0,00000000,"INCR",3,00,"Data Secure Unprivileged","4 bytes",0,2,58dd3d7a,"OKAY",00000000,0,2,1,0,0,0,0,0,0,0,2,0,1,2,0,1,0,2,0037e400,"INCR",3,ff,0,"Data Secure Unprivileged",0,"4 bytes",0,00000000,"FIXED",0,00,0,"Data Secure Unprivileged",0,"1 byte",0,"OKAY",2,c08d1dae,"OKAY",00000000,0,2,0,1,0,0,0,0,2,0,1,0,2,1,1,1,0,0,e3c26efb,3,f,1,1,0,8dacf0e6,3,f,1,1,0,"No Read Addr Cmds","No Read Addr Cmds","No Write Addr Cmds","No Write Addr Cmds","No Write Responses","No Write Responses","_","_","Active","Active","_","_","Stream Beat","Stream Beat","No Write Data Beats","No Write Data Beats"
23,23,0,0,1,1,0,0,0,8e5ffe20afb76fe31ba56e5faf65c9d2,0,3b9a3d13b8d6963fae1d8dc05a6037b2,0,1,0,0,f3f4c36b,ffffffdb,0,1,0,0,2,00000000,"FIXED",3,00,"Data Secure Unprivileged","1 byte",0,0,00000000,"INCR",3,00,"Data Secure Unprivileged","4 bytes",0,2,58dd3d7a,"SLVERR",00000000,0,2,1,0,0,0,0,0,0,0,2,0,1,6,0,1,1,2,0037e400,"INCR",3,ff,0,"Data Secure Unprivileged",0,"4 bytes",0,00000000,"FIXED",0,00,0,"Data Secure Unprivileged",0,"1 byte",0,"OKAY",2,c08d1dae,"OKAY",00000000,6,2,0,1,0,0,0,0,2,0,1,0,2,1,1,3,1,0,00000000,3,1,1,0,1,8dacf0e6,3,f,0,0,0,"No Read Addr Cmds","No Read Addr Cmds","No Write Addr Cmds","No Write Addr Cmds","No Write Responses","No Write Responses","_","Active","_","_","_","Data Beat","_","_","No Write Data Beats","No Write Data Beats"
24,24,0,0,1,1,0,0,0,8e5ffe20afb76fe31ba56e5faf65c9d2,0,3b9a3d13b8d6963fae1d8dc05a6037b2,0,1,0,1,1abbbc5e,ffffffdb,0,1,0,0,2,00000000,"FIXED",3,00,"Data Secure Unprivileged","1 byte",0,0,00000000,"INCR",3,00,"Data Secure Unprivileged","4 bytes",0,2,8dacf0e6,"SLVERR",00000000,0,2,1,0,0,0,0,0,0,0,2,0,1,6,0,1,1,2,0037e400,"INCR",3,ff,0,"Data Secure Unprivileged",0,"4 bytes",0,00000000,"FIXED",0,00,0,"Data Secure Unprivileged",0,"1 byte",0,"OKAY",2,b237605a,"OKAY",00000000,6,2,0,1,0,0,0,0,2,0,1,0,2,1,1,1,0,0,00000000,3,1,1,0,1,8dacf0e6,3,f,0,0,0,"No Read Addr Cmds","No Read Addr Cmds","No Write Addr Cmds","No Write Addr Cmds","No Write Responses","No Write Responses","_","_","_","_","_","_","_","_","No Write Data Beats","No Write Data Beats"
25,25,0,0,1,1,0,0,0,8e5ffe20afb76fe31ba56e5faf65c9d2,0,3b9a3d13b8d6963fae1d8dc05a6037b2,0,1,0,1,1abbbc5e,ffffffdb,0,1,0,0,2,00000000,"FIXED",3,00,"Data Secure Unprivileged","1 byte",0,0,00000000,"INCR",3,00,"Data Secure Unprivileged","4 bytes",0,2,8dacf0e6,"SLVERR",00000000,0,2,1,0,0,0,0,0,0,0,2,0,1,6,0,1,1,2,0037e400,"INCR",3,ff,0,"Data Secure Unprivileged",0,"4 bytes",0,00000000,"FIXED",0,00,0,"Data Secure Unprivileged",0,"1 byte",0,"OKAY",2,b237605a,"OKAY",00000000,6,2,0,1,0,0,0,0,2,0,1,0,2,1,1,1,0,0,00000000,3,1,1,0,1,8dacf0e6,3,f,0,0,0,"No Read Addr Cmds","No Read Addr Cmds","No Write Addr Cmds","No Write Addr Cmds","No Write Responses","No Write Responses","_","_","_","_","_","_","_","_","No Write Data Beats","No Write Data Beats"
26,26,0,0,1,1,0,0,0,8e5ffe20afb76fe31ba56e5faf65c9d2,0,3b9a3d13b8d6963fae1d8dc05a6037b2,0,1,0,1,1abbbc5e,ffffffdb,0,1,0,0,2,00000000,"FIXED",3,00,"Data Secure Unprivileged","1 byte",0,0,00000000,"INCR",3,00,"Data Secure Unprivileged","4 bytes",0,2,8dacf0e6,"SLVERR",00000000,0,2,1,0,0,0,0,0,0,0,2,0,1,6,0,1,1,2,0037e400,"INCR",3,ff,0,"Data Secure Unprivileged",0,"4 bytes",0,00000000,"FIXED",0,00,0,"Data Secure Unprivileged",0,"1 byte",0,"OKAY",2,b237605a,"OKAY",00000000,6,2,0,1,0,0,0,0,2,0,1,0,2,1,1,1,0,0,00000000,3,1,1,1,1,00000000,3,1,1,1,1,"No Read Addr Cmds","No Read Addr Cmds","No Write Addr Cmds","No Write Addr Cmds","No Write Responses","No Write Responses","_","_","Active","Active","_","_","Last Stream","Last Stream","No Write Data Beats","No Write Data Beats"
27,27,0,0,1,1,0,0,0,8e5ffe20afb76fe31ba56e5faf65c9d2,0,3b9a3d13b8d6963fae1d8dc05a6037b2,0,1,0,1,1abbbc5e,ffffffdb,0,1,0,0,2,00000000,"FIXED",3,00,"Data Secure Unprivileged","1 byte",0,0,00000000,"INCR",3,00,"Data Secure Unprivileged","4 bytes",0,2,8dacf0e6,"OKAY",00000000,0,2,1,0,0,0,0,0,0,0,2,0,1,3,1,1,0,2,0037e400,"INCR",3,ff,0,"Data Secure Unprivileged",0,"4 bytes",0,00000000,"FIXED",0,00,0,"Data Secure Unprivileged",0,"1 byte",0,"OKAY",2,b237605a,"OKAY",00000000,0,2,0,1,0,0,0,0,2,0,1,0,2,1,1,1,0,0,c08d1dae,3,f,0,0,0,00000000,3,1,0,0,1,"No Read Addr Cmds","No Read Addr Cmds","No Write Addr Cmds","No Write Addr Cmds","No Write Responses","No Write Responses","Active","_","_","_","Data Beat","_","_","_","No Write Data Beats","No Write Data Beats"
28,28,0,0,1,1,0,0,0,8e5ffe20afb76fe31ba56e5faf65c9d2,0,3b9a3d13b8d6963fae1d8dc05a6037b2,0,1,0,1,1abbbc5e,ffffffdb,0,1,0,0,2,00000000,"FIXED",3,00,"Data Secure Unprivileged","1 byte",0,0,00000000,"INCR",3,00,"Data Secure Unprivileged","4 bytes",0,2,8dacf0e6,"OKAY",00000000,0,2,1,0,0,0,0,0,0,0,2,0,1,2,0,1,0,2,0037e400,"INCR",3,ff,0,"Data Secure Unprivileged",0,"4 bytes",0,00000000,"FIXED",0,00,0,"Data Secure Unprivileged",0,"1 byte",0,"OKAY",2,b237605a,"OKAY",00000000,0,2,0,1,0,0,0,0,2,0,1,0,2,1,1,1,0,0,c08d1dae,3,f,1,0,0,00000000,3,1,0,0,1,"No Read Addr Cmds","No Read Addr Cmds","No Write Addr Cmds","No Write Addr Cmds","No Write Responses","No Write Responses","_","_","_","_","_","_","_","_","No Write Data Beats","No Write Data Beats"
29,29,0,0,1,1,0,0,0,8e5ffe20afb76fe31ba56e5faf65c9d2,0,3b9a3d13b8d6963fae1d8dc05a6037b2,0,1,0,1,1abbbc5e,ffffffdb,0,1,0,0,2,00000000,"FIXED",3,00,"Data Secure Unprivileged","1 byte",0,0,00000000,"INCR",3,00,"Data Secure Unprivileged","4 bytes",0,2,8dacf0e6,"OKAY",00000000,0,2,1,0,0,0,0,0,0,0,2,0,1,2,0,1,0,2,0037e400,"INCR",3,ff,0,"Data Secure Unprivileged",0,"4 bytes",0,00000000,"FIXED",0,00,0,"Data Secure Unprivileged",0,"1 byte",0,"OKAY",2,b237605a,"OKAY",00000000,0,2,0,1,0,0,0,0,2,0,1,0,2,1,1,1,0,0,c08d1dae,3,f,1,0,0,00000000,3,1,0,0,1,"No Read Addr Cmds","No Read Addr Cmds","No Write Addr Cmds","No Write Addr Cmds","No Write Responses","No Write Responses","_","_","_","_","_","_","_","_","No Write Data Beats","No Write Data Beats"
30,30,0,0,1,1,0,0,0,8e5ffe20afb76fe31ba56e5faf65c9d2,0,3b9a3d13b8d6963fae1d8dc05a6037b2,0,1,0,1,1abbbc5e,ffffffdb,0,1,0,0,2,00000000,"FIXED",3,00,"Data Secure Unprivileged","1 byte",0,0,00000000,"INCR",3,00,"Data Secure Unprivileged","4 bytes",0,2,8dacf0e6,"OKAY",00000000,0,2,1,0,0,0,0,0,0,0,2,0,1,2,0,1,0,2,0037e400,"INCR",3,ff,0,"Data Secure Unprivileged",0,"4 bytes",0,00000000,"FIXED",0,00,0,"Data Secure Unprivileged",0,"1 byte",0,"OKAY",2,b237605a,"OKAY",00000000,0,2,0,1,0,0,0,0,2,0,1,0,2,1,1,1,0,0,c08d1dae,3,f,1,1,0,c08d1dae,3,f,1,1,0,"No Read Addr Cmds","No Read Addr Cmds","No Write Addr Cmds","No Write Addr Cmds","No Write Responses","No Write Responses","_","_","Active","Active","_","_","Stream Beat","Stream Beat","No Write Data Beats","No Write Data Beats"
31,31,0,0,1,1,0,0,0,8e5ffe20afb76fe31ba56e5faf65c9d2,0,3b9a3d13b8d6963fae1d8dc05a6037b2,0,1,0,0,1abbbc5e,ffffffdb,0,1,0,0,2,00000000,"FIXED",3,00,"Data Secure Unprivileged","1 byte",0,0,00000000,"INCR",3,00,"Data Secure Unprivileged","4 bytes",0,2,8dacf0e6,"SLVERR",00000000,0,2,1,0,0,0,0,0,0,0,2,0,1,6,0,1,1,2,0037e400,"INCR",3,ff,0,"Data Secure Unprivileged",0,"4 bytes",0,00000000,"FIXED",0,00,0,"Data Secure Unprivileged",0,"1 byte",0,"OKAY",2,b237605a,"OKAY",00000000,e,2,0,1,0,0,0,0,2,0,1,0,2,1,1,3,1,0,00000000,3,1,1,0,1,c08d1dae,3,f,0,0,0,"No Read Addr Cmds","No Read Addr Cmds","No Write Addr Cmds","No Write Addr Cmds","No Write Responses","No Write Responses","_","Active","_","_","_","Data Beat","_","_","No Write Data Beats","No Write Data Beats"
32,32,0,0,1,1,0,0,0,8e5ffe20afb76fe31ba56e5faf65c9d2,0,3b9a3d13b8d6963fae1d8dc05a6037b2,0,1,0,1,b1350f67,ffffffdb,0,1,0,0,2,00000000,"FIXED",3,00,"Data Secure Unprivileged","1 byte",0,0,00000000,"INCR",3,00,"Data Secure Unprivileged","4 bytes",0,2,c08d1dae,"SLVERR",00000000,0,2,1,0,0,0,0,0,0,0,2,0,1,6,0,1,1,2,0037e400,"INCR",3,ff,0,"Data Secure Unprivileged",0,"4 bytes",0,00000000,"FIXED",0,00,0,"Data Secure Unprivileged",0,"1 byte",0,"OKAY",2,133d9a3b,"OKAY",00000000,e,2,0,1,0,0,0,0,2,0,1,0,2,1,1,1,0,0,00000000,3,1,1,0,1,c08d1dae,3,f,0,0,0,"No Read Addr Cmds","No Read Addr Cmds","No Write Addr Cmds","No Write Addr Cmds","No Write Responses","No Write Responses","_","_","_","_","_","_","_","_","No Write Data Beats","No Write Data Beats"
33,33,0,0,1,1,0,0,0,8e5ffe20afb76fe31ba56e5faf65c9d2,0,3b9a3d13b8d6963fae1d8dc05a6037b2,0,1,0,1,b1350f67,ffffffdb,0,1,0,0,2,00000000,"FIXED",3,00,"Data Secure Unprivileged","1 byte",0,0,00000000,"INCR",3,00,"Data Secure Unprivileged","4 bytes",0,2,c08d1dae,"SLVERR",00000000,0,2,1,0,0,0,0,0,0,0,2,0,1,6,0,1,1,2,0037e400,"INCR",3,ff,0,"Data Secure Unprivileged",0,"4 bytes",0,00000000,"FIXED",0,00,0,"Data Secure Unprivileged",0,"1 byte",0,"OKAY",2,133d9a3b,"OKAY",00000000,e,2,0,1,0,0,0,0,2,0,1,0,2,1,1,1,0,0,00000000,3,1,1,0,1,c08d1dae,3,f,0,0,0,"No Read Addr Cmds","No Read Addr Cmds","No Write Addr Cmds","No Write Addr Cmds","No Write Responses","No Write Responses","_","_","_","_","_","_","_","_","No Write Data Beats","No Write Data Beats"
34,34,0,0,1,1,0,0,0,8e5ffe20afb76fe31ba56e5faf65c9d2,0,3b9a3d13b8d6963fae1d8dc05a6037b2,0,1,0,1,b1350f67,ffffffdb,0,1,0,0,2,00000000,"FIXED",3,00,"Data Secure Unprivileged","1 byte",0,0,00000000,"INCR",3,00,"Data Secure Unprivileged","4 bytes",0,2,c08d1dae,"SLVERR",00000000,0,2,1,0,0,0,0,0,0,0,2,0,1,6,0,1,1,2,0037e400,"INCR",3,ff,0,"Data Secure Unprivileged",0,"4 bytes",0,00000000,"FIXED",0,00,0,"Data Secure Unprivileged",0,"1 byte",0,"OKAY",2,133d9a3b,"OKAY",00000000,e,2,0,1,0,0,0,0,2,0,1,0,2,1,1,1,0,0,00000000,3,1,1,1,1,00000000,3,1,1,1,1,"No Read Addr Cmds","No Read Addr Cmds","No Write Addr Cmds","No Write Addr Cmds","No Write Responses","No Write Responses","_","_","Active","Active","_","_","Last Stream","Last Stream","No Write Data Beats","No Write Data Beats"
35,35,0,0,1,1,0,0,0,8e5ffe20afb76fe31ba56e5faf65c9d2,0,3b9a3d13b8d6963fae1d8dc05a6037b2,0,1,0,1,b1350f67,ffffffdb,0,1,0,0,2,00000000,"FIXED",3,00,"Data Secure Unprivileged","1 byte",0,0,00000000,"INCR",3,00,"Data Secure Unprivileged","4 bytes",0,2,c08d1dae,"OKAY",00000000,0,2,1,0,0,0,0,0,0,0,2,0,1,3,1,1,0,2,0037e400,"INCR",3,ff,0,"Data Secure Unprivileged",0,"4 bytes",0,00000000,"FIXED",0,00,0,"Data Secure Unprivileged",0,"1 byte",0,"OKAY",2,133d9a3b,"OKAY",00000000,0,2,0,1,0,0,0,0,2,0,1,0,2,1,1,1,0,0,b237605a,3,f,0,0,0,00000000,3,1,0,0,1,"No Read Addr Cmds","No Read Addr Cmds","No Write Addr Cmds","No Write Addr Cmds","No Write Responses","No Write Responses","Active","_","_","_","Data Beat","_","_","_","No Write Data Beats","No Write Data Beats"
36,36,0,0,1,1,0,0,0,8e5ffe20afb76fe31ba56e5faf65c9d2,0,3b9a3d13b8d6963fae1d8dc05a6037b2,0,1,0,1,b1350f67,ffffffdb,0,1,0,0,2,00000000,"FIXED",3,00,"Data Secure Unprivileged","1 byte",0,0,00000000,"INCR",3,00,"Data Secure Unprivileged","4 bytes",0,2,c08d1dae,"OKAY",00000000,0,2,1,0,0,0,0,0,0,0,2,0,1,2,0,1,0,2,0037e400,"INCR",3,ff,0,"Data Secure Unprivileged",0,"4 bytes",0,00000000,"FIXED",0,00,0,"Data Secure Unprivileged",0,"1 byte",0,"OKAY",2,133d9a3b,"OKAY",00000000,0,2,0,1,0,0,0,0,2,0,1,0,2,1,1,1,0,0,b237605a,3,f,1,0,0,00000000,3,1,0,0,1,"No Read Addr Cmds","No Read Addr Cmds","No Write Addr Cmds","No Write Addr Cmds","No Write Responses","No Write Responses","_","_","_","_","_","_","_","_","No Write Data Beats","No Write Data Beats"
37,37,0,0,1,1,0,0,0,8e5ffe20afb76fe31ba56e5faf65c9d2,0,3b9a3d13b8d6963fae1d8dc05a6037b2,0,1,0,1,b1350f67,ffffffdb,0,1,0,0,2,00000000,"FIXED",3,00,"Data Secure Unprivileged","1 byte",0,0,00000000,"INCR",3,00,"Data Secure Unprivileged","4 bytes",0,2,c08d1dae,"OKAY",00000000,0,2,1,0,0,0,0,0,0,0,2,0,1,2,0,1,0,2,0037e400,"INCR",3,ff,0,"Data Secure Unprivileged",0,"4 bytes",0,00000000,"FIXED",0,00,0,"Data Secure Unprivileged",0,"1 byte",0,"OKAY",2,133d9a3b,"OKAY",00000000,0,2,0,1,0,0,0,0,2,0,1,0,2,1,1,1,0,0,b237605a,3,f,1,0,0,00000000,3,1,0,0,1,"No Read Addr Cmds","No Read Addr Cmds","No Write Addr Cmds","No Write Addr Cmds","No Write Responses","No Write Responses","_","_","_","_","_","_","_","_","No Write Data Beats","No Write Data Beats"
38,38,0,0,1,1,0,0,0,8e5ffe20afb76fe31ba56e5faf65c9d2,0,3b9a3d13b8d6963fae1d8dc05a6037b2,0,1,0,1,b1350f67,ffffffdb,0,1,0,0,2,00000000,"FIXED",3,00,"Data Secure Unprivileged","1 byte",0,0,00000000,"INCR",3,00,"Data Secure Unprivileged","4 bytes",0,2,c08d1dae,"OKAY",00000000,0,2,1,0,0,0,0,0,0,0,2,0,1,2,0,1,0,2,0037e400,"INCR",3,ff,0,"Data Secure Unprivileged",0,"4 bytes",0,00000000,"FIXED",0,00,0,"Data Secure Unprivileged",0,"1 byte",0,"OKAY",2,133d9a3b,"OKAY",00000000,0,2,0,1,0,0,0,0,2,0,1,0,2,1,1,1,0,0,b237605a,3,f,1,1,0,b237605a,3,f,1,1,0,"No Read Addr Cmds","No Read Addr Cmds","No Write Addr Cmds","No Write Addr Cmds","No Write Responses","No Write Responses","_","_","Active","Active","_","_","Stream Beat","Stream Beat","No Write Data Beats","No Write Data Beats"
39,39,0,0,1,1,0,0,0,8e5ffe20afb76fe31ba56e5faf65c9d2,0,3b9a3d13b8d6963fae1d8dc05a6037b2,0,1,0,0,b1350f67,ffffffdb,0,1,0,0,2,00000000,"FIXED",3,00,"Data Secure Unprivileged","1 byte",0,0,00000000,"INCR",3,00,"Data Secure Unprivileged","4 bytes",0,2,c08d1dae,"SLVERR",00000000,0,2,1,0,0,0,0,0,0,0,2,0,1,2,0,1,0,2,0037e400,"INCR",3,ff,0,"Data Secure Unprivileged",0,"4 bytes",0,00000000,"FIXED",0,00,0,"Data Secure Unprivileged",0,"1 byte",0,"OKAY",2,133d9a3b,"OKAY",00000000,a,2,0,1,4,0,0,1,2,0,1,0,2,1,1,3,1,0,00000000,3,1,1,0,1,b237605a,3,f,0,0,0,"No Read Addr Cmds","No Read Addr Cmds","No Write Addr Cmds","No Write Addr Cmds","No Write Responses","No Write Responses","_","Active","_","_","_","Data Beat","_","_","No Write Data Beats","No Write Data Beats"
40,40,0,0,1,1,0,0,0,8e5ffe20afb76fe31ba56e5faf65c9d2,0,3b9a3d13b8d6963fae1d8dc05a6037b2,0,1,0,1,03b1b875,ffffffdb,0,1,0,0,2,00000000,"FIXED",3,00,"Data Secure Unprivileged","1 byte",0,0,00000000,"INCR",3,00,"Data Secure Unprivileged","4 bytes",0,2,b237605a,"SLVERR",00000000,0,2,1,0,0,0,0,0,0,0,2,0,1,2,0,1,0,2,0037e400,"INCR",3,ff,0,"Data Secure Unprivileged",0,"4 bytes",0,00000000,"FIXED",0,00,0,"Data Secure Unprivileged",0,"1 byte",0,"OKAY",2,3f96d6b8,"OKAY",00000000,a,2,0,1,4,0,0,1,2,0,1,0,2,1,1,1,0,0,00000000,3,1,1,0,1,b237605a,3,f,0,0,0,"No Read Addr Cmds","No Read Addr Cmds","No Write Addr Cmds","No Write Addr Cmds","No Write Responses","No Write Responses","_","_","_","_","_","_","_","_","No Write Data Beats","No Write Data Beats"
41,41,0,0,1,1,0,0,0,8e5ffe20afb76fe31ba56e5faf65c9d2,0,3b9a3d13b8d6963fae1d8dc05a6037b2,0,1,0,1,03b1b875,ffffffdb,0,1,0,0,2,00000000,"FIXED",3,00,"Data Secure Unprivileged","1 byte",0,0,00000000,"INCR",3,00,"Data Secure Unprivileged","4 bytes",0,2,b237605a,"SLVERR",00000000,0,2,1,0,0,0,0,0,0,0,2,0,1,2,0,1,0,2,0037e400,"INCR",3,ff,0,"Data Secure Unprivileged",0,"4 bytes",0,00000000,"FIXED",0,00,0,"Data Secure Unprivileged",0,"1 byte",0,"OKAY",2,3f96d6b8,"OKAY",00000000,a,2,0,1,4,0,0,1,2,0,1,0,2,1,1,1,0,0,00000000,3,1,1,0,1,b237605a,3,f,0,0,0,"No Read Addr Cmds","No Read Addr Cmds","No Write Addr Cmds","No Write Addr Cmds","No Write Responses","No Write Responses","_","_","_","_","_","_","_","_","No Write Data Beats","No Write Data Beats"
42,42,0,0,1,1,0,0,0,8e5ffe20afb76fe31ba56e5faf65c9d2,0,3b9a3d13b8d6963fae1d8dc05a6037b2,0,1,0,1,03b1b875,ffffffdb,0,1,0,0,2,00000000,"FIXED",3,00,"Data Secure Unprivileged","1 byte",0,0,00000000,"INCR",3,00,"Data Secure Unprivileged","4 bytes",0,2,b237605a,"SLVERR",00000000,0,2,1,0,0,0,0,0,0,0,2,0,1,2,0,1,0,2,0037e400,"INCR",3,ff,0,"Data Secure Unprivileged",0,"4 bytes",0,00000000,"FIXED",0,00,0,"Data Secure Unprivileged",0,"1 byte",0,"OKAY",2,3f96d6b8,"OKAY",00000000,a,2,0,1,4,0,0,1,2,0,1,0,2,1,1,1,0,0,00000000,3,1,1,1,1,00000000,3,1,1,1,1,"No Read Addr Cmds","No Read Addr Cmds","No Write Addr Cmds","No Write Addr Cmds","No Write Responses","No Write Responses","_","_","Active","Active","_","_","Last Stream","Last Stream","No Write Data Beats","No Write Data Beats"
43,43,0,0,1,1,0,0,0,8e5ffe20afb76fe31ba56e5faf65c9d2,0,3b9a3d13b8d6963fae1d8dc05a6037b2,0,1,0,1,03b1b875,ffffffdb,0,1,0,0,2,00000000,"FIXED",3,00,"Data Secure Unprivileged","1 byte",0,0,00000000,"INCR",3,00,"Data Secure Unprivileged","4 bytes",0,2,b237605a,"OKAY",00000000,0,2,1,0,0,0,0,0,0,0,2,0,1,3,1,1,0,2,0037e400,"INCR",3,ff,0,"Data Secure Unprivileged",0,"4 bytes",0,00000000,"FIXED",0,00,0,"Data Secure Unprivileged",0,"1 byte",0,"OKAY",2,3f96d6b8,"OKAY",00000000,0,2,0,1,0,0,0,0,2,0,1,0,2,1,1,1,0,0,133d9a3b,3,f,0,0,0,00000000,3,1,0,0,1,"No Read Addr Cmds","No Read Addr Cmds","No Write Addr Cmds","No Write Addr Cmds","No Write Responses","No Write Responses","Active","_","_","_","Data Beat","_","_","_","No Write Data Beats","No Write Data Beats"
44,44,0,0,1,1,0,0,0,8e5ffe20afb76fe31ba56e5faf65c9d2,0,3b9a3d13b8d6963fae1d8dc05a6037b2,0,1,0,1,03b1b875,ffffffdb,0,1,0,0,2,00000000,"FIXED",3,00,"Data Secure Unprivileged","1 byte",0,0,00000000,"INCR",3,00,"Data Secure Unprivileged","4 bytes",0,2,b237605a,"OKAY",00000000,0,2,1,0,0,0,0,0,0,0,2,0,1,2,0,1,0,2,0037e400,"INCR",3,ff,0,"Data Secure Unprivileged",0,"4 bytes",0,00000000,"FIXED",0,00,0,"Data Secure Unprivileged",0,"1 byte",0,"OKAY",2,3f96d6b8,"OKAY",00000000,0,2,0,1,0,0,0,0,2,0,1,0,2,1,1,1,0,0,133d9a3b,3,f,1,0,0,00000000,3,1,0,0,1,"No Read Addr Cmds","No Read Addr Cmds","No Write Addr Cmds","No Write Addr Cmds","No Write Responses","No Write Responses","_","_","_","_","_","_","_","_","No Write Data Beats","No Write Data Beats"
45,45,0,0,1,1,0,0,0,8e5ffe20afb76fe31ba56e5faf65c9d2,0,3b9a3d13b8d6963fae1d8dc05a6037b2,0,1,0,1,03b1b875,ffffffdb,0,1,0,0,2,00000000,"FIXED",3,00,"Data Secure Unprivileged","1 byte",0,0,00000000,"INCR",3,00,"Data Secure Unprivileged","4 bytes",0,2,b237605a,"OKAY",00000000,0,2,1,0,0,0,0,0,0,0,2,0,1,2,0,1,0,2,0037e400,"INCR",3,ff,0,"Data Secure Unprivileged",0,"4 bytes",0,00000000,"FIXED",0,00,0,"Data Secure Unprivileged",0,"1 byte",0,"OKAY",2,3f96d6b8,"OKAY",00000000,0,2,0,1,0,0,0,0,2,0,1,0,2,1,1,1,0,0,133d9a3b,3,f,1,0,0,00000000,3,1,0,0,1,"No Read Addr Cmds","No Read Addr Cmds","No Write Addr Cmds","No Write Addr Cmds","No Write Responses","No Write Responses","_","_","_","_","_","_","_","_","No Write Data Beats","No Write Data Beats"
46,46,0,0,1,1,0,0,0,8e5ffe20afb76fe31ba56e5faf65c9d2,0,3b9a3d13b8d6963fae1d8dc05a6037b2,0,1,0,1,03b1b875,ffffffdb,0,1,0,0,2,00000000,"FIXED",3,00,"Data Secure Unprivileged","1 byte",0,0,00000000,"INCR",3,00,"Data Secure Unprivileged","4 bytes",0,2,b237605a,"OKAY",00000000,0,2,1,0,0,0,0,0,0,0,2,0,1,2,0,1,0,2,0037e400,"INCR",3,ff,0,"Data Secure Unprivileged",0,"4 bytes",0,00000000,"FIXED",0,00,0,"Data Secure Unprivileged",0,"1 byte",0,"OKAY",2,3f96d6b8,"OKAY",00000000,0,2,0,1,0,0,0,0,2,0,1,0,2,1,1,1,0,0,133d9a3b,3,f,1,1,0,133d9a3b,3,f,1,1,0,"No Read Addr Cmds","No Read Addr Cmds","No Write Addr Cmds","No Write Addr Cmds","No Write Responses","No Write Responses","_","_","Active","Active","_","_","Stream Beat","Stream Beat","No Write Data Beats","No Write Data Beats"
47,47,0,0,1,1,0,0,0,8e5ffe20afb76fe31ba56e5faf65c9d2,0,3b9a3d13b8d6963fae1d8dc05a6037b2,0,1,0,0,03b1b875,ffffffdb,0,1,0,0,2,00000000,"FIXED",3,00,"Data Secure Unprivileged","1 byte",0,0,00000000,"INCR",3,00,"Data Secure Unprivileged","4 bytes",0,2,b237605a,"DECERR",00000000,0,2,1,0,0,0,0,0,0,0,2,0,1,2,0,1,0,2,0037e400,"INCR",3,ff,0,"Data Secure Unprivileged",0,"4 bytes",0,00000000,"FIXED",0,00,0,"Data Secure Unprivileged",0,"1 byte",0,"OKAY",2,3f96d6b8,"OKAY",00000000,b,2,0,1,4,0,0,1,2,0,1,0,2,1,1,3,1,0,00000000,3,1,1,0,1,133d9a3b,3,f,0,0,0,"No Read Addr Cmds","No Read Addr Cmds","No Write Addr Cmds","No Write Addr Cmds","No Write Responses","No Write Responses","_","Active","_","_","_","Data Beat","_","_","No Write Data Beats","No Write Data Beats"
48,48,0,0,1,1,0,0,0,8e5ffe20afb76fe31ba56e5faf65c9d2,0,3b9a3d13b8d6963fae1d8dc05a6037b2,0,1,0,1,4dec065a,ffffffdb,0,1,0,0,2,00000000,"FIXED",3,00,"Data Secure Unprivileged","1 byte",0,0,00000000,"INCR",3,00,"Data Secure Unprivileged","4 bytes",0,2,133d9a3b,"DECERR",00000000,0,2,1,0,0,0,0,0,0,0,2,0,1,2,0,1,0,2,0037e400,"INCR",3,ff,0,"Data Secure Unprivileged",0,"4 bytes",0,00000000,"FIXED",0,00,0,"Data Secure Unprivileged",0,"1 byte",0,"OKAY",2,7a46913c,"OKAY",00000000,b,2,0,1,4,0,0,1,2,0,1,0,2,1,1,1,0,0,00000000,3,1,1,0,1,133d9a3b,3,f,0,0,0,"No Read Addr Cmds","No Read Addr Cmds","No Write Addr Cmds","No Write Addr Cmds","No Write Responses","No Write Responses","_","_","_","_","_","_","_","_","No Write Data Beats","No Write Data Beats"
49,49,0,0,1,1,0,0,0,8e5ffe20afb76fe31ba56e5faf65c9d2,0,3b9a3d13b8d6963fae1d8dc05a6037b2,0,1,0,1,4dec065a,ffffffdb,0,1,0,0,2,00000000,"FIXED",3,00,"Data Secure Unprivileged","1 byte",0,0,00000000,"INCR",3,00,"Data Secure Unprivileged","4 bytes",0,2,133d9a3b,"DECERR",00000000,0,2,1,0,0,0,0,0,0,0,2,0,1,2,0,1,0,2,0037e400,"INCR",3,ff,0,"Data Secure Unprivileged",0,"4 bytes",0,00000000,"FIXED",0,00,0,"Data Secure Unprivileged",0,"1 byte",0,"OKAY",2,7a46913c,"OKAY",00000000,b,2,0,1,4,0,0,1,2,0,1,0,2,1,1,1,0,0,00000000,3,1,1,0,1,133d9a3b,3,f,0,0,0,"No Read Addr Cmds","No Read Addr Cmds","No Write Addr Cmds","No Write Addr Cmds","No Write Responses","No Write Responses","_","_","_","_","_","_","_","_","No Write Data Beats","No Write Data Beats"
50,50,0,0,1,1,0,0,0,8e5ffe20afb76fe31ba56e5faf65c9d2,0,3b9a3d13b8d6963fae1d8dc05a6037b2,0,1,0,1,4dec065a,ffffffdb,0,1,0,0,2,00000000,"FIXED",3,00,"Data Secure Unprivileged","1 byte",0,0,00000000,"INCR",3,00,"Data Secure Unprivileged","4 bytes",0,2,133d9a3b,"DECERR",00000000,0,2,1,0,0,0,0,0,0,0,2,0,1,2,0,1,0,2,0037e400,"INCR",3,ff,0,"Data Secure Unprivileged",0,"4 bytes",0,00000000,"FIXED",0,00,0,"Data Secure Unprivileged",0,"1 byte",0,"OKAY",2,7a46913c,"OKAY",00000000,b,2,0,1,4,0,0,1,2,0,1,0,2,1,1,1,0,0,00000000,3,1,1,1,1,00000000,3,1,1,1,1,"No Read Addr Cmds","No Read Addr Cmds","No Write Addr Cmds","No Write Addr Cmds","No Write Responses","No Write Responses","_","_","Active","Active","_","_","Last Stream","Last Stream","No Write Data Beats","No Write Data Beats"
51,51,0,0,1,1,0,0,0,8e5ffe20afb76fe31ba56e5faf65c9d2,0,3b9a3d13b8d6963fae1d8dc05a6037b2,0,1,0,1,4dec065a,ffffffdb,0,1,0,0,2,00000000,"FIXED",3,00,"Data Secure Unprivileged","1 byte",0,0,00000000,"INCR",3,00,"Data Secure Unprivileged","4 bytes",0,2,133d9a3b,"OKAY",00000000,0,2,1,0,0,0,0,0,0,0,2,0,1,3,1,1,0,2,0037e400,"INCR",3,ff,0,"Data Secure Unprivileged",0,"4 bytes",0,00000000,"FIXED",0,00,0,"Data Secure Unprivileged",0,"1 byte",0,"OKAY",2,7a46913c,"OKAY",00000000,0,2,0,1,0,0,0,0,2,0,1,0,2,1,1,1,0,0,3f96d6b8,3,f,0,0,0,00000000,3,1,0,0,1,"No Read Addr Cmds","No Read Addr Cmds","No Write Addr Cmds","No Write Addr Cmds","No Write Responses","No Write Responses","Active","_","_","_","Data Beat","_","_","_","No Write Data Beats","No Write Data Beats"
52,52,0,0,1,1,0,0,0,8e5ffe20afb76fe31ba56e5faf65c9d2,0,3b9a3d13b8d6963fae1d8dc05a6037b2,0,1,0,1,4dec065a,ffffffdb,0,1,0,0,2,00000000,"FIXED",3,00,"Data Secure Unprivileged","1 byte",0,0,00000000,"INCR",3,00,"Data Secure Unprivileged","4 bytes",0,2,133d9a3b,"OKAY",00000000,0,2,1,0,0,0,0,0,0,0,2,0,1,2,0,1,0,2,0037e400,"INCR",3,ff,0,"Data Secure Unprivileged",0,"4 bytes",0,00000000,"FIXED",0,00,0,"Data Secure Unprivileged",0,"1 byte",0,"OKAY",2,7a46913c,"OKAY",00000000,0,2,0,1,0,0,0,0,2,0,1,0,2,1,1,1,0,0,3f96d6b8,3,f,1,0,0,00000000,3,1,0,0,1,"No Read Addr Cmds","No Read Addr Cmds","No Write Addr Cmds","No Write Addr Cmds","No Write Responses","No Write Responses","_","_","_","_","_","_","_","_","No Write Data Beats","No Write Data Beats"
53,53,0,0,1,1,0,0,0,8e5ffe20afb76fe31ba56e5faf65c9d2,0,3b9a3d13b8d6963fae1d8dc05a6037b2,0,1,0,1,4dec065a,ffffffdb,0,1,0,0,2,00000000,"FIXED",3,00,"Data Secure Unprivileged","1 byte",0,0,00000000,"INCR",3,00,"Data Secure Unprivileged","4 bytes",0,2,133d9a3b,"OKAY",00000000,0,2,1,0,0,0,0,0,0,0,2,0,1,2,0,1,0,2,0037e400,"INCR",3,ff,0,"Data Secure Unprivileged",0,"4 bytes",0,00000000,"FIXED",0,00,0,"Data Secure Unprivileged",0,"1 byte",0,"OKAY",2,7a46913c,"OKAY",00000000,0,2,0,1,0,0,0,0,2,0,1,0,2,1,1,1,0,0,3f96d6b8,3,f,1,0,0,00000000,3,1,0,0,1,"No Read Addr Cmds","No Read Addr Cmds","No Write Addr Cmds","No Write Addr Cmds","No Write Responses","No Write Responses","_","_","_","_","_","_","_","_","No Write Data Beats","No Write Data Beats"
54,54,0,0,1,1,0,0,0,8e5ffe20afb76fe31ba56e5faf65c9d2,0,3b9a3d13b8d6963fae1d8dc05a6037b2,0,1,0,1,4dec065a,ffffffdb,0,1,0,0,2,00000000,"FIXED",3,00,"Data Secure Unprivileged","1 byte",0,0,00000000,"INCR",3,00,"Data Secure Unprivileged","4 bytes",0,2,133d9a3b,"OKAY",00000000,0,2,1,0,0,0,0,0,0,0,2,0,1,2,0,1,0,2,0037e400,"INCR",3,ff,0,"Data Secure Unprivileged",0,"4 bytes",0,00000000,"FIXED",0,00,0,"Data Secure Unprivileged",0,"1 byte",0,"OKAY",2,7a46913c,"OKAY",00000000,0,2,0,1,0,0,0,0,2,0,1,0,2,1,1,1,0,0,3f96d6b8,3,f,1,1,0,3f96d6b8,3,f,1,1,0,"No Read Addr Cmds","No Read Addr Cmds","No Write Addr Cmds","No Write Addr Cmds","No Write Responses","No Write Responses","_","_","Active","Active","_","_","Stream Beat","Stream Beat","No Write Data Beats","No Write Data Beats"
55,55,0,0,1,1,0,0,0,8e5ffe20afb76fe31ba56e5faf65c9d2,0,3b9a3d13b8d6963fae1d8dc05a6037b2,0,1,0,0,4dec065a,ffffffdb,0,1,0,0,2,00000000,"FIXED",3,00,"Data Secure Unprivileged","1 byte",0,0,00000000,"INCR",3,00,"Data Secure Unprivileged","4 bytes",0,2,133d9a3b,"OKAY",00000000,0,2,1,0,0,0,0,0,0,0,2,0,1,2,0,1,0,2,0037e400,"INCR",3,ff,0,"Data Secure Unprivileged",0,"4 bytes",0,00000000,"FIXED",0,00,0,"Data Secure Unprivileged",0,"1 byte",0,"OKAY",2,7a46913c,"OKAY",00000000,8,2,0,1,4,0,0,1,2,0,1,0,2,1,1,3,1,0,00000000,3,1,1,0,1,3f96d6b8,3,f,0,0,0,"No Read Addr Cmds","No Read Addr Cmds","No Write Addr Cmds","No Write Addr Cmds","No Write Responses","No Write Responses","_","Active","_","_","_","Data Beat","_","_","No Write Data Beats","No Write Data Beats"
56,56,0,0,1,1,0,0,0,8e5ffe20afb76fe31ba56e5faf65c9d2,0,3b9a3d13b8d6963fae1d8dc05a6037b2,0,1,0,1,c8bc59dc,ffffffdb,0,1,0,0,2,00000000,"FIXED",3,00,"Data Secure Unprivileged","1 byte",0,0,00000000,"INCR",3,00,"Data Secure Unprivileged","4 bytes",0,2,3f96d6b8,"OKAY",00000000,0,2,1,0,0,0,0,0,0,0,2,0,1,2,0,1,0,2,0037e400,"INCR",3,ff,0,"Data Secure Unprivileged",0,"4 bytes",0,00000000,"FIXED",0,00,0,"Data Secure Unprivileged",0,"1 byte",0,"OKAY",2,2bb078a4,"OKAY",00000000,8,2,0,1,4,0,0,1,2,0,1,0,2,1,1,1,0,0,00000000,3,1,1,0,1,3f96d6b8,3,f,0,0,0,"No Read Addr Cmds","No Read Addr Cmds","No Write Addr Cmds","No Write Addr Cmds","No Write Responses","No Write Responses","_","_","_","_","_","_","_","_","No Write Data Beats","No Write Data Beats"
57,57,0,0,1,1,0,0,0,8e5ffe20afb76fe31ba56e5faf65c9d2,0,3b9a3d13b8d6963fae1d8dc05a6037b2,0,1,0,1,c8bc59dc,ffffffdb,0,1,0,0,2,00000000,"FIXED",3,00,"Data Secure Unprivileged","1 byte",0,0,00000000,"INCR",3,00,"Data Secure Unprivileged","4 bytes",0,2,3f96d6b8,"OKAY",00000000,0,2,1,0,0,0,0,0,0,0,2,0,1,2,0,1,0,2,0037e400,"INCR",3,ff,0,"Data Secure Unprivileged",0,"4 bytes",0,00000000,"FIXED",0,00,0,"Data Secure Unprivileged",0,"1 byte",0,"OKAY",2,2bb078a4,"OKAY",00000000,8,2,0,1,4,0,0,1,2,0,1,0,2,1,1,1,0,0,00000000,3,1,1,0,1,3f96d6b8,3,f,0,0,0,"No Read Addr Cmds","No Read Addr Cmds","No Write Addr Cmds","No Write Addr Cmds","No Write Responses","No Write Responses","_","_","_","_","_","_","_","_","No Write Data Beats","No Write Data Beats"
58,58,0,0,1,1,0,0,0,8e5ffe20afb76fe31ba56e5faf65c9d2,0,3b9a3d13b8d6963fae1d8dc05a6037b2,0,1,0,1,c8bc59dc,ffffffdb,0,1,0,0,2,00000000,"FIXED",3,00,"Data Secure Unprivileged","1 byte",0,0,00000000,"INCR",3,00,"Data Secure Unprivileged","4 bytes",0,2,3f96d6b8,"OKAY",00000000,0,2,1,0,0,0,0,0,0,0,2,0,1,2,0,1,0,2,0037e400,"INCR",3,ff,0,"Data Secure Unprivileged",0,"4 bytes",0,00000000,"FIXED",0,00,0,"Data Secure Unprivileged",0,"1 byte",0,"OKAY",2,2bb078a4,"OKAY",00000000,8,2,0,1,4,0,0,1,2,0,1,0,2,1,1,1,0,0,00000000,3,1,1,1,1,00000000,3,1,1,1,1,"No Read Addr Cmds","No Read Addr Cmds","No Write Addr Cmds","No Write Addr Cmds","No Write Responses","No Write Responses","_","_","Active","Active","_","_","Last Stream","Last Stream","No Write Data Beats","No Write Data Beats"
59,59,0,0,1,1,0,0,0,8e5ffe20afb76fe31ba56e5faf65c9d2,0,3b9a3d13b8d6963fae1d8dc05a6037b2,0,1,0,1,c8bc59dc,ffffffdb,0,1,0,0,2,00000000,"FIXED",3,00,"Data Secure Unprivileged","1 byte",0,0,00000000,"INCR",3,00,"Data Secure Unprivileged","4 bytes",0,2,3f96d6b8,"OKAY",00000000,0,2,1,0,0,0,0,0,0,0,2,0,1,3,1,1,0,2,0037e400,"INCR",3,ff,0,"Data Secure Unprivileged",0,"4 bytes",0,00000000,"FIXED",0,00,0,"Data Secure Unprivileged",0,"1 byte",0,"OKAY",2,2bb078a4,"OKAY",00000000,0,2,0,1,0,0,0,0,2,0,1,0,2,1,1,1,0,0,7a46913c,3,f,0,0,0,00000000,3,1,0,0,1,"No Read Addr Cmds","No Read Addr Cmds","No Write Addr Cmds","No Write Addr Cmds","No Write Responses","No Write Responses","Active","_","_","_","Data Beat","_","_","_","No Write Data Beats","No Write Data Beats"
60,60,0,0,1,1,0,0,0,8e5ffe20afb76fe31ba56e5faf65c9d2,0,3b9a3d13b8d6963fae1d8dc05a6037b2,0,1,0,1,c8bc59dc,ffffffdb,0,1,0,0,2,00000000,"FIXED",3,00,"Data Secure Unprivileged","1 byte",0,0,00000000,"INCR",3,00,"Data Secure Unprivileged","4 bytes",0,2,3f96d6b8,"OKAY",00000000,0,2,1,0,0,0,0,0,0,0,2,0,1,2,0,1,0,2,0037e400,"INCR",3,ff,0,"Data Secure Unprivileged",0,"4 bytes",0,00000000,"FIXED",0,00,0,"Data Secure Unprivileged",0,"1 byte",0,"OKAY",2,2bb078a4,"OKAY",00000000,0,2,0,1,0,0,0,0,2,0,1,0,2,1,1,1,0,0,7a46913c,3,f,1,0,0,00000000,3,1,0,0,1,"No Read Addr Cmds","No Read Addr Cmds","No Write Addr Cmds","No Write Addr Cmds","No Write Responses","No Write Responses","_","_","_","_","_","_","_","_","No Write Data Beats","No Write Data Beats"
61,61,0,0,1,1,0,0,0,8e5ffe20afb76fe31ba56e5faf65c9d2,0,3b9a3d13b8d6963fae1d8dc05a6037b2,0,1,0,1,c8bc59dc,ffffffdb,0,1,0,0,2,00000000,"FIXED",3,00,"Data Secure Unprivileged","1 byte",0,0,00000000,"INCR",3,00,"Data Secure Unprivileged","4 bytes",0,2,3f96d6b8,"OKAY",00000000,0,2,1,0,0,0,0,0,0,0,2,0,1,2,0,1,0,2,0037e400,"INCR",3,ff,0,"Data Secure Unprivileged",0,"4 bytes",0,00000000,"FIXED",0,00,0,"Data Secure Unprivileged",0,"1 byte",0,"OKAY",2,2bb078a4,"OKAY",00000000,0,2,0,1,0,0,0,0,2,0,1,0,2,1,1,1,0,0,7a46913c,3,f,1,0,0,00000000,3,1,0,0,1,"No Read Addr Cmds","No Read Addr Cmds","No Write Addr Cmds","No Write Addr Cmds","No Write Responses","No Write Responses","_","_","_","_","_","_","_","_","No Write Data Beats","No Write Data Beats"
62,62,0,0,1,1,0,0,0,8e5ffe20afb76fe31ba56e5faf65c9d2,0,3b9a3d13b8d6963fae1d8dc05a6037b2,0,1,0,1,c8bc59dc,ffffffdb,0,1,0,0,2,00000000,"FIXED",3,00,"Data Secure Unprivileged","1 byte",0,0,00000000,"INCR",3,00,"Data Secure Unprivileged","4 bytes",0,2,3f96d6b8,"OKAY",00000000,0,2,1,0,0,0,0,0,0,0,2,0,1,2,0,1,0,2,0037e400,"INCR",3,ff,0,"Data Secure Unprivileged",0,"4 bytes",0,00000000,"FIXED",0,00,0,"Data Secure Unprivileged",0,"1 byte",0,"OKAY",2,2bb078a4,"OKAY",00000000,0,2,0,1,0,0,0,0,2,0,1,0,2,1,1,1,0,0,7a46913c,3,f,1,1,0,6def87bc,3,f,1,1,0,"No Read Addr Cmds","No Read Addr Cmds","No Write Addr Cmds","No Write Addr Cmds","No Write Responses","No Write Responses","_","_","Active","Active","_","_","Stream Beat","Stream Beat","No Write Data Beats","No Write Data Beats"
63,63,0,0,1,1,0,0,0,8e5ffe20afb76fe31ba56e5faf65c9d2,0,3b9a3d13b8d6963fae1d8dc05a6037b2,0,1,0,0,c8bc59dc,ffffffdb,0,1,0,0,2,00000000,"FIXED",3,00,"Data Secure Unprivileged","1 byte",0,0,00000000,"INCR",3,00,"Data Secure Unprivileged","4 bytes",0,2,3f96d6b8,"OKAY",00000000,0,2,1,0,0,0,0,0,0,0,2,0,1,6,0,1,1,2,0037e400,"INCR",3,ff,0,"Data Secure Unprivileged",0,"4 bytes",0,00000000,"FIXED",0,00,0,"Data Secure Unprivileged",0,"1 byte",0,"OKAY",2,2bb078a4,"OKAY",00000000,c,2,0,1,4,0,0,1,2,0,1,0,2,1,1,3,1,0,00000000,3,1,1,0,1,6def87bc,3,f,0,0,0,"No Read Addr Cmds","No Read Addr Cmds","No Write Addr Cmds","No Write Addr Cmds","No Write Responses","No Write Responses","_","Active","_","_","_","Data Beat","_","_","No Write Data Beats","No Write Data Beats"
64,64,0,0,1,1,0,0,0,8e5ffe20afb76fe31ba56e5faf65c9d2,0,3b9a3d13b8d6963fae1d8dc05a6037b2,0,1,0,1,fc696b1d,ffffffdb,0,1,0,0,2,00000000,"FIXED",3,00,"Data Secure Unprivileged","1 byte",0,0,00000000,"INCR",3,00,"Data Secure Unprivileged","4 bytes",0,2,6def87bc,"OKAY",00000000,0,2,1,0,0,0,0,0,0,0,2,0,1,6,0,1,1,2,0037e400,"INCR",3,ff,0,"Data Secure Unprivileged",0,"4 bytes",0,00000000,"FIXED",0,00,0,"Data Secure Unprivileged",0,"1 byte",0,"OKAY",2,7f013f49,"OKAY",00000000,c,2,0,1,4,0,0,1,2,0,1,0,2,1,1,1,0,0,00000000,3,1,1,0,1,6def87bc,3,f,0,0,0,"No Read Addr Cmds","No Read Addr Cmds","No Write Addr Cmds","No Write Addr Cmds","No Write Responses","No Write Responses","_","_","_","_","_","_","_","_","No Write Data Beats","No Write Data Beats"
65,65,0,0,1,1,0,0,0,8e5ffe20afb76fe31ba56e5faf65c9d2,0,3b9a3d13b8d6963fae1d8dc05a6037b2,0,1,0,1,fc696b1d,ffffffdb,0,1,0,0,2,00000000,"FIXED",3,00,"Data Secure Unprivileged","1 byte",0,0,00000000,"INCR",3,00,"Data Secure Unprivileged","4 bytes",0,2,6def87bc,"OKAY",00000000,0,2,1,0,0,0,0,0,0,0,2,0,1,6,0,1,1,2,0037e400,"INCR",3,ff,0,"Data Secure Unprivileged",0,"4 bytes",0,00000000,"FIXED",0,00,0,"Data Secure Unprivileged",0,"1 byte",0,"OKAY",2,7f013f49,"OKAY",00000000,c,2,0,1,4,0,0,1,2,0,1,0,2,1,1,1,0,0,00000000,3,1,1,0,1,6def87bc,3,f,0,0,0,"No Read Addr Cmds","No Read Addr Cmds","No Write Addr Cmds","No Write Addr Cmds","No Write Responses","No Write Responses","_","_","_","_","_","_","_","_","No Write Data Beats","No Write Data Beats"
66,66,0,0,1,1,0,0,0,8e5ffe20afb76fe31ba56e5faf65c9d2,0,3b9a3d13b8d6963fae1d8dc05a6037b2,0,1,0,1,fc696b1d,ffffffdb,0,1,0,0,2,00000000,"FIXED",3,00,"Data Secure Unprivileged","1 byte",0,0,00000000,"INCR",3,00,"Data Secure Unprivileged","4 bytes",0,2,6def87bc,"OKAY",00000000,0,2,1,0,0,0,0,0,0,0,2,0,1,6,0,1,1,2,0037e400,"INCR",3,ff,0,"Data Secure Unprivileged",0,"4 bytes",0,00000000,"FIXED",0,00,0,"Data Secure Unprivileged",0,"1 byte",0,"OKAY",2,7f013f49,"OKAY",00000000,c,2,0,1,4,0,0,1,2,0,1,0,2,1,1,1,0,0,00000000,3,1,1,1,1,00000000,3,1,1,1,1,"No Read Addr Cmds","No Read Addr Cmds","No Write Addr Cmds","No Write Addr Cmds","No Write Responses","No Write Responses","_","_","Active","Active","_","_","Last Stream","Last Stream","No Write Data Beats","No Write Data Beats"
67,67,0,0,1,1,0,0,0,8e5ffe20afb76fe31ba56e5faf65c9d2,0,3b9a3d13b8d6963fae1d8dc05a6037b2,0,1,0,1,fc696b1d,ffffffdb,0,1,0,0,2,00000000,"FIXED",3,00,"Data Secure Unprivileged","1 byte",0,0,00000000,"INCR",3,00,"Data Secure Unprivileged","4 bytes",0,2,6def87bc,"OKAY",00000000,0,2,1,0,0,0,0,0,0,0,2,0,1,3,1,1,0,2,0037e400,"INCR",3,ff,0,"Data Secure Unprivileged",0,"4 bytes",0,00000000,"FIXED",0,00,0,"Data Secure Unprivileged",0,"1 byte",0,"OKAY",2,7f013f49,"OKAY",00000000,0,2,0,1,0,0,0,0,2,0,1,0,2,1,1,1,0,0,2bb078a4,3,f,0,0,0,00000000,3,1,0,0,1,"No Read Addr Cmds","No Read Addr Cmds","No Write Addr Cmds","No Write Addr Cmds","No Write Responses","No Write Responses","Active","_","_","_","Data Beat","_","_","_","No Write Data Beats","No Write Data Beats"
68,68,0,0,1,1,0,0,0,8e5ffe20afb76fe31ba56e5faf65c9d2,0,3b9a3d13b8d6963fae1d8dc05a6037b2,0,1,0,1,fc696b1d,ffffffdb,0,1,0,0,2,00000000,"FIXED",3,00,"Data Secure Unprivileged","1 byte",0,0,00000000,"INCR",3,00,"Data Secure Unprivileged","4 bytes",0,2,6def87bc,"OKAY",00000000,0,2,1,0,0,0,0,0,0,0,2,0,1,2,0,1,0,2,0037e400,"INCR",3,ff,0,"Data Secure Unprivileged",0,"4 bytes",0,00000000,"FIXED",0,00,0,"Data Secure Unprivileged",0,"1 byte",0,"OKAY",2,7f013f49,"OKAY",00000000,0,2,0,1,0,0,0,0,2,0,1,0,2,1,1,1,0,0,2bb078a4,3,f,1,0,0,00000000,3,1,0,0,1,"No Read Addr Cmds","No Read Addr Cmds","No Write Addr Cmds","No Write Addr Cmds","No Write Responses","No Write Responses","_","_","_","_","_","_","_","_","No Write Data Beats","No Write Data Beats"
69,69,0,0,1,1,0,0,0,8e5ffe20afb76fe31ba56e5faf65c9d2,0,3b9a3d13b8d6963fae1d8dc05a6037b2,0,1,0,1,fc696b1d,ffffffdb,0,1,0,0,2,00000000,"FIXED",3,00,"Data Secure Unprivileged","1 byte",0,0,00000000,"INCR",3,00,"Data Secure Unprivileged","4 bytes",0,2,6def87bc,"OKAY",00000000,0,2,1,0,0,0,0,0,0,0,2,0,1,2,0,1,0,2,0037e400,"INCR",3,ff,0,"Data Secure Unprivileged",0,"4 bytes",0,00000000,"FIXED",0,00,0,"Data Secure Unprivileged",0,"1 byte",0,"OKAY",2,7f013f49,"OKAY",00000000,0,2,0,1,0,0,0,0,2,0,1,0,2,1,1,1,0,0,2bb078a4,3,f,1,0,0,00000000,3,1,0,0,1,"No Read Addr Cmds","No Read Addr Cmds","No Write Addr Cmds","No Write Addr Cmds","No Write Responses","No Write Responses","_","_","_","_","_","_","_","_","No Write Data Beats","No Write Data Beats"
70,70,0,0,1,1,0,0,0,8e5ffe20afb76fe31ba56e5faf65c9d2,0,3b9a3d13b8d6963fae1d8dc05a6037b2,0,1,0,1,fc696b1d,ffffffdb,0,1,0,0,2,00000000,"FIXED",3,00,"Data Secure Unprivileged","1 byte",0,0,00000000,"INCR",3,00,"Data Secure Unprivileged","4 bytes",0,2,6def87bc,"OKAY",00000000,0,2,1,0,0,0,0,0,0,0,2,0,1,2,0,1,0,2,0037e400,"INCR",3,ff,0,"Data Secure Unprivileged",0,"4 bytes",0,00000000,"FIXED",0,00,0,"Data Secure Unprivileged",0,"1 byte",0,"OKAY",2,7f013f49,"OKAY",00000000,0,2,0,1,0,0,0,0,2,0,1,0,2,1,1,1,0,0,2bb078a4,3,f,1,1,0,3b698107,3,f,1,1,0,"No Read Addr Cmds","No Read Addr Cmds","No Write Addr Cmds","No Write Addr Cmds","No Write Responses","No Write Responses","_","_","Active","Active","_","_","Stream Beat","Stream Beat","No Write Data Beats","No Write Data Beats"
71,71,0,0,1,1,0,0,0,8e5ffe20afb76fe31ba56e5faf65c9d2,0,3b9a3d13b8d6963fae1d8dc05a6037b2,0,1,0,0,fc696b1d,ffffffdb,0,1,0,0,2,00000000,"FIXED",3,00,"Data Secure Unprivileged","1 byte",0,0,00000000,"INCR",3,00,"Data Secure Unprivileged","4 bytes",0,2,6def87bc,"DECERR",00000000,0,2,1,0,0,0,0,0,0,0,2,0,1,6,0,1,1,2,0037e400,"INCR",3,ff,0,"Data Secure Unprivileged",0,"4 bytes",0,00000000,"FIXED",0,00,0,"Data Secure Unprivileged",0,"1 byte",0,"OKAY",2,7f013f49,"OKAY",00000000,7,2,0,1,0,0,0,0,2,0,1,0,2,1,1,3,1,0,00000000,3,1,1,0,1,3b698107,3,f,0,0,0,"No Read Addr Cmds","No Read Addr Cmds","No Write Addr Cmds","No Write Addr Cmds","No Write Responses","No Write Responses","_","Active","_","_","_","Data Beat","_","_","No Write Data Beats","No Write Data Beats"
72,72,0,0,1,1,0,0,0,8e5ffe20afb76fe31ba56e5faf65c9d2,0,3b9a3d13b8d6963fae1d8dc05a6037b2,0,1,0,1,b6f7e13d,ffffffdb,0,1,0,0,2,00000000,"FIXED",3,00,"Data Secure Unprivileged","1 byte",0,0,00000000,"INCR",3,00,"Data Secure Unprivileged","4 bytes",0,2,3b698107,"DECERR",00000000,0,2,1,0,0,0,0,0,0,0,2,0,1,6,0,1,1,2,0037e400,"INCR",3,ff,0,"Data Secure Unprivileged",0,"4 bytes",0,00000000,"FIXED",0,00,0,"Data Secure Unprivileged",0,"1 byte",0,"OKAY",2,9243715d,"OKAY",00000000,7,2,0,1,0,0,0,0,2,0,1,0,2,1,1,1,0,0,00000000,3,1,1,0,1,3b698107,3,f,0,0,0,"No Read Addr Cmds","No Read Addr Cmds","No Write Addr Cmds","No Write Addr Cmds","No Write Responses","No Write Responses","_","_","_","_","_","_","_","_","No Write Data Beats","No Write Data Beats"
73,73,0,0,1,1,0,0,0,8e5ffe20afb76fe31ba56e5faf65c9d2,0,3b9a3d13b8d6963fae1d8dc05a6037b2,0,1,0,1,b6f7e13d,ffffffdb,0,1,0,0,2,00000000,"FIXED",3,00,"Data Secure Unprivileged","1 byte",0,0,00000000,"INCR",3,00,"Data Secure Unprivileged","4 bytes",0,2,3b698107,"DECERR",00000000,0,2,1,0,0,0,0,0,0,0,2,0,1,6,0,1,1,2,0037e400,"INCR",3,ff,0,"Data Secure Unprivileged",0,"4 bytes",0,00000000,"FIXED",0,00,0,"Data Secure Unprivileged",0,"1 byte",0,"OKAY",2,9243715d,"OKAY",00000000,7,2,0,1,0,0,0,0,2,0,1,0,2,1,1,1,0,0,00000000,3,1,1,0,1,3b698107,3,f,0,0,0,"No Read Addr Cmds","No Read Addr Cmds","No Write Addr Cmds","No Write Addr Cmds","No Write Responses","No Write Responses","_","_","_","_","_","_","_","_","No Write Data Beats","No Write Data Beats"
74,74,0,0,1,1,0,0,0,8e5ffe20afb76fe31ba56e5faf65c9d2,0,3b9a3d13b8d6963fae1d8dc05a6037b2,0,1,0,1,b6f7e13d,ffffffdb,0,1,0,0,2,00000000,"FIXED",3,00,"Data Secure Unprivileged","1 byte",0,0,00000000,"INCR",3,00,"Data Secure Unprivileged","4 bytes",0,2,3b698107,"DECERR",00000000,0,2,1,0,0,0,0,0,0,0,2,0,1,6,0,1,1,2,0037e400,"INCR",3,ff,0,"Data Secure Unprivileged",0,"4 bytes",0,00000000,"FIXED",0,00,0,"Data Secure Unprivileged",0,"1 byte",0,"OKAY",2,9243715d,"OKAY",00000000,7,2,0,1,0,0,0,0,2,0,1,0,2,1,1,1,0,0,00000000,3,1,1,1,1,00000000,3,1,1,1,1,"No Read Addr Cmds","No Read Addr Cmds","No Write Addr Cmds","No Write Addr Cmds","No Write Responses","No Write Responses","_","_","Active","Active","_","_","Last Stream","Last Stream","No Write Data Beats","No Write Data Beats"
75,75,0,0,1,1,0,0,0,8e5ffe20afb76fe31ba56e5faf65c9d2,0,3b9a3d13b8d6963fae1d8dc05a6037b2,0,1,0,1,b6f7e13d,ffffffdb,0,1,0,0,2,00000000,"FIXED",3,00,"Data Secure Unprivileged","1 byte",0,0,00000000,"INCR",3,00,"Data Secure Unprivileged","4 bytes",0,2,3b698107,"OKAY",00000000,0,2,1,0,0,0,0,0,0,0,2,0,1,3,1,1,0,2,0037e400,"INCR",3,ff,0,"Data Secure Unprivileged",0,"4 bytes",0,00000000,"FIXED",0,00,0,"Data Secure Unprivileged",0,"1 byte",0,"OKAY",2,9243715d,"OKAY",00000000,0,2,0,1,0,0,0,0,2,0,1,0,2,1,1,1,0,0,7f013f49,3,f,0,0,0,00000000,3,1,0,0,1,"No Read Addr Cmds","No Read Addr Cmds","No Write Addr Cmds","No Write Addr Cmds","No Write Responses","No Write Responses","Active","_","_","_","Data Beat","_","_","_","No Write Data Beats","No Write Data Beats"
76,76,0,0,1,1,0,0,0,8e5ffe20afb76fe31ba56e5faf65c9d2,0,3b9a3d13b8d6963fae1d8dc05a6037b2,0,1,0,1,b6f7e13d,ffffffdb,0,1,0,0,2,00000000,"FIXED",3,00,"Data Secure Unprivileged","1 byte",0,0,00000000,"INCR",3,00,"Data Secure Unprivileged","4 bytes",0,2,3b698107,"OKAY",00000000,0,2,1,0,0,0,0,0,0,0,2,0,1,2,0,1,0,2,0037e400,"INCR",3,ff,0,"Data Secure Unprivileged",0,"4 bytes",0,00000000,"FIXED",0,00,0,"Data Secure Unprivileged",0,"1 byte",0,"OKAY",2,9243715d,"OKAY",00000000,0,2,0,1,0,0,0,0,2,0,1,0,2,1,1,1,0,0,7f013f49,3,f,1,0,0,00000000,3,1,0,0,1,"No Read Addr Cmds","No Read Addr Cmds","No Write Addr Cmds","No Write Addr Cmds","No Write Responses","No Write Responses","_","_","_","_","_","_","_","_","No Write Data Beats","No Write Data Beats"
77,77,0,0,1,1,0,0,0,8e5ffe20afb76fe31ba56e5faf65c9d2,0,3b9a3d13b8d6963fae1d8dc05a6037b2,0,1,0,1,b6f7e13d,ffffffdb,0,1,0,0,2,00000000,"FIXED",3,00,"Data Secure Unprivileged","1 byte",0,0,00000000,"INCR",3,00,"Data Secure Unprivileged","4 bytes",0,2,3b698107,"OKAY",00000000,0,2,1,0,0,0,0,0,0,0,2,0,1,2,0,1,0,2,0037e400,"INCR",3,ff,0,"Data Secure Unprivileged",0,"4 bytes",0,00000000,"FIXED",0,00,0,"Data Secure Unprivileged",0,"1 byte",0,"OKAY",2,9243715d,"OKAY",00000000,0,2,0,1,0,0,0,0,2,0,1,0,2,1,1,1,0,0,7f013f49,3,f,1,0,0,00000000,3,1,0,0,1,"No Read Addr Cmds","No Read Addr Cmds","No Write Addr Cmds","No Write Addr Cmds","No Write Responses","No Write Responses","_","_","_","_","_","_","_","_","No Write Data Beats","No Write Data Beats"
78,78,0,0,1,1,0,0,0,8e5ffe20afb76fe31ba56e5faf65c9d2,0,3b9a3d13b8d6963fae1d8dc05a6037b2,0,1,0,1,b6f7e13d,ffffffdb,0,1,0,0,2,00000000,"FIXED",3,00,"Data Secure Unprivileged","1 byte",0,0,00000000,"INCR",3,00,"Data Secure Unprivileged","4 bytes",0,2,3b698107,"OKAY",00000000,0,2,1,0,0,0,0,0,0,0,2,0,1,2,0,1,0,2,0037e400,"INCR",3,ff,0,"Data Secure Unprivileged",0,"4 bytes",0,00000000,"FIXED",0,00,0,"Data Secure Unprivileged",0,"1 byte",0,"OKAY",2,9243715d,"OKAY",00000000,0,2,0,1,0,0,0,0,2,0,1,0,2,1,1,1,0,0,7f013f49,3,f,1,1,0,220f5534,3,f,1,1,0,"No Read Addr Cmds","No Read Addr Cmds","No Write Addr Cmds","No Write Addr Cmds","No Write Responses","No Write Responses","_","_","Active","Active","_","_","Stream Beat","Stream Beat","No Write Data Beats","No Write Data Beats"
79,79,0,0,1,1,0,0,0,8e5ffe20afb76fe31ba56e5faf65c9d2,0,3b9a3d13b8d6963fae1d8dc05a6037b2,0,1,0,0,b6f7e13d,ffffffdb,0,1,0,0,2,00000000,"FIXED",3,00,"Data Secure Unprivileged","1 byte",0,0,00000000,"INCR",3,00,"Data Secure Unprivileged","4 bytes",0,2,3b698107,"OKAY",00000000,0,2,1,0,0,0,0,0,0,0,2,0,1,6,0,1,1,2,0037e400,"INCR",3,ff,0,"Data Secure Unprivileged",0,"4 bytes",0,00000000,"FIXED",0,00,0,"Data Secure Unprivileged",0,"1 byte",0,"OKAY",2,9243715d,"OKAY",00000000,4,2,0,1,4,0,0,1,2,0,1,0,2,1,1,3,1,0,00000000,3,1,1,0,1,220f5534,3,f,0,0,0,"No Read Addr Cmds","No Read Addr Cmds","No Write Addr Cmds","No Write Addr Cmds","No Write Responses","No Write Responses","_","Active","_","_","_","Data Beat","_","_","No Write Data Beats","No Write Data Beats"
80,80,0,0,1,1,0,0,0,8e5ffe20afb76fe31ba56e5faf65c9d2,0,3b9a3d13b8d6963fae1d8dc05a6037b2,0,1,0,1,dc9681e0,ffffffdb,0,1,0,0,2,00000000,"FIXED",3,00,"Data Secure Unprivileged","1 byte",0,0,00000000,"INCR",3,00,"Data Secure Unprivileged","4 bytes",0,2,220f5534,"OKAY",00000000,0,2,1,0,0,0,0,0,0,0,2,0,1,6,0,1,1,2,0037e400,"INCR",3,ff,0,"Data Secure Unprivileged",0,"4 bytes",0,00000000,"FIXED",0,00,0,"Data Secure Unprivileged",0,"1 byte",0,"OKAY",2,c08d1dae,"OKAY",00000000,4,2,0,1,4,0,0,1,2,0,1,0,2,1,1,1,0,0,00000000,3,1,1,0,1,220f5534,3,f,0,0,0,"No Read Addr Cmds","No Read Addr Cmds","No Write Addr Cmds","No Write Addr Cmds","No Write Responses","No Write Responses","_","_","_","_","_","_","_","_","No Write Data Beats","No Write Data Beats"
81,81,0,0,1,1,0,0,0,8e5ffe20afb76fe31ba56e5faf65c9d2,0,3b9a3d13b8d6963fae1d8dc05a6037b2,0,1,0,1,dc9681e0,ffffffdb,0,1,0,0,2,00000000,"FIXED",3,00,"Data Secure Unprivileged","1 byte",0,0,00000000,"INCR",3,00,"Data Secure Unprivileged","4 bytes",0,2,220f5534,"OKAY",00000000,0,2,1,0,0,0,0,0,0,0,2,0,1,6,0,1,1,2,0037e400,"INCR",3,ff,0,"Data Secure Unprivileged",0,"4 bytes",0,00000000,"FIXED",0,00,0,"Data Secure Unprivileged",0,"1 byte",0,"OKAY",2,c08d1dae,"OKAY",00000000,4,2,0,1,4,0,0,1,2,0,1,0,2,1,1,1,0,0,00000000,3,1,1,0,1,220f5534,3,f,0,0,0,"No Read Addr Cmds","No Read Addr Cmds","No Write Addr Cmds","No Write Addr Cmds","No Write Responses","No Write Responses","_","_","_","_","_","_","_","_","No Write Data Beats","No Write Data Beats"
82,82,0,0,1,1,0,0,0,8e5ffe20afb76fe31ba56e5faf65c9d2,0,3b9a3d13b8d6963fae1d8dc05a6037b2,0,1,0,1,dc9681e0,ffffffdb,0,1,0,0,2,00000000,"FIXED",3,00,"Data Secure Unprivileged","1 byte",0,0,00000000,"INCR",3,00,"Data Secure Unprivileged","4 bytes",0,2,220f5534,"OKAY",00000000,0,2,1,0,0,0,0,0,0,0,2,0,1,6,0,1,1,2,0037e400,"INCR",3,ff,0,"Data Secure Unprivileged",0,"4 bytes",0,00000000,"FIXED",0,00,0,"Data Secure Unprivileged",0,"1 byte",0,"OKAY",2,c08d1dae,"OKAY",00000000,4,2,0,1,4,0,0,1,2,0,1,0,2,1,1,1,0,0,00000000,3,1,1,1,1,00000000,3,1,1,1,1,"No Read Addr Cmds","No Read Addr Cmds","No Write Addr Cmds","No Write Addr Cmds","No Write Responses","No Write Responses","_","_","Active","Active","_","_","Last Stream","Last Stream","No Write Data Beats","No Write Data Beats"
83,83,0,0,1,1,0,0,0,8e5ffe20afb76fe31ba56e5faf65c9d2,0,3b9a3d13b8d6963fae1d8dc05a6037b2,0,1,0,1,dc9681e0,ffffffdb,0,1,0,0,2,00000000,"FIXED",3,00,"Data Secure Unprivileged","1 byte",0,0,00000000,"INCR",3,00,"Data Secure Unprivileged","4 bytes",0,2,220f5534,"OKAY",00000000,0,2,1,0,0,0,0,0,0,0,2,0,1,3,1,1,0,2,0037e400,"INCR",3,ff,0,"Data Secure Unprivileged",0,"4 bytes",0,00000000,"FIXED",0,00,0,"Data Secure Unprivileged",0,"1 byte",0,"OKAY",2,c08d1dae,"OKAY",00000000,0,2,0,1,0,0,0,0,2,0,1,0,2,1,1,1,0,0,9243715d,3,f,0,0,0,00000000,3,1,0,0,1,"No Read Addr Cmds","No Read Addr Cmds","No Write Addr Cmds","No Write Addr Cmds","No Write Responses","No Write Responses","Active","_","_","_","Data Beat","_","_","_","No Write Data Beats","No Write Data Beats"
84,84,0,0,1,1,0,0,0,8e5ffe20afb76fe31ba56e5faf65c9d2,0,3b9a3d13b8d6963fae1d8dc05a6037b2,0,1,0,1,dc9681e0,ffffffdb,0,1,0,0,2,00000000,"FIXED",3,00,"Data Secure Unprivileged","1 byte",0,0,00000000,"INCR",3,00,"Data Secure Unprivileged","4 bytes",0,2,220f5534,"OKAY",00000000,0,2,1,0,0,0,0,0,0,0,2,0,1,2,0,1,0,2,0037e400,"INCR",3,ff,0,"Data Secure Unprivileged",0,"4 bytes",0,00000000,"FIXED",0,00,0,"Data Secure Unprivileged",0,"1 byte",0,"OKAY",2,c08d1dae,"OKAY",00000000,0,2,0,1,0,0,0,0,2,0,1,0,2,1,1,1,0,0,9243715d,3,f,1,0,0,00000000,3,1,0,0,1,"No Read Addr Cmds","No Read Addr Cmds","No Write Addr Cmds","No Write Addr Cmds","No Write Responses","No Write Responses","_","_","_","_","_","_","_","_","No Write Data Beats","No Write Data Beats"
85,85,0,0,1,1,0,0,0,8e5ffe20afb76fe31ba56e5faf65c9d2,0,3b9a3d13b8d6963fae1d8dc05a6037b2,0,1,0,1,dc9681e0,ffffffdb,0,1,0,0,2,00000000,"FIXED",3,00,"Data Secure Unprivileged","1 byte",0,0,00000000,"INCR",3,00,"Data Secure Unprivileged","4 bytes",0,2,220f5534,"OKAY",00000000,0,2,1,0,0,0,0,0,0,0,2,0,1,2,0,1,0,2,0037e400,"INCR",3,ff,0,"Data Secure Unprivileged",0,"4 bytes",0,00000000,"FIXED",0,00,0,"Data Secure Unprivileged",0,"1 byte",0,"OKAY",2,c08d1dae,"OKAY",00000000,0,2,0,1,0,0,0,0,2,0,1,0,2,1,1,1,0,0,9243715d,3,f,1,0,0,00000000,3,1,0,0,1,"No Read Addr Cmds","No Read Addr Cmds","No Write Addr Cmds","No Write Addr Cmds","No Write Responses","No Write Responses","_","_","_","_","_","_","_","_","No Write Data Beats","No Write Data Beats"
86,86,0,0,1,1,0,0,0,8e5ffe20afb76fe31ba56e5faf65c9d2,0,3b9a3d13b8d6963fae1d8dc05a6037b2,0,1,0,1,dc9681e0,ffffffdb,0,1,0,0,2,00000000,"FIXED",3,00,"Data Secure Unprivileged","1 byte",0,0,00000000,"INCR",3,00,"Data Secure Unprivileged","4 bytes",0,2,220f5534,"OKAY",00000000,0,2,1,0,0,0,0,0,0,0,2,0,1,2,0,1,0,2,0037e400,"INCR",3,ff,0,"Data Secure Unprivileged",0,"4 bytes",0,00000000,"FIXED",0,00,0,"Data Secure Unprivileged",0,"1 byte",0,"OKAY",2,c08d1dae,"OKAY",00000000,0,2,0,1,0,0,0,0,2,0,1,0,2,1,1,1,0,0,9243715d,3,f,1,1,0,e3c26efb,3,f,1,1,0,"No Read Addr Cmds","No Read Addr Cmds","No Write Addr Cmds","No Write Addr Cmds","No Write Responses","No Write Responses","_","_","Active","Active","_","_","Stream Beat","Stream Beat","No Write Data Beats","No Write Data Beats"
87,87,0,0,1,1,0,0,0,8e5ffe20afb76fe31ba56e5faf65c9d2,0,3b9a3d13b8d6963fae1d8dc05a6037b2,0,1,0,0,dc9681e0,ffffffdb,0,1,0,0,2,00000000,"FIXED",3,00,"Data Secure Unprivileged","1 byte",0,0,00000000,"INCR",3,00,"Data Secure Unprivileged","4 bytes",0,2,220f5534,"DECERR",00000000,0,2,1,0,0,0,0,0,0,0,2,0,1,2,0,1,0,2,0037e400,"INCR",3,ff,0,"Data Secure Unprivileged",0,"4 bytes",0,00000000,"FIXED",0,00,0,"Data Secure Unprivileged",0,"1 byte",0,"OKAY",2,c08d1dae,"OKAY",00000000,b,2,0,1,4,0,0,1,2,0,1,0,2,1,1,3,1,0,00000000,3,1,1,0,1,e3c26efb,3,f,0,0,0,"No Read Addr Cmds","No Read Addr Cmds","No Write Addr Cmds","No Write Addr Cmds","No Write Responses","No Write Responses","_","Active","_","_","_","Data Beat","_","_","No Write Data Beats","No Write Data Beats"
88,88,0,0,1,1,0,0,0,8e5ffe20afb76fe31ba56e5faf65c9d2,0,3b9a3d13b8d6963fae1d8dc05a6037b2,0,1,0,1,44f0aa2c,ffffffdb,0,1,0,0,2,00000000,"FIXED",3,00,"Data Secure Unprivileged","1 byte",0,0,00000000,"INCR",3,00,"Data Secure Unprivileged","4 bytes",0,2,e3c26efb,"DECERR",00000000,0,2,1,0,0,0,0,0,0,0,2,0,1,2,0,1,0,2,0037e400,"INCR",3,ff,0,"Data Secure Unprivileged",0,"4 bytes",0,00000000,"FIXED",0,00,0,"Data Secure Unprivileged",0,"1 byte",0,"OKAY",2,b237605a,"OKAY",00000000,b,2,0,1,4,0,0,1,2,0,1,0,2,1,1,1,0,0,00000000,3,1,1,0,1,e3c26efb,3,f,0,0,0,"No Read Addr Cmds","No Read Addr Cmds","No Write Addr Cmds","No Write Addr Cmds","No Write Responses","No Write Responses","_","_","_","_","_","_","_","_","No Write Data Beats","No Write Data Beats"
89,89,0,0,1,1,0,0,0,8e5ffe20afb76fe31ba56e5faf65c9d2,0,3b9a3d13b8d6963fae1d8dc05a6037b2,0,1,0,1,44f0aa2c,ffffffdb,0,1,0,0,2,00000000,"FIXED",3,00,"Data Secure Unprivileged","1 byte",0,0,00000000,"INCR",3,00,"Data Secure Unprivileged","4 bytes",0,2,e3c26efb,"DECERR",00000000,0,2,1,0,0,0,0,0,0,0,2,0,1,2,0,1,0,2,0037e400,"INCR",3,ff,0,"Data Secure Unprivileged",0,"4 bytes",0,00000000,"FIXED",0,00,0,"Data Secure Unprivileged",0,"1 byte",0,"OKAY",2,b237605a,"OKAY",00000000,b,2,0,1,4,0,0,1,2,0,1,0,2,1,1,1,0,0,00000000,3,1,1,0,1,e3c26efb,3,f,0,0,0,"No Read Addr Cmds","No Read Addr Cmds","No Write Addr Cmds","No Write Addr Cmds","No Write Responses","No Write Responses","_","_","_","_","_","_","_","_","No Write Data Beats","No Write Data Beats"
90,90,0,0,1,1,0,0,0,8e5ffe20afb76fe31ba56e5faf65c9d2,0,3b9a3d13b8d6963fae1d8dc05a6037b2,0,1,0,1,44f0aa2c,ffffffdb,0,1,0,0,2,00000000,"FIXED",3,00,"Data Secure Unprivileged","1 byte",0,0,00000000,"INCR",3,00,"Data Secure Unprivileged","4 bytes",0,2,e3c26efb,"DECERR",00000000,0,2,1,0,0,0,0,0,0,0,2,0,1,2,0,1,0,2,0037e400,"INCR",3,ff,0,"Data Secure Unprivileged",0,"4 bytes",0,00000000,"FIXED",0,00,0,"Data Secure Unprivileged",0,"1 byte",0,"OKAY",2,b237605a,"OKAY",00000000,b,2,0,1,4,0,0,1,2,0,1,0,2,1,1,1,0,0,00000000,3,1,1,1,1,00000000,3,1,1,1,1,"No Read Addr Cmds","No Read Addr Cmds","No Write Addr Cmds","No Write Addr Cmds","No Write Responses","No Write Responses","_","_","Active","Active","_","_","Last Stream","Last Stream","No Write Data Beats","No Write Data Beats"
91,91,0,0,1,1,0,0,0,8e5ffe20afb76fe31ba56e5faf65c9d2,0,3b9a3d13b8d6963fae1d8dc05a6037b2,0,1,0,1,44f0aa2c,ffffffdb,0,1,0,0,2,00000000,"FIXED",3,00,"Data Secure Unprivileged","1 byte",0,0,00000000,"INCR",3,00,"Data Secure Unprivileged","4 bytes",0,2,e3c26efb,"OKAY",00000000,0,2,1,0,0,0,0,0,0,0,2,0,1,3,1,1,0,2,0037e400,"INCR",3,ff,0,"Data Secure Unprivileged",0,"4 bytes",0,00000000,"FIXED",0,00,0,"Data Secure Unprivileged",0,"1 byte",0,"OKAY",2,b237605a,"OKAY",00000000,0,2,0,1,0,0,0,0,2,0,1,0,2,1,1,1,0,0,c08d1dae,3,f,0,0,0,00000000,3,1,0,0,1,"No Read Addr Cmds","No Read Addr Cmds","No Write Addr Cmds","No Write Addr Cmds","No Write Responses","No Write Responses","Active","_","_","_","Data Beat","_","_","_","No Write Data Beats","No Write Data Beats"
92,92,0,0,1,1,0,0,0,8e5ffe20afb76fe31ba56e5faf65c9d2,0,3b9a3d13b8d6963fae1d8dc05a6037b2,0,1,0,1,44f0aa2c,ffffffdb,0,1,0,0,2,00000000,"FIXED",3,00,"Data Secure Unprivileged","1 byte",0,0,00000000,"INCR",3,00,"Data Secure Unprivileged","4 bytes",0,2,e3c26efb,"OKAY",00000000,0,2,1,0,0,0,0,0,0,0,2,0,1,2,0,1,0,2,0037e400,"INCR",3,ff,0,"Data Secure Unprivileged",0,"4 bytes",0,00000000,"FIXED",0,00,0,"Data Secure Unprivileged",0,"1 byte",0,"OKAY",2,b237605a,"OKAY",00000000,0,2,0,1,0,0,0,0,2,0,1,0,2,1,1,1,0,0,c08d1dae,3,f,1,0,0,00000000,3,1,0,0,1,"No Read Addr Cmds","No Read Addr Cmds","No Write Addr Cmds","No Write Addr Cmds","No Write Responses","No Write Responses","_","_","_","_","_","_","_","_","No Write Data Beats","No Write Data Beats"
93,93,0,0,1,1,0,0,0,8e5ffe20afb76fe31ba56e5faf65c9d2,0,3b9a3d13b8d6963fae1d8dc05a6037b2,0,1,0,1,44f0aa2c,ffffffdb,0,1,0,0,2,00000000,"FIXED",3,00,"Data Secure Unprivileged","1 byte",0,0,00000000,"INCR",3,00,"Data Secure Unprivileged","4 bytes",0,2,e3c26efb,"OKAY",00000000,0,2,1,0,0,0,0,0,0,0,2,0,1,2,0,1,0,2,0037e400,"INCR",3,ff,0,"Data Secure Unprivileged",0,"4 bytes",0,00000000,"FIXED",0,00,0,"Data Secure Unprivileged",0,"1 byte",0,"OKAY",2,b237605a,"OKAY",00000000,0,2,0,1,0,0,0,0,2,0,1,0,2,1,1,1,0,0,c08d1dae,3,f,1,0,0,00000000,3,1,0,0,1,"No Read Addr Cmds","No Read Addr Cmds","No Write Addr Cmds","No Write Addr Cmds","No Write Responses","No Write Responses","_","_","_","_","_","_","_","_","No Write Data Beats","No Write Data Beats"
94,94,0,0,1,1,0,0,0,8e5ffe20afb76fe31ba56e5faf65c9d2,0,3b9a3d13b8d6963fae1d8dc05a6037b2,0,1,0,1,44f0aa2c,ffffffdb,0,1,0,0,2,00000000,"FIXED",3,00,"Data Secure Unprivileged","1 byte",0,0,00000000,"INCR",3,00,"Data Secure Unprivileged","4 bytes",0,2,e3c26efb,"OKAY",00000000,0,2,1,0,0,0,0,0,0,0,2,0,1,2,0,1,0,2,0037e400,"INCR",3,ff,0,"Data Secure Unprivileged",0,"4 bytes",0,00000000,"FIXED",0,00,0,"Data Secure Unprivileged",0,"1 byte",0,"OKAY",2,b237605a,"OKAY",00000000,0,2,0,1,0,0,0,0,2,0,1,0,2,1,1,1,0,0,c08d1dae,3,f,1,1,0,c08d1dae,3,f,1,1,0,"No Read Addr Cmds","No Read Addr Cmds","No Write Addr Cmds","No Write Addr Cmds","No Write Responses","No Write Responses","_","_","Active","Active","_","_","Stream Beat","Stream Beat","No Write Data Beats","No Write Data Beats"
95,95,0,0,1,1,0,0,0,8e5ffe20afb76fe31ba56e5faf65c9d2,0,3b9a3d13b8d6963fae1d8dc05a6037b2,0,1,0,0,44f0aa2c,ffffffdb,0,1,0,0,2,00000000,"FIXED",3,00,"Data Secure Unprivileged","1 byte",0,0,00000000,"INCR",3,00,"Data Secure Unprivileged","4 bytes",0,2,e3c26efb,"SLVERR",00000000,0,2,1,0,0,0,0,0,0,0,2,0,1,6,0,1,1,2,0037e400,"INCR",3,ff,0,"Data Secure Unprivileged",0,"4 bytes",0,00000000,"FIXED",0,00,0,"Data Secure Unprivileged",0,"1 byte",0,"OKAY",2,b237605a,"OKAY",00000000,e,2,0,1,0,0,0,0,2,0,1,0,2,1,1,3,1,0,00000000,3,1,1,0,1,c08d1dae,3,f,0,0,0,"No Read Addr Cmds","No Read Addr Cmds","No Write Addr Cmds","No Write Addr Cmds","No Write Responses","No Write Responses","_","Active","_","_","_","Data Beat","_","_","No Write Data Beats","No Write Data Beats"
96,96,0,0,1,1,0,0,0,8e5ffe20afb76fe31ba56e5faf65c9d2,0,3b9a3d13b8d6963fae1d8dc05a6037b2,0,1,0,1,c74376df,ffffffdb,0,1,0,0,2,00000000,"FIXED",3,00,"Data Secure Unprivileged","1 byte",0,0,00000000,"INCR",3,00,"Data Secure Unprivileged","4 bytes",0,2,c08d1dae,"SLVERR",00000000,0,2,1,0,0,0,0,0,0,0,2,0,1,6,0,1,1,2,0037e400,"INCR",3,ff,0,"Data Secure Unprivileged",0,"4 bytes",0,00000000,"FIXED",0,00,0,"Data Secure Unprivileged",0,"1 byte",0,"OKAY",2,133d9a3b,"OKAY",00000000,e,2,0,1,0,0,0,0,2,0,1,0,2,1,1,1,0,0,00000000,3,1,1,0,1,c08d1dae,3,f,0,0,0,"No Read Addr Cmds","No Read Addr Cmds","No Write Addr Cmds","No Write Addr Cmds","No Write Responses","No Write Responses","_","_","_","_","_","_","_","_","No Write Data Beats","No Write Data Beats"
97,97,0,0,1,1,0,0,0,8e5ffe20afb76fe31ba56e5faf65c9d2,0,3b9a3d13b8d6963fae1d8dc05a6037b2,0,1,0,1,c74376df,ffffffdb,0,1,0,0,2,00000000,"FIXED",3,00,"Data Secure Unprivileged","1 byte",0,0,00000000,"INCR",3,00,"Data Secure Unprivileged","4 bytes",0,2,c08d1dae,"SLVERR",00000000,0,2,1,0,0,0,0,0,0,0,2,0,1,6,0,1,1,2,0037e400,"INCR",3,ff,0,"Data Secure Unprivileged",0,"4 bytes",0,00000000,"FIXED",0,00,0,"Data Secure Unprivileged",0,"1 byte",0,"OKAY",2,133d9a3b,"OKAY",00000000,e,2,0,1,0,0,0,0,2,0,1,0,2,1,1,1,0,0,00000000,3,1,1,0,1,c08d1dae,3,f,0,0,0,"No Read Addr Cmds","No Read Addr Cmds","No Write Addr Cmds","No Write Addr Cmds","No Write Responses","No Write Responses","_","_","_","_","_","_","_","_","No Write Data Beats","No Write Data Beats"
98,98,0,0,1,1,0,0,0,8e5ffe20afb76fe31ba56e5faf65c9d2,0,3b9a3d13b8d6963fae1d8dc05a6037b2,0,1,0,1,c74376df,ffffffdb,0,1,0,0,2,00000000,"FIXED",3,00,"Data Secure Unprivileged","1 byte",0,0,00000000,"INCR",3,00,"Data Secure Unprivileged","4 bytes",0,2,c08d1dae,"SLVERR",00000000,0,2,1,0,0,0,0,0,0,0,2,0,1,6,0,1,1,2,0037e400,"INCR",3,ff,0,"Data Secure Unprivileged",0,"4 bytes",0,00000000,"FIXED",0,00,0,"Data Secure Unprivileged",0,"1 byte",0,"OKAY",2,133d9a3b,"OKAY",00000000,e,2,0,1,0,0,0,0,2,0,1,0,2,1,1,1,0,0,00000000,3,1,1,1,1,00000000,3,1,1,1,1,"No Read Addr Cmds","No Read Addr Cmds","No Write Addr Cmds","No Write Addr Cmds","No Write Responses","No Write Responses","_","_","Active","Active","_","_","Last Stream","Last Stream","No Write Data Beats","No Write Data Beats"
99,99,0,0,1,1,0,0,0,8e5ffe20afb76fe31ba56e5faf65c9d2,0,3b9a3d13b8d6963fae1d8dc05a6037b2,0,1,0,1,c74376df,ffffffdb,0,1,0,0,2,00000000,"FIXED",3,00,"Data Secure Unprivileged","1 byte",0,0,00000000,"INCR",3,00,"Data Secure Unprivileged","4 bytes",0,2,c08d1dae,"OKAY",00000000,0,2,1,0,0,0,0,0,0,0,2,0,1,3,1,1,0,2,0037e400,"INCR",3,ff,0,"Data Secure Unprivileged",0,"4 bytes",0,00000000,"FIXED",0,00,0,"Data Secure Unprivileged",0,"1 byte",0,"OKAY",2,133d9a3b,"OKAY",00000000,0,2,0,1,0,0,0,0,2,0,1,0,2,1,1,1,0,0,b237605a,3,f,0,0,0,00000000,3,1,0,0,1,"No Read Addr Cmds","No Read Addr Cmds","No Write Addr Cmds","No Write Addr Cmds","No Write Responses","No Write Responses","Active","_","_","_","Data Beat","_","_","_","No Write Data Beats","No Write Data Beats"
100,100,0,0,1,1,0,0,0,8e5ffe20afb76fe31ba56e5faf65c9d2,0,3b9a3d13b8d6963fae1d8dc05a6037b2,0,1,0,1,c74376df,ffffffdb,0,1,0,0,2,00000000,"FIXED",3,00,"Data Secure Unprivileged","1 byte",0,0,00000000,"INCR",3,00,"Data Secure Unprivileged","4 bytes",0,2,c08d1dae,"OKAY",00000000,0,2,1,0,0,0,0,0,0,0,2,0,1,2,0,1,0,2,0037e400,"INCR",3,ff,0,"Data Secure Unprivileged",0,"4 bytes",0,00000000,"FIXED",0,00,0,"Data Secure Unprivileged",0,"1 byte",0,"OKAY",2,133d9a3b,"OKAY",00000000,0,2,0,1,0,0,0,0,2,0,1,0,2,1,1,1,0,0,b237605a,3,f,1,0,0,00000000,3,1,0,0,1,"No Read Addr Cmds","No Read Addr Cmds","No Write Addr Cmds","No Write Addr Cmds","No Write Responses","No Write Responses","_","_","_","_","_","_","_","_","No Write Data Beats","No Write Data Beats"
101,101,0,0,1,1,0,0,0,8e5ffe20afb76fe31ba56e5faf65c9d2,0,3b9a3d13b8d6963fae1d8dc05a6037b2,0,1,0,1,c74376df,ffffffdb,0,1,0,0,2,00000000,"FIXED",3,00,"Data Secure Unprivileged","1 byte",0,0,00000000,"INCR",3,00,"Data Secure Unprivileged","4 bytes",0,2,c08d1dae,"OKAY",00000000,0,2,1,0,0,0,0,0,0,0,2,0,1,2,0,1,0,2,0037e400,"INCR",3,ff,0,"Data Secure Unprivileged",0,"4 bytes",0,00000000,"FIXED",0,00,0,"Data Secure Unprivileged",0,"1 byte",0,"OKAY",2,133d9a3b,"OKAY",00000000,0,2,0,1,0,0,0,0,2,0,1,0,2,1,1,1,0,0,b237605a,3,f,1,0,0,00000000,3,1,0,0,1,"No Read Addr Cmds","No Read Addr Cmds","No Write Addr Cmds","No Write Addr Cmds","No Write Responses","No Write Responses","_","_","_","_","_","_","_","_","No Write Data Beats","No Write Data Beats"
102,102,0,0,1,1,0,0,0,8e5ffe20afb76fe31ba56e5faf65c9d2,0,3b9a3d13b8d6963fae1d8dc05a6037b2,0,1,0,1,c74376df,ffffffdb,0,1,0,0,2,00000000,"FIXED",3,00,"Data Secure Unprivileged","1 byte",0,0,00000000,"INCR",3,00,"Data Secure Unprivileged","4 bytes",0,2,c08d1dae,"OKAY",00000000,0,2,1,0,0,0,0,0,0,0,2,0,1,2,0,1,0,2,0037e400,"INCR",3,ff,0,"Data Secure Unprivileged",0,"4 bytes",0,00000000,"FIXED",0,00,0,"Data Secure Unprivileged",0,"1 byte",0,"OKAY",2,133d9a3b,"OKAY",00000000,0,2,0,1,0,0,0,0,2,0,1,0,2,1,1,1,0,0,b237605a,3,f,1,1,0,b237605a,3,f,1,1,0,"No Read Addr Cmds","No Read Addr Cmds","No Write Addr Cmds","No Write Addr Cmds","No Write Responses","No Write Responses","_","_","Active","Active","_","_","Stream Beat","Stream Beat","No Write Data Beats","No Write Data Beats"
103,103,0,0,1,1,0,0,0,8e5ffe20afb76fe31ba56e5faf65c9d2,0,3b9a3d13b8d6963fae1d8dc05a6037b2,0,1,0,0,c74376df,ffffffdb,0,1,0,0,2,00000000,"FIXED",3,00,"Data Secure Unprivileged","1 byte",0,0,00000000,"INCR",3,00,"Data Secure Unprivileged","4 bytes",0,2,c08d1dae,"SLVERR",00000000,0,2,1,0,0,0,0,0,0,0,2,0,1,2,0,1,0,2,0037e400,"INCR",3,ff,0,"Data Secure Unprivileged",0,"4 bytes",0,00000000,"FIXED",0,00,0,"Data Secure Unprivileged",0,"1 byte",0,"OKAY",2,133d9a3b,"OKAY",00000000,a,2,0,1,4,0,0,1,2,0,1,0,2,1,1,3,1,0,00000000,3,1,1,0,1,b237605a,3,f,0,0,0,"No Read Addr Cmds","No Read Addr Cmds","No Write Addr Cmds","No Write Addr Cmds","No Write Responses","No Write Responses","_","Active","_","_","_","Data Beat","_","_","No Write Data Beats","No Write Data Beats"
104,104,0,0,1,1,0,0,0,8e5ffe20afb76fe31ba56e5faf65c9d2,0,3b9a3d13b8d6963fae1d8dc05a6037b2,0,1,0,1,03b1b875,ffffffdb,0,1,0,0,2,00000000,"FIXED",3,00,"Data Secure Unprivileged","1 byte",0,0,00000000,"INCR",3,00,"Data Secure Unprivileged","4 bytes",0,2,b237605a,"SLVERR",00000000,0,2,1,0,0,0,0,0,0,0,2,0,1,2,0,1,0,2,0037e400,"INCR",3,ff,0,"Data Secure Unprivileged",0,"4 bytes",0,00000000,"FIXED",0,00,0,"Data Secure Unprivileged",0,"1 byte",0,"OKAY",2,3f96d6b8,"OKAY",00000000,a,2,0,1,4,0,0,1,2,0,1,0,2,1,1,1,0,0,00000000,3,1,1,0,1,b237605a,3,f,0,0,0,"No Read Addr Cmds","No Read Addr Cmds","No Write Addr Cmds","No Write Addr Cmds","No Write Responses","No Write Responses","_","_","_","_","_","_","_","_","No Write Data Beats","No Write Data Beats"
105,105,0,0,1,1,0,0,0,8e5ffe20afb76fe31ba56e5faf65c9d2,0,3b9a3d13b8d6963fae1d8dc05a6037b2,0,1,0,1,03b1b875,ffffffdb,0,1,0,0,2,00000000,"FIXED",3,00,"Data Secure Unprivileged","1 byte",0,0,00000000,"INCR",3,00,"Data Secure Unprivileged","4 bytes",0,2,b237605a,"SLVERR",00000000,0,2,1,0,0,0,0,0,0,0,2,0,1,2,0,1,0,2,0037e400,"INCR",3,ff,0,"Data Secure Unprivileged",0,"4 bytes",0,00000000,"FIXED",0,00,0,"Data Secure Unprivileged",0,"1 byte",0,"OKAY",2,3f96d6b8,"OKAY",00000000,a,2,0,1,4,0,0,1,2,0,1,0,2,1,1,1,0,0,00000000,3,1,1,0,1,b237605a,3,f,0,0,0,"No Read Addr Cmds","No Read Addr Cmds","No Write Addr Cmds","No Write Addr Cmds","No Write Responses","No Write Responses","_","_","_","_","_","_","_","_","No Write Data Beats","No Write Data Beats"
106,106,0,0,1,1,0,0,0,8e5ffe20afb76fe31ba56e5faf65c9d2,0,3b9a3d13b8d6963fae1d8dc05a6037b2,0,1,0,1,03b1b875,ffffffdb,0,1,0,0,2,00000000,"FIXED",3,00,"Data Secure Unprivileged","1 byte",0,0,00000000,"INCR",3,00,"Data Secure Unprivileged","4 bytes",0,2,b237605a,"SLVERR",00000000,0,2,1,0,0,0,0,0,0,0,2,0,1,2,0,1,0,2,0037e400,"INCR",3,ff,0,"Data Secure Unprivileged",0,"4 bytes",0,00000000,"FIXED",0,00,0,"Data Secure Unprivileged",0,"1 byte",0,"OKAY",2,3f96d6b8,"OKAY",00000000,a,2,0,1,4,0,0,1,2,0,1,0,2,1,1,1,0,0,00000000,3,1,1,1,1,00000000,3,1,1,1,1,"No Read Addr Cmds","No Read Addr Cmds","No Write Addr Cmds","No Write Addr Cmds","No Write Responses","No Write Responses","_","_","Active","Active","_","_","Last Stream","Last Stream","No Write Data Beats","No Write Data Beats"
107,107,0,0,1,1,0,0,0,8e5ffe20afb76fe31ba56e5faf65c9d2,0,3b9a3d13b8d6963fae1d8dc05a6037b2,0,1,0,1,03b1b875,ffffffdb,0,1,0,0,2,00000000,"FIXED",3,00,"Data Secure Unprivileged","1 byte",0,0,00000000,"INCR",3,00,"Data Secure Unprivileged","4 bytes",0,2,b237605a,"OKAY",00000000,0,2,1,0,0,0,0,0,0,0,2,0,1,3,1,1,0,2,0037e400,"INCR",3,ff,0,"Data Secure Unprivileged",0,"4 bytes",0,00000000,"FIXED",0,00,0,"Data Secure Unprivileged",0,"1 byte",0,"OKAY",2,3f96d6b8,"OKAY",00000000,0,2,0,1,0,0,0,0,2,0,1,0,2,1,1,1,0,0,133d9a3b,3,f,0,0,0,00000000,3,1,0,0,1,"No Read Addr Cmds","No Read Addr Cmds","No Write Addr Cmds","No Write Addr Cmds","No Write Responses","No Write Responses","Active","_","_","_","Data Beat","_","_","_","No Write Data Beats","No Write Data Beats"
108,108,0,0,1,1,0,0,0,8e5ffe20afb76fe31ba56e5faf65c9d2,0,3b9a3d13b8d6963fae1d8dc05a6037b2,0,1,0,1,03b1b875,ffffffdb,0,1,0,0,2,00000000,"FIXED",3,00,"Data Secure Unprivileged","1 byte",0,0,00000000,"INCR",3,00,"Data Secure Unprivileged","4 bytes",0,2,b237605a,"OKAY",00000000,0,2,1,0,0,0,0,0,0,0,2,0,1,2,0,1,0,2,0037e400,"INCR",3,ff,0,"Data Secure Unprivileged",0,"4 bytes",0,00000000,"FIXED",0,00,0,"Data Secure Unprivileged",0,"1 byte",0,"OKAY",2,3f96d6b8,"OKAY",00000000,0,2,0,1,0,0,0,0,2,0,1,0,2,1,1,1,0,0,133d9a3b,3,f,1,0,0,00000000,3,1,0,0,1,"No Read Addr Cmds","No Read Addr Cmds","No Write Addr Cmds","No Write Addr Cmds","No Write Responses","No Write Responses","_","_","_","_","_","_","_","_","No Write Data Beats","No Write Data Beats"
109,109,0,0,1,1,0,0,0,8e5ffe20afb76fe31ba56e5faf65c9d2,0,3b9a3d13b8d6963fae1d8dc05a6037b2,0,1,0,1,03b1b875,ffffffdb,0,1,0,0,2,00000000,"FIXED",3,00,"Data Secure Unprivileged","1 byte",0,0,00000000,"INCR",3,00,"Data Secure Unprivileged","4 bytes",0,2,b237605a,"OKAY",00000000,0,2,1,0,0,0,0,0,0,0,2,0,1,2,0,1,0,2,0037e400,"INCR",3,ff,0,"Data Secure Unprivileged",0,"4 bytes",0,00000000,"FIXED",0,00,0,"Data Secure Unprivileged",0,"1 byte",0,"OKAY",2,3f96d6b8,"OKAY",00000000,0,2,0,1,0,0,0,0,2,0,1,0,2,1,1,1,0,0,133d9a3b,3,f,1,0,0,00000000,3,1,0,0,1,"No Read Addr Cmds","No Read Addr Cmds","No Write Addr Cmds","No Write Addr Cmds","No Write Responses","No Write Responses","_","_","_","_","_","_","_","_","No Write Data Beats","No Write Data Beats"
110,110,0,0,1,1,0,0,0,8e5ffe20afb76fe31ba56e5faf65c9d2,0,3b9a3d13b8d6963fae1d8dc05a6037b2,0,1,0,1,03b1b875,ffffffdb,0,1,0,0,2,00000000,"FIXED",3,00,"Data Secure Unprivileged","1 byte",0,0,00000000,"INCR",3,00,"Data Secure Unprivileged","4 bytes",0,2,b237605a,"OKAY",00000000,0,2,1,0,0,0,0,0,0,0,2,0,1,2,0,1,0,2,0037e400,"INCR",3,ff,0,"Data Secure Unprivileged",0,"4 bytes",0,00000000,"FIXED",0,00,0,"Data Secure Unprivileged",0,"1 byte",0,"OKAY",2,3f96d6b8,"OKAY",00000000,0,2,0,1,0,0,0,0,2,0,1,0,2,1,1,1,0,0,133d9a3b,3,f,1,1,0,133d9a3b,3,f,1,1,0,"No Read Addr Cmds","No Read Addr Cmds","No Write Addr Cmds","No Write Addr Cmds","No Write Responses","No Write Responses","_","_","Active","Active","_","_","Stream Beat","Stream Beat","No Write Data Beats","No Write Data Beats"
111,111,0,0,1,1,0,0,0,8e5ffe20afb76fe31ba56e5faf65c9d2,0,3b9a3d13b8d6963fae1d8dc05a6037b2,0,1,0,0,03b1b875,ffffffdb,0,1,0,0,2,00000000,"FIXED",3,00,"Data Secure Unprivileged","1 byte",0,0,00000000,"INCR",3,00,"Data Secure Unprivileged","4 bytes",0,2,b237605a,"DECERR",00000000,0,2,1,0,0,0,0,0,0,0,2,0,1,2,0,1,0,2,0037e400,"INCR",3,ff,0,"Data Secure Unprivileged",0,"4 bytes",0,00000000,"FIXED",0,00,0,"Data Secure Unprivileged",0,"1 byte",0,"OKAY",2,3f96d6b8,"OKAY",00000000,b,2,0,1,4,0,0,1,2,0,1,0,2,1,1,3,1,0,00000000,3,1,1,0,1,133d9a3b,3,f,0,0,0,"No Read Addr Cmds","No Read Addr Cmds","No Write Addr Cmds","No Write Addr Cmds","No Write Responses","No Write Responses","_","Active","_","_","_","Data Beat","_","_","No Write Data Beats","No Write Data Beats"
112,112,0,0,1,1,0,0,0,8e5ffe20afb76fe31ba56e5faf65c9d2,0,3b9a3d13b8d6963fae1d8dc05a6037b2,0,1,0,1,4dec065a,ffffffdb,0,1,0,0,2,00000000,"FIXED",3,00,"Data Secure Unprivileged","1 byte",0,0,00000000,"INCR",3,00,"Data Secure Unprivileged","4 bytes",0,2,133d9a3b,"DECERR",00000000,0,2,1,0,0,0,0,0,0,0,2,0,1,2,0,1,0,2,0037e400,"INCR",3,ff,0,"Data Secure Unprivileged",0,"4 bytes",0,00000000,"FIXED",0,00,0,"Data Secure Unprivileged",0,"1 byte",0,"OKAY",2,c08d1dae,"OKAY",00000000,b,2,0,1,4,0,0,1,2,0,1,0,2,1,1,1,0,0,00000000,3,1,1,0,1,133d9a3b,3,f,0,0,0,"No Read Addr Cmds","No Read Addr Cmds","No Write Addr Cmds","No Write Addr Cmds","No Write Responses","No Write Responses","_","_","_","_","_","_","_","_","No Write Data Beats","No Write Data Beats"
113,113,0,0,1,1,0,0,0,8e5ffe20afb76fe31ba56e5faf65c9d2,0,3b9a3d13b8d6963fae1d8dc05a6037b2,0,1,0,1,4dec065a,ffffffdb,0,1,0,0,2,00000000,"FIXED",3,00,"Data Secure Unprivileged","1 byte",0,0,00000000,"INCR",3,00,"Data Secure Unprivileged","4 bytes",0,2,133d9a3b,"DECERR",00000000,0,2,1,0,0,0,0,0,0,0,2,0,1,2,0,1,0,2,0037e400,"INCR",3,ff,0,"Data Secure Unprivileged",0,"4 bytes",0,00000000,"FIXED",0,00,0,"Data Secure Unprivileged",0,"1 byte",0,"OKAY",2,c08d1dae,"OKAY",00000000,b,2,0,1,4,0,0,1,2,0,1,0,2,1,1,1,0,0,00000000,3,1,1,0,1,133d9a3b,3,f,0,0,0,"No Read Addr Cmds","No Read Addr Cmds","No Write Addr Cmds","No Write Addr Cmds","No Write Responses","No Write Responses","_","_","_","_","_","_","_","_","No Write Data Beats","No Write Data Beats"
114,114,0,0,1,1,0,0,0,8e5ffe20afb76fe31ba56e5faf65c9d2,0,3b9a3d13b8d6963fae1d8dc05a6037b2,0,1,0,1,4dec065a,ffffffdb,0,1,0,0,2,00000000,"FIXED",3,00,"Data Secure Unprivileged","1 byte",0,0,00000000,"INCR",3,00,"Data Secure Unprivileged","4 bytes",0,2,133d9a3b,"DECERR",00000000,0,2,1,0,0,0,0,0,0,0,2,0,1,2,0,1,0,2,0037e400,"INCR",3,ff,0,"Data Secure Unprivileged",0,"4 bytes",0,00000000,"FIXED",0,00,0,"Data Secure Unprivileged",0,"1 byte",0,"OKAY",2,c08d1dae,"OKAY",00000000,b,2,0,1,4,0,0,1,2,0,1,0,2,1,1,1,0,0,00000000,3,1,1,1,1,00000000,3,1,1,1,1,"No Read Addr Cmds","No Read Addr Cmds","No Write Addr Cmds","No Write Addr Cmds","No Write Responses","No Write Responses","_","_","Active","Active","_","_","Last Stream","Last Stream","No Write Data Beats","No Write Data Beats"
115,115,0,0,1,1,0,0,0,8e5ffe20afb76fe31ba56e5faf65c9d2,0,3b9a3d13b8d6963fae1d8dc05a6037b2,0,1,0,1,4dec065a,ffffffdb,0,1,0,0,2,00000000,"FIXED",3,00,"Data Secure Unprivileged","1 byte",0,0,00000000,"INCR",3,00,"Data Secure Unprivileged","4 bytes",0,2,133d9a3b,"OKAY",00000000,0,2,1,0,0,0,0,0,0,0,2,0,1,3,1,1,0,2,0037e400,"INCR",3,ff,0,"Data Secure Unprivileged",0,"4 bytes",0,00000000,"FIXED",0,00,0,"Data Secure Unprivileged",0,"1 byte",0,"OKAY",2,c08d1dae,"OKAY",00000000,0,2,0,1,0,0,0,0,2,0,1,0,2,1,1,1,0,0,3f96d6b8,3,f,0,0,0,00000000,3,1,0,0,1,"No Read Addr Cmds","No Read Addr Cmds","No Write Addr Cmds","No Write Addr Cmds","No Write Responses","No Write Responses","Active","_","_","_","Data Beat","_","_","_","No Write Data Beats","No Write Data Beats"
116,116,0,0,1,1,0,0,0,8e5ffe20afb76fe31ba56e5faf65c9d2,0,3b9a3d13b8d6963fae1d8dc05a6037b2,0,1,0,1,4dec065a,ffffffdb,0,1,0,0,2,00000000,"FIXED",3,00,"Data Secure Unprivileged","1 byte",0,0,00000000,"INCR",3,00,"Data Secure Unprivileged","4 bytes",0,2,133d9a3b,"OKAY",00000000,0,2,1,0,0,0,0,0,0,0,2,0,1,2,0,1,0,2,0037e400,"INCR",3,ff,0,"Data Secure Unprivileged",0,"4 bytes",0,00000000,"FIXED",0,00,0,"Data Secure Unprivileged",0,"1 byte",0,"OKAY",2,c08d1dae,"OKAY",00000000,0,2,0,1,0,0,0,0,2,0,1,0,2,1,1,1,0,0,3f96d6b8,3,f,1,0,0,00000000,3,1,0,0,1,"No Read Addr Cmds","No Read Addr Cmds","No Write Addr Cmds","No Write Addr Cmds","No Write Responses","No Write Responses","_","_","_","_","_","_","_","_","No Write Data Beats","No Write Data Beats"
117,117,0,0,1,1,0,0,0,8e5ffe20afb76fe31ba56e5faf65c9d2,0,3b9a3d13b8d6963fae1d8dc05a6037b2,0,1,0,1,4dec065a,ffffffdb,0,1,0,0,2,00000000,"FIXED",3,00,"Data Secure Unprivileged","1 byte",0,0,00000000,"INCR",3,00,"Data Secure Unprivileged","4 bytes",0,2,133d9a3b,"OKAY",00000000,0,2,1,0,0,0,0,0,0,0,2,0,1,2,0,1,0,2,0037e400,"INCR",3,ff,0,"Data Secure Unprivileged",0,"4 bytes",0,00000000,"FIXED",0,00,0,"Data Secure Unprivileged",0,"1 byte",0,"OKAY",2,c08d1dae,"OKAY",00000000,0,2,0,1,0,0,0,0,2,0,1,0,2,1,1,1,0,0,3f96d6b8,3,f,1,0,0,00000000,3,1,0,0,1,"No Read Addr Cmds","No Read Addr Cmds","No Write Addr Cmds","No Write Addr Cmds","No Write Responses","No Write Responses","_","_","_","_","_","_","_","_","No Write Data Beats","No Write Data Beats"
118,118,0,0,1,1,0,0,0,8e5ffe20afb76fe31ba56e5faf65c9d2,0,3b9a3d13b8d6963fae1d8dc05a6037b2,0,1,0,1,4dec065a,ffffffdb,0,1,0,0,2,00000000,"FIXED",3,00,"Data Secure Unprivileged","1 byte",0,0,00000000,"INCR",3,00,"Data Secure Unprivileged","4 bytes",0,2,133d9a3b,"OKAY",00000000,0,2,1,0,0,0,0,0,0,0,2,0,1,2,0,1,0,2,0037e400,"INCR",3,ff,0,"Data Secure Unprivileged",0,"4 bytes",0,00000000,"FIXED",0,00,0,"Data Secure Unprivileged",0,"1 byte",0,"OKAY",2,c08d1dae,"OKAY",00000000,0,2,0,1,0,0,0,0,2,0,1,0,2,1,1,1,0,0,3f96d6b8,3,f,1,1,0,3f96d6b8,3,f,1,1,0,"No Read Addr Cmds","No Read Addr Cmds","No Write Addr Cmds","No Write Addr Cmds","No Write Responses","No Write Responses","_","_","Active","Active","_","_","Stream Beat","Stream Beat","No Write Data Beats","No Write Data Beats"
119,119,0,0,1,1,0,0,0,8e5ffe20afb76fe31ba56e5faf65c9d2,0,3b9a3d13b8d6963fae1d8dc05a6037b2,0,1,0,0,4dec065a,ffffffdb,0,1,0,0,2,00000000,"FIXED",3,00,"Data Secure Unprivileged","1 byte",0,0,00000000,"INCR",3,00,"Data Secure Unprivileged","4 bytes",0,2,133d9a3b,"OKAY",00000000,0,2,1,0,0,0,0,0,0,0,2,0,1,2,0,1,0,2,0037e400,"INCR",3,ff,0,"Data Secure Unprivileged",0,"4 bytes",0,00000000,"FIXED",0,00,0,"Data Secure Unprivileged",0,"1 byte",0,"OKAY",2,c08d1dae,"OKAY",00000000,8,2,0,1,4,0,0,1,2,0,1,0,2,1,1,3,1,0,00000000,3,1,1,0,1,3f96d6b8,3,f,0,0,0,"No Read Addr Cmds","No Read Addr Cmds","No Write Addr Cmds","No Write Addr Cmds","No Write Responses","No Write Responses","_","Active","_","_","_","Data Beat","_","_","No Write Data Beats","No Write Data Beats"
120,120,0,0,1,1,0,0,0,8e5ffe20afb76fe31ba56e5faf65c9d2,0,3b9a3d13b8d6963fae1d8dc05a6037b2,0,1,0,1,c8bc59dc,ffffffdb,0,1,0,0,2,00000000,"FIXED",3,00,"Data Secure Unprivileged","1 byte",0,0,00000000,"INCR",3,00,"Data Secure Unprivileged","4 bytes",0,2,3f96d6b8,"OKAY",00000000,0,2,1,0,0,0,0,0,0,0,2,0,1,2,0,1,0,2,0037e400,"INCR",3,ff,0,"Data Secure Unprivileged",0,"4 bytes",0,00000000,"FIXED",0,00,0,"Data Secure Unprivileged",0,"1 byte",0,"OKAY",2,b237605a,"OKAY",00000000,8,2,0,1,4,0,0,1,2,0,1,0,2,1,1,1,0,0,00000000,3,1,1,0,1,3f96d6b8,3,f,0,0,0,"No Read Addr Cmds","No Read Addr Cmds","No Write Addr Cmds","No Write Addr Cmds","No Write Responses","No Write Responses","_","_","_","_","_","_","_","_","No Write Data Beats","No Write Data Beats"
121,121,0,0,1,1,0,0,0,8e5ffe20afb76fe31ba56e5faf65c9d2,0,3b9a3d13b8d6963fae1d8dc05a6037b2,0,1,0,1,c8bc59dc,ffffffdb,0,1,0,0,2,00000000,"FIXED",3,00,"Data Secure Unprivileged","1 byte",0,0,00000000,"INCR",3,00,"Data Secure Unprivileged","4 bytes",0,2,3f96d6b8,"OKAY",00000000,0,2,1,0,0,0,0,0,0,0,2,0,1,2,0,1,0,2,0037e400,"INCR",3,ff,0,"Data Secure Unprivileged",0,"4 bytes",0,00000000,"FIXED",0,00,0,"Data Secure Unprivileged",0,"1 byte",0,"OKAY",2,b237605a,"OKAY",00000000,8,2,0,1,4,0,0,1,2,0,1,0,2,1,1,1,0,0,00000000,3,1,1,0,1,3f96d6b8,3,f,0,0,0,"No Read Addr Cmds","No Read Addr Cmds","No Write Addr Cmds","No Write Addr Cmds","No Write Responses","No Write Responses","_","_","_","_","_","_","_","_","No Write Data Beats","No Write Data Beats"
122,122,0,0,1,1,0,0,0,8e5ffe20afb76fe31ba56e5faf65c9d2,0,3b9a3d13b8d6963fae1d8dc05a6037b2,0,1,0,1,c8bc59dc,ffffffdb,0,1,0,0,2,00000000,"FIXED",3,00,"Data Secure Unprivileged","1 byte",0,0,00000000,"INCR",3,00,"Data Secure Unprivileged","4 bytes",0,2,3f96d6b8,"OKAY",00000000,0,2,1,0,0,0,0,0,0,0,2,0,1,2,0,1,0,2,0037e400,"INCR",3,ff,0,"Data Secure Unprivileged",0,"4 bytes",0,00000000,"FIXED",0,00,0,"Data Secure Unprivileged",0,"1 byte",0,"OKAY",2,b237605a,"OKAY",00000000,8,2,0,1,4,0,0,1,2,0,1,0,2,1,1,1,0,0,00000000,3,1,1,1,1,00000000,3,1,1,1,1,"No Read Addr Cmds","No Read Addr Cmds","No Write Addr Cmds","No Write Addr Cmds","No Write Responses","No Write Responses","_","_","Active","Active","_","_","Last Stream","Last Stream","No Write Data Beats","No Write Data Beats"
123,123,0,0,1,1,0,0,0,8e5ffe20afb76fe31ba56e5faf65c9d2,0,3b9a3d13b8d6963fae1d8dc05a6037b2,0,1,0,1,c8bc59dc,ffffffdb,0,1,0,0,2,00000000,"FIXED",3,00,"Data Secure Unprivileged","1 byte",0,0,00000000,"INCR",3,00,"Data Secure Unprivileged","4 bytes",0,2,3f96d6b8,"OKAY",00000000,0,2,1,0,0,0,0,0,0,0,2,0,1,3,1,1,0,2,0037e400,"INCR",3,ff,0,"Data Secure Unprivileged",0,"4 bytes",0,00000000,"FIXED",0,00,0,"Data Secure Unprivileged",0,"1 byte",0,"OKAY",2,b237605a,"OKAY",00000000,0,2,0,1,0,0,0,0,2,0,1,0,2,1,1,1,0,0,c08d1dae,3,f,0,0,0,00000000,3,1,0,0,1,"No Read Addr Cmds","No Read Addr Cmds","No Write Addr Cmds","No Write Addr Cmds","No Write Responses","No Write Responses","Active","_","_","_","Data Beat","_","_","_","No Write Data Beats","No Write Data Beats"
124,124,0,0,1,1,0,0,0,8e5ffe20afb76fe31ba56e5faf65c9d2,0,3b9a3d13b8d6963fae1d8dc05a6037b2,0,1,0,1,c8bc59dc,ffffffdb,0,1,0,0,2,00000000,"FIXED",3,00,"Data Secure Unprivileged","1 byte",0,0,00000000,"INCR",3,00,"Data Secure Unprivileged","4 bytes",0,2,3f96d6b8,"OKAY",00000000,0,2,1,0,0,0,0,0,0,0,2,0,1,2,0,1,0,2,0037e400,"INCR",3,ff,0,"Data Secure Unprivileged",0,"4 bytes",0,00000000,"FIXED",0,00,0,"Data Secure Unprivileged",0,"1 byte",0,"OKAY",2,b237605a,"OKAY",00000000,0,2,0,1,0,0,0,0,2,0,1,0,2,1,1,1,0,0,c08d1dae,3,f,1,0,0,00000000,3,1,0,0,1,"No Read Addr Cmds","No Read Addr Cmds","No Write Addr Cmds","No Write Addr Cmds","No Write Responses","No Write Responses","_","_","_","_","_","_","_","_","No Write Data Beats","No Write Data Beats"
125,125,0,0,1,1,0,0,0,8e5ffe20afb76fe31ba56e5faf65c9d2,0,3b9a3d13b8d6963fae1d8dc05a6037b2,0,1,0,1,c8bc59dc,ffffffdb,0,1,0,0,2,00000000,"FIXED",3,00,"Data Secure Unprivileged","1 byte",0,0,00000000,"INCR",3,00,"Data Secure Unprivileged","4 bytes",0,2,3f96d6b8,"OKAY",00000000,0,2,1,0,0,0,0,0,0,0,2,0,1,2,0,1,0,2,0037e400,"INCR",3,ff,0,"Data Secure Unprivileged",0,"4 bytes",0,00000000,"FIXED",0,00,0,"Data Secure Unprivileged",0,"1 byte",0,"OKAY",2,b237605a,"OKAY",00000000,0,2,0,1,0,0,0,0,2,0,1,0,2,1,1,1,0,0,c08d1dae,3,f,1,0,0,00000000,3,1,0,0,1,"No Read Addr Cmds","No Read Addr Cmds","No Write Addr Cmds","No Write Addr Cmds","No Write Responses","No Write Responses","_","_","_","_","_","_","_","_","No Write Data Beats","No Write Data Beats"
126,126,0,0,1,1,0,0,0,8e5ffe20afb76fe31ba56e5faf65c9d2,0,3b9a3d13b8d6963fae1d8dc05a6037b2,0,1,0,1,c8bc59dc,ffffffdb,0,1,0,0,2,00000000,"FIXED",3,00,"Data Secure Unprivileged","1 byte",0,0,00000000,"INCR",3,00,"Data Secure Unprivileged","4 bytes",0,2,3f96d6b8,"OKAY",00000000,0,2,1,0,0,0,0,0,0,0,2,0,1,2,0,1,0,2,0037e400,"INCR",3,ff,0,"Data Secure Unprivileged",0,"4 bytes",0,00000000,"FIXED",0,00,0,"Data Secure Unprivileged",0,"1 byte",0,"OKAY",2,b237605a,"OKAY",00000000,0,2,0,1,0,0,0,0,2,0,1,0,2,1,1,1,0,0,c08d1dae,3,f,1,1,0,7a46913c,3,f,1,1,0,"No Read Addr Cmds","No Read Addr Cmds","No Write Addr Cmds","No Write Addr Cmds","No Write Responses","No Write Responses","_","_","Active","Active","_","_","Stream Beat","Stream Beat","No Write Data Beats","No Write Data Beats"
127,127,0,0,1,1,0,0,0,8e5ffe20afb76fe31ba56e5faf65c9d2,0,3b9a3d13b8d6963fae1d8dc05a6037b2,0,1,0,0,c8bc59dc,ffffffdb,0,1,0,0,2,00000000,"FIXED",3,00,"Data Secure Unprivileged","1 byte",0,0,00000000,"INCR",3,00,"Data Secure Unprivileged","4 bytes",0,2,3f96d6b8,"OKAY",00000000,0,2,1,0,0,0,0,0,0,0,2,0,1,6,0,1,1,2,0037e400,"INCR",3,ff,0,"Data Secure Unprivileged",0,"4 bytes",0,00000000,"FIXED",0,00,0,"Data Secure Unprivileged",0,"1 byte",0,"OKAY",2,b237605a,"OKAY",00000000,c,2,0,1,4,0,0,1,2,0,1,0,2,1,1,3,1,0,00000000,3,1,1,0,1,7a46913c,3,f,0,0,0,"No Read Addr Cmds","No Read Addr Cmds","No Write Addr Cmds","No Write Addr Cmds","No Write Responses","No Write Responses","_","Active","_","_","_","Data Beat","_","_","No Write Data Beats","No Write Data Beats"
128,128,0,0,1,1,0,0,0,8e5ffe20afb76fe31ba56e5faf65c9d2,0,3b9a3d13b8d6963fae1d8dc05a6037b2,0,1,0,1,fc696b1d,ffffffdb,0,1,0,0,2,00000000,"FIXED",3,00,"Data Secure Unprivileged","1 byte",0,0,00000000,"INCR",3,00,"Data Secure Unprivileged","4 bytes",0,2,7a46913c,"OKAY",00000000,0,2,1,0,0,0,0,0,0,0,2,0,1,6,0,1,1,2,0037e400,"INCR",3,ff,0,"Data Secure Unprivileged",0,"4 bytes",0,00000000,"FIXED",0,00,0,"Data Secure Unprivileged",0,"1 byte",0,"OKAY",2,133d9a3b,"OKAY",00000000,c,2,0,1,4,0,0,1,2,0,1,0,2,1,1,1,0,0,00000000,3,1,1,0,1,7a46913c,3,f,0,0,0,"No Read Addr Cmds","No Read Addr Cmds","No Write Addr Cmds","No Write Addr Cmds","No Write Responses","No Write Responses","_","_","_","_","_","_","_","_","No Write Data Beats","No Write Data Beats"
129,129,0,0,1,1,0,0,0,8e5ffe20afb76fe31ba56e5faf65c9d2,0,3b9a3d13b8d6963fae1d8dc05a6037b2,0,1,0,1,fc696b1d,ffffffdb,0,1,0,0,2,00000000,"FIXED",3,00,"Data Secure Unprivileged","1 byte",0,0,00000000,"INCR",3,00,"Data Secure Unprivileged","4 bytes",0,2,7a46913c,"OKAY",00000000,0,2,1,0,0,0,0,0,0,0,2,0,1,6,0,1,1,2,0037e400,"INCR",3,ff,0,"Data Secure Unprivileged",0,"4 bytes",0,00000000,"FIXED",0,00,0,"Data Secure Unprivileged",0,"1 byte",0,"OKAY",2,133d9a3b,"OKAY",00000000,c,2,0,1,4,0,0,1,2,0,1,0,2,1,1,1,0,0,00000000,3,1,1,0,1,7a46913c,3,f,0,0,0,"No Read Addr Cmds","No Read Addr Cmds","No Write Addr Cmds","No Write Addr Cmds","No Write Responses","No Write Responses","_","_","_","_","_","_","_","_","No Write Data Beats","No Write Data Beats"
130,130,0,0,1,1,0,0,0,8e5ffe20afb76fe31ba56e5faf65c9d2,0,3b9a3d13b8d6963fae1d8dc05a6037b2,0,1,0,1,fc696b1d,ffffffdb,0,1,0,0,2,00000000,"FIXED",3,00,"Data Secure Unprivileged","1 byte",0,0,00000000,"INCR",3,00,"Data Secure Unprivileged","4 bytes",0,2,7a46913c,"OKAY",00000000,0,2,1,0,0,0,0,0,0,0,2,0,1,6,0,1,1,2,0037e400,"INCR",3,ff,0,"Data Secure Unprivileged",0,"4 bytes",0,00000000,"FIXED",0,00,0,"Data Secure Unprivileged",0,"1 byte",0,"OKAY",2,133d9a3b,"OKAY",00000000,c,2,0,1,4,0,0,1,2,0,1,0,2,1,1,1,0,0,00000000,3,1,1,1,1,00000000,3,1,1,1,1,"No Read Addr Cmds","No Read Addr Cmds","No Write Addr Cmds","No Write Addr Cmds","No Write Responses","No Write Responses","_","_","Active","Active","_","_","Last Stream","Last Stream","No Write Data Beats","No Write Data Beats"
131,131,0,0,1,1,0,0,0,8e5ffe20afb76fe31ba56e5faf65c9d2,0,3b9a3d13b8d6963fae1d8dc05a6037b2,0,1,0,1,fc696b1d,ffffffdb,0,1,0,0,2,00000000,"FIXED",3,00,"Data Secure Unprivileged","1 byte",0,0,00000000,"INCR",3,00,"Data Secure Unprivileged","4 bytes",0,2,7a46913c,"OKAY",00000000,0,2,1,0,0,0,0,0,0,0,2,0,1,3,1,1,0,2,0037e400,"INCR",3,ff,0,"Data Secure Unprivileged",0,"4 bytes",0,00000000,"FIXED",0,00,0,"Data Secure Unprivileged",0,"1 byte",0,"OKAY",2,133d9a3b,"OKAY",00000000,0,2,0,1,0,0,0,0,2,0,1,0,2,1,1,1,0,0,b237605a,3,f,0,0,0,00000000,3,1,0,0,1,"No Read Addr Cmds","No Read Addr Cmds","No Write Addr Cmds","No Write Addr Cmds","No Write Responses","No Write Responses","Active","_","_","_","Data Beat","_","_","_","No Write Data Beats","No Write Data Beats"
132,132,0,0,1,1,0,0,0,8e5ffe20afb76fe31ba56e5faf65c9d2,0,3b9a3d13b8d6963fae1d8dc05a6037b2,0,1,0,1,fc696b1d,ffffffdb,0,1,0,0,2,00000000,"FIXED",3,00,"Data Secure Unprivileged","1 byte",0,0,00000000,"INCR",3,00,"Data Secure Unprivileged","4 bytes",0,2,7a46913c,"OKAY",00000000,0,2,1,0,0,0,0,0,0,0,2,0,1,2,0,1,0,2,0037e400,"INCR",3,ff,0,"Data Secure Unprivileged",0,"4 bytes",0,00000000,"FIXED",0,00,0,"Data Secure Unprivileged",0,"1 byte",0,"OKAY",2,133d9a3b,"OKAY",00000000,0,2,0,1,0,0,0,0,2,0,1,0,2,1,1,1,0,0,b237605a,3,f,1,0,0,00000000,3,1,0,0,1,"No Read Addr Cmds","No Read Addr Cmds","No Write Addr Cmds","No Write Addr Cmds","No Write Responses","No Write Responses","_","_","_","_","_","_","_","_","No Write Data Beats","No Write Data Beats"
133,133,0,0,1,1,0,0,0,8e5ffe20afb76fe31ba56e5faf65c9d2,0,3b9a3d13b8d6963fae1d8dc05a6037b2,0,1,0,1,fc696b1d,ffffffdb,0,1,0,0,2,00000000,"FIXED",3,00,"Data Secure Unprivileged","1 byte",0,0,00000000,"INCR",3,00,"Data Secure Unprivileged","4 bytes",0,2,7a46913c,"OKAY",00000000,0,2,1,0,0,0,0,0,0,0,2,0,1,2,0,1,0,2,0037e400,"INCR",3,ff,0,"Data Secure Unprivileged",0,"4 bytes",0,00000000,"FIXED",0,00,0,"Data Secure Unprivileged",0,"1 byte",0,"OKAY",2,133d9a3b,"OKAY",00000000,0,2,0,1,0,0,0,0,2,0,1,0,2,1,1,1,0,0,b237605a,3,f,1,0,0,00000000,3,1,0,0,1,"No Read Addr Cmds","No Read Addr Cmds","No Write Addr Cmds","No Write Addr Cmds","No Write Responses","No Write Responses","_","_","_","_","_","_","_","_","No Write Data Beats","No Write Data Beats"
134,134,0,0,1,1,0,0,0,8e5ffe20afb76fe31ba56e5faf65c9d2,0,3b9a3d13b8d6963fae1d8dc05a6037b2,0,1,0,1,fc696b1d,ffffffdb,0,1,0,0,2,00000000,"FIXED",3,00,"Data Secure Unprivileged","1 byte",0,0,00000000,"INCR",3,00,"Data Secure Unprivileged","4 bytes",0,2,7a46913c,"OKAY",00000000,0,2,1,0,0,0,0,0,0,0,2,0,1,2,0,1,0,2,0037e400,"INCR",3,ff,0,"Data Secure Unprivileged",0,"4 bytes",0,00000000,"FIXED",0,00,0,"Data Secure Unprivileged",0,"1 byte",0,"OKAY",2,133d9a3b,"OKAY",00000000,0,2,0,1,0,0,0,0,2,0,1,0,2,1,1,1,0,0,b237605a,3,f,1,1,0,2bb078a4,3,f,1,1,0,"No Read Addr Cmds","No Read Addr Cmds","No Write Addr Cmds","No Write Addr Cmds","No Write Responses","No Write Responses","_","_","Active","Active","_","_","Stream Beat","Stream Beat","No Write Data Beats","No Write Data Beats"
135,135,0,0,1,1,0,0,0,8e5ffe20afb76fe31ba56e5faf65c9d2,0,3b9a3d13b8d6963fae1d8dc05a6037b2,0,1,0,0,fc696b1d,ffffffdb,0,1,0,0,2,00000000,"FIXED",3,00,"Data Secure Unprivileged","1 byte",0,0,00000000,"INCR",3,00,"Data Secure Unprivileged","4 bytes",0,2,7a46913c,"OKAY",00000000,0,2,1,0,0,0,0,0,0,0,2,0,1,6,0,1,1,2,0037e400,"INCR",3,ff,0,"Data Secure Unprivileged",0,"4 bytes",0,00000000,"FIXED",0,00,0,"Data Secure Unprivileged",0,"1 byte",0,"OKAY",2,133d9a3b,"OKAY",00000000,4,2,0,1,0,0,0,0,2,0,1,0,2,1,1,3,1,0,00000000,3,1,1,0,1,2bb078a4,3,f,0,0,0,"No Read Addr Cmds","No Read Addr Cmds","No Write Addr Cmds","No Write Addr Cmds","No Write Responses","No Write Responses","_","Active","_","_","_","Data Beat","_","_","No Write Data Beats","No Write Data Beats"
136,136,0,0,1,1,0,0,0,8e5ffe20afb76fe31ba56e5faf65c9d2,0,3b9a3d13b8d6963fae1d8dc05a6037b2,0,1,0,1,5e62893c,ffffffdb,0,1,0,0,2,00000000,"FIXED",3,00,"Data Secure Unprivileged","1 byte",0,0,00000000,"INCR",3,00,"Data Secure Unprivileged","4 bytes",0,2,2bb078a4,"OKAY",00000000,0,2,1,0,0,0,0,0,0,0,2,0,1,6,0,1,1,2,0037e400,"INCR",3,ff,0,"Data Secure Unprivileged",0,"4 bytes",0,00000000,"FIXED",0,00,0,"Data Secure Unprivileged",0,"1 byte",0,"OKAY",2,3f96d6b8,"OKAY",00000000,4,2,0,1,0,0,0,0,2,0,1,0,2,1,1,1,0,0,00000000,3,1,1,0,1,2bb078a4,3,f,0,0,0,"No Read Addr Cmds","No Read Addr Cmds","No Write Addr Cmds","No Write Addr Cmds","No Write Responses","No Write Responses","_","_","_","_","_","_","_","_","No Write Data Beats","No Write Data Beats"
137,137,0,0,1,1,0,0,0,8e5ffe20afb76fe31ba56e5faf65c9d2,0,3b9a3d13b8d6963fae1d8dc05a6037b2,0,1,0,1,5e62893c,ffffffdb,0,1,0,0,2,00000000,"FIXED",3,00,"Data Secure Unprivileged","1 byte",0,0,00000000,"INCR",3,00,"Data Secure Unprivileged","4 bytes",0,2,2bb078a4,"OKAY",00000000,0,2,1,0,0,0,0,0,0,0,2,0,1,6,0,1,1,2,0037e400,"INCR",3,ff,0,"Data Secure Unprivileged",0,"4 bytes",0,00000000,"FIXED",0,00,0,"Data Secure Unprivileged",0,"1 byte",0,"OKAY",2,3f96d6b8,"OKAY",00000000,4,2,0,1,0,0,0,0,2,0,1,0,2,1,1,1,0,0,00000000,3,1,1,0,1,2bb078a4,3,f,0,0,0,"No Read Addr Cmds","No Read Addr Cmds","No Write Addr Cmds","No Write Addr Cmds","No Write Responses","No Write Responses","_","_","_","_","_","_","_","_","No Write Data Beats","No Write Data Beats"
138,138,0,0,1,1,0,0,0,8e5ffe20afb76fe31ba56e5faf65c9d2,0,3b9a3d13b8d6963fae1d8dc05a6037b2,0,1,0,1,5e62893c,ffffffdb,0,1,0,0,2,00000000,"FIXED",3,00,"Data Secure Unprivileged","1 byte",0,0,00000000,"INCR",3,00,"Data Secure Unprivileged","4 bytes",0,2,2bb078a4,"OKAY",00000000,0,2,1,0,0,0,0,0,0,0,2,0,1,6,0,1,1,2,0037e400,"INCR",3,ff,0,"Data Secure Unprivileged",0,"4 bytes",0,00000000,"FIXED",0,00,0,"Data Secure Unprivileged",0,"1 byte",0,"OKAY",2,3f96d6b8,"OKAY",00000000,4,2,0,1,0,0,0,0,2,0,1,0,2,1,1,1,0,0,00000000,3,1,1,1,1,00000000,3,1,1,1,1,"No Read Addr Cmds","No Read Addr Cmds","No Write Addr Cmds","No Write Addr Cmds","No Write Responses","No Write Responses","_","_","Active","Active","_","_","Last Stream","Last Stream","No Write Data Beats","No Write Data Beats"
139,139,0,0,1,1,0,0,0,8e5ffe20afb76fe31ba56e5faf65c9d2,0,3b9a3d13b8d6963fae1d8dc05a6037b2,0,1,0,1,5e62893c,ffffffdb,0,1,0,0,2,00000000,"FIXED",3,00,"Data Secure Unprivileged","1 byte",0,0,00000000,"INCR",3,00,"Data Secure Unprivileged","4 bytes",0,2,2bb078a4,"OKAY",00000000,0,2,1,0,0,0,0,0,0,0,2,0,1,3,1,1,0,2,0037e400,"INCR",3,ff,0,"Data Secure Unprivileged",0,"4 bytes",0,00000000,"FIXED",0,00,0,"Data Secure Unprivileged",0,"1 byte",0,"OKAY",2,3f96d6b8,"OKAY",00000000,0,2,0,1,0,0,0,0,2,0,1,0,2,1,1,1,0,0,133d9a3b,3,f,0,0,0,00000000,3,1,0,0,1,"No Read Addr Cmds","No Read Addr Cmds","No Write Addr Cmds","No Write Addr Cmds","No Write Responses","No Write Responses","Active","_","_","_","Data Beat","_","_","_","No Write Data Beats","No Write Data Beats"
140,140,0,0,1,1,0,0,0,8e5ffe20afb76fe31ba56e5faf65c9d2,0,3b9a3d13b8d6963fae1d8dc05a6037b2,0,1,0,1,5e62893c,ffffffdb,0,1,0,0,2,00000000,"FIXED",3,00,"Data Secure Unprivileged","1 byte",0,0,00000000,"INCR",3,00,"Data Secure Unprivileged","4 bytes",0,2,2bb078a4,"OKAY",00000000,0,2,1,0,0,0,0,0,0,0,2,0,1,2,0,1,0,2,0037e400,"INCR",3,ff,0,"Data Secure Unprivileged",0,"4 bytes",0,00000000,"FIXED",0,00,0,"Data Secure Unprivileged",0,"1 byte",0,"OKAY",2,3f96d6b8,"OKAY",00000000,0,2,0,1,0,0,0,0,2,0,1,0,2,1,1,1,0,0,133d9a3b,3,f,1,0,0,00000000,3,1,0,0,1,"No Read Addr Cmds","No Read Addr Cmds","No Write Addr Cmds","No Write Addr Cmds","No Write Responses","No Write Responses","_","_","_","_","_","_","_","_","No Write Data Beats","No Write Data Beats"
141,141,0,0,1,1,0,0,0,8e5ffe20afb76fe31ba56e5faf65c9d2,0,3b9a3d13b8d6963fae1d8dc05a6037b2,0,1,0,1,5e62893c,ffffffdb,0,1,0,0,2,00000000,"FIXED",3,00,"Data Secure Unprivileged","1 byte",0,0,00000000,"INCR",3,00,"Data Secure Unprivileged","4 bytes",0,2,2bb078a4,"OKAY",00000000,0,2,1,0,0,0,0,0,0,0,2,0,1,2,0,1,0,2,0037e400,"INCR",3,ff,0,"Data Secure Unprivileged",0,"4 bytes",0,00000000,"FIXED",0,00,0,"Data Secure Unprivileged",0,"1 byte",0,"OKAY",2,3f96d6b8,"OKAY",00000000,0,2,0,1,0,0,0,0,2,0,1,0,2,1,1,1,0,0,133d9a3b,3,f,1,0,0,00000000,3,1,0,0,1,"No Read Addr Cmds","No Read Addr Cmds","No Write Addr Cmds","No Write Addr Cmds","No Write Responses","No Write Responses","_","_","_","_","_","_","_","_","No Write Data Beats","No Write Data Beats"
142,142,0,0,1,1,0,0,0,8e5ffe20afb76fe31ba56e5faf65c9d2,0,3b9a3d13b8d6963fae1d8dc05a6037b2,0,1,0,1,5e62893c,ffffffdb,0,1,0,0,2,00000000,"FIXED",3,00,"Data Secure Unprivileged","1 byte",0,0,00000000,"INCR",3,00,"Data Secure Unprivileged","4 bytes",0,2,2bb078a4,"OKAY",00000000,0,2,1,0,0,0,0,0,0,0,2,0,1,2,0,1,0,2,0037e400,"INCR",3,ff,0,"Data Secure Unprivileged",0,"4 bytes",0,00000000,"FIXED",0,00,0,"Data Secure Unprivileged",0,"1 byte",0,"OKAY",2,3f96d6b8,"OKAY",00000000,0,2,0,1,0,0,0,0,2,0,1,0,2,1,1,1,0,0,133d9a3b,3,f,1,1,0,7f013f49,3,f,1,1,0,"No Read Addr Cmds","No Read Addr Cmds","No Write Addr Cmds","No Write Addr Cmds","No Write Responses","No Write Responses","_","_","Active","Active","_","_","Stream Beat","Stream Beat","No Write Data Beats","No Write Data Beats"
143,143,0,0,1,1,0,0,0,8e5ffe20afb76fe31ba56e5faf65c9d2,0,3b9a3d13b8d6963fae1d8dc05a6037b2,0,1,0,0,5e62893c,ffffffdb,0,1,0,0,2,00000000,"FIXED",3,00,"Data Secure Unprivileged","1 byte",0,0,00000000,"INCR",3,00,"Data Secure Unprivileged","4 bytes",0,2,2bb078a4,"EXOKAY",00000000,0,2,1,0,0,0,0,0,0,0,2,0,1,2,0,1,0,2,0037e400,"INCR",3,ff,0,"Data Secure Unprivileged",0,"4 bytes",0,00000000,"FIXED",0,00,0,"Data Secure Unprivileged",0,"1 byte",0,"OKAY",2,3f96d6b8,"OKAY",00000000,9,2,0,1,0,0,0,0,2,0,1,0,2,1,1,3,1,0,00000000,3,1,1,0,1,7f013f49,3,f,0,0,0,"No Read Addr Cmds","No Read Addr Cmds","No Write Addr Cmds","No Write Addr Cmds","No Write Responses","No Write Responses","_","Active","_","_","_","Data Beat","_","_","No Write Data Beats","No Write Data Beats"
144,144,0,0,1,1,0,0,0,8e5ffe20afb76fe31ba56e5faf65c9d2,0,3b9a3d13b8d6963fae1d8dc05a6037b2,0,1,0,1,d40d1e25,ffffffdb,0,1,0,0,2,00000000,"FIXED",3,00,"Data Secure Unprivileged","1 byte",0,0,00000000,"INCR",3,00,"Data Secure Unprivileged","4 bytes",0,2,7f013f49,"EXOKAY",00000000,0,2,1,0,0,0,0,0,0,0,2,0,1,2,0,1,0,2,0037e400,"INCR",3,ff,0,"Data Secure Unprivileged",0,"4 bytes",0,00000000,"FIXED",0,00,0,"Data Secure Unprivileged",0,"1 byte",0,"OKAY",2,c08d1dae,"OKAY",00000000,9,2,0,1,0,0,0,0,2,0,1,0,2,1,1,1,0,0,00000000,3,1,1,0,1,7f013f49,3,f,0,0,0,"No Read Addr Cmds","No Read Addr Cmds","No Write Addr Cmds","No Write Addr Cmds","No Write Responses","No Write Responses","_","_","_","_","_","_","_","_","No Write Data Beats","No Write Data Beats"
145,145,0,0,1,1,0,0,0,8e5ffe20afb76fe31ba56e5faf65c9d2,0,3b9a3d13b8d6963fae1d8dc05a6037b2,0,1,0,1,d40d1e25,ffffffdb,0,1,0,0,2,00000000,"FIXED",3,00,"Data Secure Unprivileged","1 byte",0,0,00000000,"INCR",3,00,"Data Secure Unprivileged","4 bytes",0,2,7f013f49,"EXOKAY",00000000,0,2,1,0,0,0,0,0,0,0,2,0,1,2,0,1,0,2,0037e400,"INCR",3,ff,0,"Data Secure Unprivileged",0,"4 bytes",0,00000000,"FIXED",0,00,0,"Data Secure Unprivileged",0,"1 byte",0,"OKAY",2,c08d1dae,"OKAY",00000000,9,2,0,1,0,0,0,0,2,0,1,0,2,1,1,1,0,0,00000000,3,1,1,0,1,7f013f49,3,f,0,0,0,"No Read Addr Cmds","No Read Addr Cmds","No Write Addr Cmds","No Write Addr Cmds","No Write Responses","No Write Responses","_","_","_","_","_","_","_","_","No Write Data Beats","No Write Data Beats"
146,146,0,0,1,1,0,0,0,8e5ffe20afb76fe31ba56e5faf65c9d2,0,3b9a3d13b8d6963fae1d8dc05a6037b2,0,1,0,1,d40d1e25,ffffffdb,0,1,0,0,2,00000000,"FIXED",3,00,"Data Secure Unprivileged","1 byte",0,0,00000000,"INCR",3,00,"Data Secure Unprivileged","4 bytes",0,2,7f013f49,"EXOKAY",00000000,0,2,1,0,0,0,0,0,0,0,2,0,1,2,0,1,0,2,0037e400,"INCR",3,ff,0,"Data Secure Unprivileged",0,"4 bytes",0,00000000,"FIXED",0,00,0,"Data Secure Unprivileged",0,"1 byte",0,"OKAY",2,c08d1dae,"OKAY",00000000,9,2,0,1,0,0,0,0,2,0,1,0,2,1,1,1,0,0,00000000,3,1,1,1,1,00000000,3,1,1,1,1,"No Read Addr Cmds","No Read Addr Cmds","No Write Addr Cmds","No Write Addr Cmds","No Write Responses","No Write Responses","_","_","Active","Active","_","_","Last Stream","Last Stream","No Write Data Beats","No Write Data Beats"
147,147,0,0,1,1,0,0,0,8e5ffe20afb76fe31ba56e5faf65c9d2,0,3b9a3d13b8d6963fae1d8dc05a6037b2,0,1,0,1,d40d1e25,ffffffdb,0,1,0,0,2,00000000,"FIXED",3,00,"Data Secure Unprivileged","1 byte",0,0,00000000,"INCR",3,00,"Data Secure Unprivileged","4 bytes",0,2,7f013f49,"OKAY",00000000,0,2,1,0,0,0,0,0,0,0,2,0,1,3,1,1,0,2,0037e400,"INCR",3,ff,0,"Data Secure Unprivileged",0,"4 bytes",0,00000000,"FIXED",0,00,0,"Data Secure Unprivileged",0,"1 byte",0,"OKAY",2,c08d1dae,"OKAY",00000000,0,2,0,1,0,0,0,0,2,0,1,0,2,1,1,1,0,0,3f96d6b8,3,f,0,0,0,00000000,3,1,0,0,1,"No Read Addr Cmds","No Read Addr Cmds","No Write Addr Cmds","No Write Addr Cmds","No Write Responses","No Write Responses","Active","_","_","_","Data Beat","_","_","_","No Write Data Beats","No Write Data Beats"
148,148,0,0,1,1,0,0,0,8e5ffe20afb76fe31ba56e5faf65c9d2,0,3b9a3d13b8d6963fae1d8dc05a6037b2,0,1,0,1,d40d1e25,ffffffdb,0,1,0,0,2,00000000,"FIXED",3,00,"Data Secure Unprivileged","1 byte",0,0,00000000,"INCR",3,00,"Data Secure Unprivileged","4 bytes",0,2,7f013f49,"OKAY",00000000,0,2,1,0,0,0,0,0,0,0,2,0,1,2,0,1,0,2,0037e400,"INCR",3,ff,0,"Data Secure Unprivileged",0,"4 bytes",0,00000000,"FIXED",0,00,0,"Data Secure Unprivileged",0,"1 byte",0,"OKAY",2,c08d1dae,"OKAY",00000000,0,2,0,1,0,0,0,0,2,0,1,0,2,1,1,1,0,0,3f96d6b8,3,f,1,0,0,00000000,3,1,0,0,1,"No Read Addr Cmds","No Read Addr Cmds","No Write Addr Cmds","No Write Addr Cmds","No Write Responses","No Write Responses","_","_","_","_","_","_","_","_","No Write Data Beats","No Write Data Beats"
149,149,0,0,1,1,0,0,0,8e5ffe20afb76fe31ba56e5faf65c9d2,0,3b9a3d13b8d6963fae1d8dc05a6037b2,0,1,0,1,d40d1e25,ffffffdb,0,1,0,0,2,00000000,"FIXED",3,00,"Data Secure Unprivileged","1 byte",0,0,00000000,"INCR",3,00,"Data Secure Unprivileged","4 bytes",0,2,7f013f49,"OKAY",00000000,0,2,1,0,0,0,0,0,0,0,2,0,1,2,0,1,0,2,0037e400,"INCR",3,ff,0,"Data Secure Unprivileged",0,"4 bytes",0,00000000,"FIXED",0,00,0,"Data Secure Unprivileged",0,"1 byte",0,"OKAY",2,c08d1dae,"OKAY",00000000,0,2,0,1,0,0,0,0,2,0,1,0,2,1,1,1,0,0,3f96d6b8,3,f,1,0,0,00000000,3,1,0,0,1,"No Read Addr Cmds","No Read Addr Cmds","No Write Addr Cmds","No Write Addr Cmds","No Write Responses","No Write Responses","_","_","_","_","_","_","_","_","No Write Data Beats","No Write Data Beats"
150,150,0,0,1,1,0,0,0,8e5ffe20afb76fe31ba56e5faf65c9d2,0,3b9a3d13b8d6963fae1d8dc05a6037b2,0,1,0,1,d40d1e25,ffffffdb,0,1,0,0,2,00000000,"FIXED",3,00,"Data Secure Unprivileged","1 byte",0,0,00000000,"INCR",3,00,"Data Secure Unprivileged","4 bytes",0,2,7f013f49,"OKAY",00000000,0,2,1,0,0,0,0,0,0,0,2,0,1,2,0,1,0,2,0037e400,"INCR",3,ff,0,"Data Secure Unprivileged",0,"4 bytes",0,00000000,"FIXED",0,00,0,"Data Secure Unprivileged",0,"1 byte",0,"OKAY",2,c08d1dae,"OKAY",00000000,0,2,0,1,0,0,0,0,2,0,1,0,2,1,1,1,0,0,3f96d6b8,3,f,1,1,0,9243715d,3,f,1,1,0,"No Read Addr Cmds","No Read Addr Cmds","No Write Addr Cmds","No Write Addr Cmds","No Write Responses","No Write Responses","_","_","Active","Active","_","_","Stream Beat","Stream Beat","No Write Data Beats","No Write Data Beats"
151,151,0,0,1,1,0,0,0,8e5ffe20afb76fe31ba56e5faf65c9d2,0,3b9a3d13b8d6963fae1d8dc05a6037b2,0,1,0,0,d40d1e25,ffffffdb,0,1,0,0,2,00000000,"FIXED",3,00,"Data Secure Unprivileged","1 byte",0,0,00000000,"INCR",3,00,"Data Secure Unprivileged","4 bytes",0,2,7f013f49,"EXOKAY",00000000,0,2,1,0,0,0,0,0,0,0,2,0,1,6,0,1,1,2,0037e400,"INCR",3,ff,0,"Data Secure Unprivileged",0,"4 bytes",0,00000000,"FIXED",0,00,0,"Data Secure Unprivileged",0,"1 byte",0,"OKAY",2,c08d1dae,"OKAY",00000000,d,2,0,1,4,0,0,1,2,0,1,0,2,1,1,3,1,0,00000000,3,1,1,0,1,9243715d,3,f,0,0,0,"No Read Addr Cmds","No Read Addr Cmds","No Write Addr Cmds","No Write Addr Cmds","No Write Responses","No Write Responses","_","Active","_","_","_","Data Beat","_","_","No Write Data Beats","No Write Data Beats"
152,152,0,0,1,1,0,0,0,8e5ffe20afb76fe31ba56e5faf65c9d2,0,3b9a3d13b8d6963fae1d8dc05a6037b2,0,1,0,1,fe80fc92,ffffffdb,0,1,0,0,2,00000000,"FIXED",3,00,"Data Secure Unprivileged","1 byte",0,0,00000000,"INCR",3,00,"Data Secure Unprivileged","4 bytes",0,2,9243715d,"EXOKAY",00000000,0,2,1,0,0,0,0,0,0,0,2,0,1,6,0,1,1,2,0037e400,"INCR",3,ff,0,"Data Secure Unprivileged",0,"4 bytes",0,00000000,"FIXED",0,00,0,"Data Secure Unprivileged",0,"1 byte",0,"OKAY",2,b237605a,"OKAY",00000000,d,2,0,1,4,0,0,1,2,0,1,0,2,1,1,1,0,0,00000000,3,1,1,0,1,9243715d,3,f,0,0,0,"No Read Addr Cmds","No Read Addr Cmds","No Write Addr Cmds","No Write Addr Cmds","No Write Responses","No Write Responses","_","_","_","_","_","_","_","_","No Write Data Beats","No Write Data Beats"
153,153,0,0,1,1,0,0,0,8e5ffe20afb76fe31ba56e5faf65c9d2,0,3b9a3d13b8d6963fae1d8dc05a6037b2,0,1,0,1,fe80fc92,ffffffdb,0,1,0,0,2,00000000,"FIXED",3,00,"Data Secure Unprivileged","1 byte",0,0,00000000,"INCR",3,00,"Data Secure Unprivileged","4 bytes",0,2,9243715d,"EXOKAY",00000000,0,2,1,0,0,0,0,0,0,0,2,0,1,6,0,1,1,2,0037e400,"INCR",3,ff,0,"Data Secure Unprivileged",0,"4 bytes",0,00000000,"FIXED",0,00,0,"Data Secure Unprivileged",0,"1 byte",0,"OKAY",2,b237605a,"OKAY",00000000,d,2,0,1,4,0,0,1,2,0,1,0,2,1,1,1,0,0,00000000,3,1,1,0,1,9243715d,3,f,0,0,0,"No Read Addr Cmds","No Read Addr Cmds","No Write Addr Cmds","No Write Addr Cmds","No Write Responses","No Write Responses","_","_","_","_","_","_","_","_","No Write Data Beats","No Write Data Beats"
154,154,0,0,1,1,0,0,0,8e5ffe20afb76fe31ba56e5faf65c9d2,0,3b9a3d13b8d6963fae1d8dc05a6037b2,0,1,0,1,fe80fc92,ffffffdb,0,1,0,0,2,00000000,"FIXED",3,00,"Data Secure Unprivileged","1 byte",0,0,00000000,"INCR",3,00,"Data Secure Unprivileged","4 bytes",0,2,9243715d,"EXOKAY",00000000,0,2,1,0,0,0,0,0,0,0,2,0,1,6,0,1,1,2,0037e400,"INCR",3,ff,0,"Data Secure Unprivileged",0,"4 bytes",0,00000000,"FIXED",0,00,0,"Data Secure Unprivileged",0,"1 byte",0,"OKAY",2,b237605a,"OKAY",00000000,d,2,0,1,4,0,0,1,2,0,1,0,2,1,1,1,0,0,00000000,3,1,1,1,1,00000000,3,1,1,1,1,"No Read Addr Cmds","No Read Addr Cmds","No Write Addr Cmds","No Write Addr Cmds","No Write Responses","No Write Responses","_","_","Active","Active","_","_","Last Stream","Last Stream","No Write Data Beats","No Write Data Beats"
155,155,0,0,1,1,0,0,0,8e5ffe20afb76fe31ba56e5faf65c9d2,0,3b9a3d13b8d6963fae1d8dc05a6037b2,0,1,0,1,fe80fc92,ffffffdb,0,1,0,0,2,00000000,"FIXED",3,00,"Data Secure Unprivileged","1 byte",0,0,00000000,"INCR",3,00,"Data Secure Unprivileged","4 bytes",0,2,9243715d,"OKAY",00000000,0,2,1,0,0,0,0,0,0,0,2,0,1,3,1,1,0,2,0037e400,"INCR",3,ff,0,"Data Secure Unprivileged",0,"4 bytes",0,00000000,"FIXED",0,00,0,"Data Secure Unprivileged",0,"1 byte",0,"OKAY",2,b237605a,"OKAY",00000000,0,2,0,1,0,0,0,0,2,0,1,0,2,1,1,1,0,0,c08d1dae,3,f,0,0,0,00000000,3,1,0,0,1,"No Read Addr Cmds","No Read Addr Cmds","No Write Addr Cmds","No Write Addr Cmds","No Write Responses","No Write Responses","Active","_","_","_","Data Beat","_","_","_","No Write Data Beats","No Write Data Beats"
156,156,0,0,1,1,0,0,0,8e5ffe20afb76fe31ba56e5faf65c9d2,0,3b9a3d13b8d6963fae1d8dc05a6037b2,0,1,0,1,fe80fc92,ffffffdb,0,1,0,0,2,00000000,"FIXED",3,00,"Data Secure Unprivileged","1 byte",0,0,00000000,"INCR",3,00,"Data Secure Unprivileged","4 bytes",0,2,9243715d,"OKAY",00000000,0,2,1,0,0,0,0,0,0,0,2,0,1,2,0,1,0,2,0037e400,"INCR",3,ff,0,"Data Secure Unprivileged",0,"4 bytes",0,00000000,"FIXED",0,00,0,"Data Secure Unprivileged",0,"1 byte",0,"OKAY",2,b237605a,"OKAY",00000000,0,2,0,1,0,0,0,0,2,0,1,0,2,1,1,1,0,0,c08d1dae,3,f,1,0,0,00000000,3,1,0,0,1,"No Read Addr Cmds","No Read Addr Cmds","No Write Addr Cmds","No Write Addr Cmds","No Write Responses","No Write Responses","_","_","_","_","_","_","_","_","No Write Data Beats","No Write Data Beats"
157,157,0,0,1,1,0,0,0,8e5ffe20afb76fe31ba56e5faf65c9d2,0,3b9a3d13b8d6963fae1d8dc05a6037b2,0,1,0,1,fe80fc92,ffffffdb,0,1,0,0,2,00000000,"FIXED",3,00,"Data Secure Unprivileged","1 byte",0,0,00000000,"INCR",3,00,"Data Secure Unprivileged","4 bytes",0,2,9243715d,"OKAY",00000000,0,2,1,0,0,0,0,0,0,0,2,0,1,2,0,1,0,2,0037e400,"INCR",3,ff,0,"Data Secure Unprivileged",0,"4 bytes",0,00000000,"FIXED",0,00,0,"Data Secure Unprivileged",0,"1 byte",0,"OKAY",2,b237605a,"OKAY",00000000,0,2,0,1,0,0,0,0,2,0,1,0,2,1,1,1,0,0,c08d1dae,3,f,1,0,0,00000000,3,1,0,0,1,"No Read Addr Cmds","No Read Addr Cmds","No Write Addr Cmds","No Write Addr Cmds","No Write Responses","No Write Responses","_","_","_","_","_","_","_","_","No Write Data Beats","No Write Data Beats"
158,158,0,0,1,1,0,0,0,8e5ffe20afb76fe31ba56e5faf65c9d2,0,3b9a3d13b8d6963fae1d8dc05a6037b2,0,1,0,1,fe80fc92,ffffffdb,0,1,0,0,2,00000000,"FIXED",3,00,"Data Secure Unprivileged","1 byte",0,0,00000000,"INCR",3,00,"Data Secure Unprivileged","4 bytes",0,2,9243715d,"OKAY",00000000,0,2,1,0,0,0,0,0,0,0,2,0,1,2,0,1,0,2,0037e400,"INCR",3,ff,0,"Data Secure Unprivileged",0,"4 bytes",0,00000000,"FIXED",0,00,0,"Data Secure Unprivileged",0,"1 byte",0,"OKAY",2,b237605a,"OKAY",00000000,0,2,0,1,0,0,0,0,2,0,1,0,2,1,1,1,0,0,c08d1dae,3,f,1,1,0,c08d1dae,3,f,1,1,0,"No Read Addr Cmds","No Read Addr Cmds","No Write Addr Cmds","No Write Addr Cmds","No Write Responses","No Write Responses","_","_","Active","Active","_","_","Stream Beat","Stream Beat","No Write Data Beats","No Write Data Beats"
159,159,0,0,1,1,0,0,0,8e5ffe20afb76fe31ba56e5faf65c9d2,0,3b9a3d13b8d6963fae1d8dc05a6037b2,0,1,0,0,fe80fc92,ffffffdb,0,1,0,0,2,00000000,"FIXED",3,00,"Data Secure Unprivileged","1 byte",0,0,00000000,"INCR",3,00,"Data Secure Unprivileged","4 bytes",0,2,9243715d,"SLVERR",00000000,0,2,1,0,0,0,0,0,0,0,2,0,1,6,0,1,1,2,0037e400,"INCR",3,ff,0,"Data Secure Unprivileged",0,"4 bytes",0,00000000,"FIXED",0,00,0,"Data Secure Unprivileged",0,"1 byte",0,"OKAY",2,b237605a,"OKAY",00000000,e,2,0,1,0,0,0,0,2,0,1,0,2,1,1,3,1,0,00000000,3,1,1,0,1,c08d1dae,3,f,0,0,0,"No Read Addr Cmds","No Read Addr Cmds","No Write Addr Cmds","No Write Addr Cmds","No Write Responses","No Write Responses","_","Active","_","_","_","Data Beat","_","_","No Write Data Beats","No Write Data Beats"
160,160,0,0,1,1,0,0,0,8e5ffe20afb76fe31ba56e5faf65c9d2,0,3b9a3d13b8d6963fae1d8dc05a6037b2,0,1,0,1,49c28eba,ffffffdb,0,1,0,0,2,00000000,"FIXED",3,00,"Data Secure Unprivileged","1 byte",0,0,00000000,"INCR",3,00,"Data Secure Unprivileged","4 bytes",0,2,c08d1dae,"SLVERR",00000000,0,2,1,0,0,0,0,0,0,0,2,0,1,6,0,1,1,2,0037e400,"INCR",3,ff,0,"Data Secure Unprivileged",0,"4 bytes",0,00000000,"FIXED",0,00,0,"Data Secure Unprivileged",0,"1 byte",0,"OKAY",2,133d9a3b,"OKAY",00000000,e,2,0,1,0,0,0,0,2,0,1,0,2,1,1,1,0,0,00000000,3,1,1,0,1,c08d1dae,3,f,0,0,0,"No Read Addr Cmds","No Read Addr Cmds","No Write Addr Cmds","No Write Addr Cmds","No Write Responses","No Write Responses","_","_","_","_","_","_","_","_","No Write Data Beats","No Write Data Beats"
161,161,0,0,1,1,0,0,0,8e5ffe20afb76fe31ba56e5faf65c9d2,0,3b9a3d13b8d6963fae1d8dc05a6037b2,0,1,0,1,49c28eba,ffffffdb,0,1,0,0,2,00000000,"FIXED",3,00,"Data Secure Unprivileged","1 byte",0,0,00000000,"INCR",3,00,"Data Secure Unprivileged","4 bytes",0,2,c08d1dae,"SLVERR",00000000,0,2,1,0,0,0,0,0,0,0,2,0,1,6,0,1,1,2,0037e400,"INCR",3,ff,0,"Data Secure Unprivileged",0,"4 bytes",0,00000000,"FIXED",0,00,0,"Data Secure Unprivileged",0,"1 byte",0,"OKAY",2,133d9a3b,"OKAY",00000000,e,2,0,1,0,0,0,0,2,0,1,0,2,1,1,1,0,0,00000000,3,1,1,0,1,c08d1dae,3,f,0,0,0,"No Read Addr Cmds","No Read Addr Cmds","No Write Addr Cmds","No Write Addr Cmds","No Write Responses","No Write Responses","_","_","_","_","_","_","_","_","No Write Data Beats","No Write Data Beats"
162,162,0,0,1,1,0,0,0,8e5ffe20afb76fe31ba56e5faf65c9d2,0,3b9a3d13b8d6963fae1d8dc05a6037b2,0,1,0,1,49c28eba,ffffffdb,0,1,0,0,2,00000000,"FIXED",3,00,"Data Secure Unprivileged","1 byte",0,0,00000000,"INCR",3,00,"Data Secure Unprivileged","4 bytes",0,2,c08d1dae,"SLVERR",00000000,0,2,1,0,0,0,0,0,0,0,2,0,1,6,0,1,1,2,0037e400,"INCR",3,ff,0,"Data Secure Unprivileged",0,"4 bytes",0,00000000,"FIXED",0,00,0,"Data Secure Unprivileged",0,"1 byte",0,"OKAY",2,133d9a3b,"OKAY",00000000,e,2,0,1,0,0,0,0,2,0,1,0,2,1,1,1,0,0,00000000,3,1,1,1,1,00000000,3,1,1,1,1,"No Read Addr Cmds","No Read Addr Cmds","No Write Addr Cmds","No Write Addr Cmds","No Write Responses","No Write Responses","_","_","Active","Active","_","_","Last Stream","Last Stream","No Write Data Beats","No Write Data Beats"
163,163,0,0,1,1,0,0,0,8e5ffe20afb76fe31ba56e5faf65c9d2,0,3b9a3d13b8d6963fae1d8dc05a6037b2,0,1,0,1,49c28eba,ffffffdb,0,1,0,0,2,00000000,"FIXED",3,00,"Data Secure Unprivileged","1 byte",0,0,00000000,"INCR",3,00,"Data Secure Unprivileged","4 bytes",0,2,c08d1dae,"OKAY",00000000,0,2,1,0,0,0,0,0,0,0,2,0,1,3,1,1,0,2,0037e400,"INCR",3,ff,0,"Data Secure Unprivileged",0,"4 bytes",0,00000000,"FIXED",0,00,0,"Data Secure Unprivileged",0,"1 byte",0,"OKAY",2,133d9a3b,"OKAY",00000000,0,2,0,1,0,0,0,0,2,0,1,0,2,1,1,1,0,0,b237605a,3,f,0,0,0,00000000,3,1,0,0,1,"No Read Addr Cmds","No Read Addr Cmds","No Write Addr Cmds","No Write Addr Cmds","No Write Responses","No Write Responses","Active","_","_","_","Data Beat","_","_","_","No Write Data Beats","No Write Data Beats"
164,164,0,0,1,1,0,0,0,8e5ffe20afb76fe31ba56e5faf65c9d2,0,3b9a3d13b8d6963fae1d8dc05a6037b2,0,1,0,1,49c28eba,ffffffdb,0,1,0,0,2,00000000,"FIXED",3,00,"Data Secure Unprivileged","1 byte",0,0,00000000,"INCR",3,00,"Data Secure Unprivileged","4 bytes",0,2,c08d1dae,"OKAY",00000000,0,2,1,0,0,0,0,0,0,0,2,0,1,2,0,1,0,2,0037e400,"INCR",3,ff,0,"Data Secure Unprivileged",0,"4 bytes",0,00000000,"FIXED",0,00,0,"Data Secure Unprivileged",0,"1 byte",0,"OKAY",2,133d9a3b,"OKAY",00000000,0,2,0,1,0,0,0,0,2,0,1,0,2,1,1,1,0,0,b237605a,3,f,1,0,0,00000000,3,1,0,0,1,"No Read Addr Cmds","No Read Addr Cmds","No Write Addr Cmds","No Write Addr Cmds","No Write Responses","No Write Responses","_","_","_","_","_","_","_","_","No Write Data Beats","No Write Data Beats"
165,165,0,0,1,1,0,0,0,8e5ffe20afb76fe31ba56e5faf65c9d2,0,3b9a3d13b8d6963fae1d8dc05a6037b2,0,1,0,1,49c28eba,ffffffdb,0,1,0,0,2,00000000,"FIXED",3,00,"Data Secure Unprivileged","1 byte",0,0,00000000,"INCR",3,00,"Data Secure Unprivileged","4 bytes",0,2,c08d1dae,"OKAY",00000000,0,2,1,0,0,0,0,0,0,0,2,0,1,2,0,1,0,2,0037e400,"INCR",3,ff,0,"Data Secure Unprivileged",0,"4 bytes",0,00000000,"FIXED",0,00,0,"Data Secure Unprivileged",0,"1 byte",0,"OKAY",2,133d9a3b,"OKAY",00000000,0,2,0,1,0,0,0,0,2,0,1,0,2,1,1,1,0,0,b237605a,3,f,1,0,0,00000000,3,1,0,0,1,"No Read Addr Cmds","No Read Addr Cmds","No Write Addr Cmds","No Write Addr Cmds","No Write Responses","No Write Responses","_","_","_","_","_","_","_","_","No Write Data Beats","No Write Data Beats"
166,166,0,0,1,1,0,0,0,8e5ffe20afb76fe31ba56e5faf65c9d2,0,3b9a3d13b8d6963fae1d8dc05a6037b2,0,1,0,1,49c28eba,ffffffdb,0,1,0,0,2,00000000,"FIXED",3,00,"Data Secure Unprivileged","1 byte",0,0,00000000,"INCR",3,00,"Data Secure Unprivileged","4 bytes",0,2,c08d1dae,"OKAY",00000000,0,2,1,0,0,0,0,0,0,0,2,0,1,2,0,1,0,2,0037e400,"INCR",3,ff,0,"Data Secure Unprivileged",0,"4 bytes",0,00000000,"FIXED",0,00,0,"Data Secure Unprivileged",0,"1 byte",0,"OKAY",2,133d9a3b,"OKAY",00000000,0,2,0,1,0,0,0,0,2,0,1,0,2,1,1,1,0,0,b237605a,3,f,1,1,0,b237605a,3,f,1,1,0,"No Read Addr Cmds","No Read Addr Cmds","No Write Addr Cmds","No Write Addr Cmds","No Write Responses","No Write Responses","_","_","Active","Active","_","_","Stream Beat","Stream Beat","No Write Data Beats","No Write Data Beats"
167,167,0,0,1,1,0,0,0,8e5ffe20afb76fe31ba56e5faf65c9d2,0,3b9a3d13b8d6963fae1d8dc05a6037b2,0,1,0,0,49c28eba,ffffffdb,0,1,0,0,2,00000000,"FIXED",3,00,"Data Secure Unprivileged","1 byte",0,0,00000000,"INCR",3,00,"Data Secure Unprivileged","4 bytes",0,2,c08d1dae,"SLVERR",00000000,0,2,1,0,0,0,0,0,0,0,2,0,1,2,0,1,0,2,0037e400,"INCR",3,ff,0,"Data Secure Unprivileged",0,"4 bytes",0,00000000,"FIXED",0,00,0,"Data Secure Unprivileged",0,"1 byte",0,"OKAY",2,133d9a3b,"OKAY",00000000,a,2,0,1,4,0,0,1,2,0,1,0,2,1,1,3,1,0,00000000,3,1,1,0,1,b237605a,3,f,0,0,0,"No Read Addr Cmds","No Read Addr Cmds","No Write Addr Cmds","No Write Addr Cmds","No Write Responses","No Write Responses","_","Active","_","_","_","Data Beat","_","_","No Write Data Beats","No Write Data Beats"
168,168,0,0,1,1,0,0,0,8e5ffe20afb76fe31ba56e5faf65c9d2,0,3b9a3d13b8d6963fae1d8dc05a6037b2,0,1,0,1,03b1b875,ffffffdb,0,1,0,0,2,00000000,"FIXED",3,00,"Data Secure Unprivileged","1 byte",0,0,00000000,"INCR",3,00,"Data Secure Unprivileged","4 bytes",0,2,b237605a,"SLVERR",00000000,0,2,1,0,0,0,0,0,0,0,2,0,1,2,0,1,0,2,0037e400,"INCR",3,ff,0,"Data Secure Unprivileged",0,"4 bytes",0,00000000,"FIXED",0,00,0,"Data Secure Unprivileged",0,"1 byte",0,"OKAY",2,3f96d6b8,"OKAY",00000000,a,2,0,1,4,0,0,1,2,0,1,0,2,1,1,1,0,0,00000000,3,1,1,0,1,b237605a,3,f,0,0,0,"No Read Addr Cmds","No Read Addr Cmds","No Write Addr Cmds","No Write Addr Cmds","No Write Responses","No Write Responses","_","_","_","_","_","_","_","_","No Write Data Beats","No Write Data Beats"
169,169,0,0,1,1,0,0,0,8e5ffe20afb76fe31ba56e5faf65c9d2,0,3b9a3d13b8d6963fae1d8dc05a6037b2,0,1,0,1,03b1b875,ffffffdb,0,1,0,0,2,00000000,"FIXED",3,00,"Data Secure Unprivileged","1 byte",0,0,00000000,"INCR",3,00,"Data Secure Unprivileged","4 bytes",0,2,b237605a,"SLVERR",00000000,0,2,1,0,0,0,0,0,0,0,2,0,1,2,0,1,0,2,0037e400,"INCR",3,ff,0,"Data Secure Unprivileged",0,"4 bytes",0,00000000,"FIXED",0,00,0,"Data Secure Unprivileged",0,"1 byte",0,"OKAY",2,3f96d6b8,"OKAY",00000000,a,2,0,1,4,0,0,1,2,0,1,0,2,1,1,1,0,0,00000000,3,1,1,0,1,b237605a,3,f,0,0,0,"No Read Addr Cmds","No Read Addr Cmds","No Write Addr Cmds","No Write Addr Cmds","No Write Responses","No Write Responses","_","_","_","_","_","_","_","_","No Write Data Beats","No Write Data Beats"
170,170,0,0,1,1,0,0,0,8e5ffe20afb76fe31ba56e5faf65c9d2,0,3b9a3d13b8d6963fae1d8dc05a6037b2,0,1,0,1,03b1b875,ffffffdb,0,1,0,0,2,00000000,"FIXED",3,00,"Data Secure Unprivileged","1 byte",0,0,00000000,"INCR",3,00,"Data Secure Unprivileged","4 bytes",0,2,b237605a,"SLVERR",00000000,0,2,1,0,0,0,0,0,0,0,2,0,1,2,0,1,0,2,0037e400,"INCR",3,ff,0,"Data Secure Unprivileged",0,"4 bytes",0,00000000,"FIXED",0,00,0,"Data Secure Unprivileged",0,"1 byte",0,"OKAY",2,3f96d6b8,"OKAY",00000000,a,2,0,1,4,0,0,1,2,0,1,0,2,1,1,1,0,0,00000000,3,1,1,1,1,00000000,3,1,1,1,1,"No Read Addr Cmds","No Read Addr Cmds","No Write Addr Cmds","No Write Addr Cmds","No Write Responses","No Write Responses","_","_","Active","Active","_","_","Last Stream","Last Stream","No Write Data Beats","No Write Data Beats"
171,171,0,0,1,1,0,0,0,8e5ffe20afb76fe31ba56e5faf65c9d2,0,3b9a3d13b8d6963fae1d8dc05a6037b2,0,1,0,1,03b1b875,ffffffdb,0,1,0,0,2,00000000,"FIXED",3,00,"Data Secure Unprivileged","1 byte",0,0,00000000,"INCR",3,00,"Data Secure Unprivileged","4 bytes",0,2,b237605a,"OKAY",00000000,0,2,1,0,0,0,0,0,0,0,2,0,1,3,1,1,0,2,0037e400,"INCR",3,ff,0,"Data Secure Unprivileged",0,"4 bytes",0,00000000,"FIXED",0,00,0,"Data Secure Unprivileged",0,"1 byte",0,"OKAY",2,3f96d6b8,"OKAY",00000000,0,2,0,1,0,0,0,0,2,0,1,0,2,1,1,1,0,0,133d9a3b,3,f,0,0,0,00000000,3,1,0,0,1,"No Read Addr Cmds","No Read Addr Cmds","No Write Addr Cmds","No Write Addr Cmds","No Write Responses","No Write Responses","Active","_","_","_","Data Beat","_","_","_","No Write Data Beats","No Write Data Beats"
172,172,0,0,1,1,0,0,0,8e5ffe20afb76fe31ba56e5faf65c9d2,0,3b9a3d13b8d6963fae1d8dc05a6037b2,0,1,0,1,03b1b875,ffffffdb,0,1,0,0,2,00000000,"FIXED",3,00,"Data Secure Unprivileged","1 byte",0,0,00000000,"INCR",3,00,"Data Secure Unprivileged","4 bytes",0,2,b237605a,"OKAY",00000000,0,2,1,0,0,0,0,0,0,0,2,0,1,2,0,1,0,2,0037e400,"INCR",3,ff,0,"Data Secure Unprivileged",0,"4 bytes",0,00000000,"FIXED",0,00,0,"Data Secure Unprivileged",0,"1 byte",0,"OKAY",2,3f96d6b8,"OKAY",00000000,0,2,0,1,0,0,0,0,2,0,1,0,2,1,1,1,0,0,133d9a3b,3,f,1,0,0,00000000,3,1,0,0,1,"No Read Addr Cmds","No Read Addr Cmds","No Write Addr Cmds","No Write Addr Cmds","No Write Responses","No Write Responses","_","_","_","_","_","_","_","_","No Write Data Beats","No Write Data Beats"
173,173,0,0,1,1,0,0,0,8e5ffe20afb76fe31ba56e5faf65c9d2,0,3b9a3d13b8d6963fae1d8dc05a6037b2,0,1,0,1,03b1b875,ffffffdb,0,1,0,0,2,00000000,"FIXED",3,00,"Data Secure Unprivileged","1 byte",0,0,00000000,"INCR",3,00,"Data Secure Unprivileged","4 bytes",0,2,b237605a,"OKAY",00000000,0,2,1,0,0,0,0,0,0,0,2,0,1,2,0,1,0,2,0037e400,"INCR",3,ff,0,"Data Secure Unprivileged",0,"4 bytes",0,00000000,"FIXED",0,00,0,"Data Secure Unprivileged",0,"1 byte",0,"OKAY",2,3f96d6b8,"OKAY",00000000,0,2,0,1,0,0,0,0,2,0,1,0,2,1,1,1,0,0,133d9a3b,3,f,1,0,0,00000000,3,1,0,0,1,"No Read Addr Cmds","No Read Addr Cmds","No Write Addr Cmds","No Write Addr Cmds","No Write Responses","No Write Responses","_","_","_","_","_","_","_","_","No Write Data Beats","No Write Data Beats"
174,174,0,0,1,1,0,0,0,8e5ffe20afb76fe31ba56e5faf65c9d2,0,3b9a3d13b8d6963fae1d8dc05a6037b2,0,1,0,1,03b1b875,ffffffdb,0,1,0,0,2,00000000,"FIXED",3,00,"Data Secure Unprivileged","1 byte",0,0,00000000,"INCR",3,00,"Data Secure Unprivileged","4 bytes",0,2,b237605a,"OKAY",00000000,0,2,1,0,0,0,0,0,0,0,2,0,1,2,0,1,0,2,0037e400,"INCR",3,ff,0,"Data Secure Unprivileged",0,"4 bytes",0,00000000,"FIXED",0,00,0,"Data Secure Unprivileged",0,"1 byte",0,"OKAY",2,3f96d6b8,"OKAY",00000000,0,2,0,1,0,0,0,0,2,0,1,0,2,1,1,1,0,0,133d9a3b,3,f,1,1,0,133d9a3b,3,f,1,1,0,"No Read Addr Cmds","No Read Addr Cmds","No Write Addr Cmds","No Write Addr Cmds","No Write Responses","No Write Responses","_","_","Active","Active","_","_","Stream Beat","Stream Beat","No Write Data Beats","No Write Data Beats"
175,175,0,0,1,1,0,0,0,8e5ffe20afb76fe31ba56e5faf65c9d2,0,3b9a3d13b8d6963fae1d8dc05a6037b2,0,1,0,0,03b1b875,ffffffdb,0,1,0,0,2,00000000,"FIXED",3,00,"Data Secure Unprivileged","1 byte",0,0,00000000,"INCR",3,00,"Data Secure Unprivileged","4 bytes",0,2,b237605a,"DECERR",00000000,0,2,1,0,0,0,0,0,0,0,2,0,1,2,0,1,0,2,0037e400,"INCR",3,ff,0,"Data Secure Unprivileged",0,"4 bytes",0,00000000,"FIXED",0,00,0,"Data Secure Unprivileged",0,"1 byte",0,"OKAY",2,3f96d6b8,"OKAY",00000000,b,2,0,1,4,0,0,1,2,0,1,0,2,1,1,3,1,0,00000000,3,1,1,0,1,133d9a3b,3,f,0,0,0,"No Read Addr Cmds","No Read Addr Cmds","No Write Addr Cmds","No Write Addr Cmds","No Write Responses","No Write Responses","_","Active","_","_","_","Data Beat","_","_","No Write Data Beats","No Write Data Beats"
176,176,0,0,1,1,0,0,0,8e5ffe20afb76fe31ba56e5faf65c9d2,0,3b9a3d13b8d6963fae1d8dc05a6037b2,0,1,0,1,4dec065a,ffffffdb,0,1,0,0,2,00000000,"FIXED",3,00,"Data Secure Unprivileged","1 byte",0,0,00000000,"INCR",3,00,"Data Secure Unprivileged","4 bytes",0,2,133d9a3b,"DECERR",00000000,0,2,1,0,0,0,0,0,0,0,2,0,1,2,0,1,0,2,0037e400,"INCR",3,ff,0,"Data Secure Unprivileged",0,"4 bytes",0,00000000,"FIXED",0,00,0,"Data Secure Unprivileged",0,"1 byte",0,"OKAY",2,c08d1dae,"OKAY",00000000,b,2,0,1,4,0,0,1,2,0,1,0,2,1,1,1,0,0,00000000,3,1,1,0,1,133d9a3b,3,f,0,0,0,"No Read Addr Cmds","No Read Addr Cmds","No Write Addr Cmds","No Write Addr Cmds","No Write Responses","No Write Responses","_","_","_","_","_","_","_","_","No Write Data Beats","No Write Data Beats"
177,177,0,0,1,1,0,0,0,8e5ffe20afb76fe31ba56e5faf65c9d2,0,3b9a3d13b8d6963fae1d8dc05a6037b2,0,1,0,1,4dec065a,ffffffdb,0,1,0,0,2,00000000,"FIXED",3,00,"Data Secure Unprivileged","1 byte",0,0,00000000,"INCR",3,00,"Data Secure Unprivileged","4 bytes",0,2,133d9a3b,"DECERR",00000000,0,2,1,0,0,0,0,0,0,0,2,0,1,2,0,1,0,2,0037e400,"INCR",3,ff,0,"Data Secure Unprivileged",0,"4 bytes",0,00000000,"FIXED",0,00,0,"Data Secure Unprivileged",0,"1 byte",0,"OKAY",2,c08d1dae,"OKAY",00000000,b,2,0,1,4,0,0,1,2,0,1,0,2,1,1,1,0,0,00000000,3,1,1,0,1,133d9a3b,3,f,0,0,0,"No Read Addr Cmds","No Read Addr Cmds","No Write Addr Cmds","No Write Addr Cmds","No Write Responses","No Write Responses","_","_","_","_","_","_","_","_","No Write Data Beats","No Write Data Beats"
178,178,0,0,1,1,0,0,0,8e5ffe20afb76fe31ba56e5faf65c9d2,0,3b9a3d13b8d6963fae1d8dc05a6037b2,0,1,0,1,4dec065a,ffffffdb,0,1,0,0,2,00000000,"FIXED",3,00,"Data Secure Unprivileged","1 byte",0,0,00000000,"INCR",3,00,"Data Secure Unprivileged","4 bytes",0,2,133d9a3b,"DECERR",00000000,0,2,1,0,0,0,0,0,0,0,2,0,1,2,0,1,0,2,0037e400,"INCR",3,ff,0,"Data Secure Unprivileged",0,"4 bytes",0,00000000,"FIXED",0,00,0,"Data Secure Unprivileged",0,"1 byte",0,"OKAY",2,c08d1dae,"OKAY",00000000,b,2,0,1,4,0,0,1,2,0,1,0,2,1,1,1,0,0,00000000,3,1,1,1,1,00000000,3,1,1,1,1,"No Read Addr Cmds","No Read Addr Cmds","No Write Addr Cmds","No Write Addr Cmds","No Write Responses","No Write Responses","_","_","Active","Active","_","_","Last Stream","Last Stream","No Write Data Beats","No Write Data Beats"
179,179,0,0,1,1,0,0,0,8e5ffe20afb76fe31ba56e5faf65c9d2,0,3b9a3d13b8d6963fae1d8dc05a6037b2,0,1,0,1,4dec065a,ffffffdb,0,1,0,0,2,00000000,"FIXED",3,00,"Data Secure Unprivileged","1 byte",0,0,00000000,"INCR",3,00,"Data Secure Unprivileged","4 bytes",0,2,133d9a3b,"OKAY",00000000,0,2,1,0,0,0,0,0,0,0,2,0,1,3,1,1,0,2,0037e400,"INCR",3,ff,0,"Data Secure Unprivileged",0,"4 bytes",0,00000000,"FIXED",0,00,0,"Data Secure Unprivileged",0,"1 byte",0,"OKAY",2,c08d1dae,"OKAY",00000000,0,2,0,1,0,0,0,0,2,0,1,0,2,1,1,1,0,0,3f96d6b8,3,f,0,0,0,00000000,3,1,0,0,1,"No Read Addr Cmds","No Read Addr Cmds","No Write Addr Cmds","No Write Addr Cmds","No Write Responses","No Write Responses","Active","_","_","_","Data Beat","_","_","_","No Write Data Beats","No Write Data Beats"
180,180,0,0,1,1,0,0,0,8e5ffe20afb76fe31ba56e5faf65c9d2,0,3b9a3d13b8d6963fae1d8dc05a6037b2,0,1,0,1,4dec065a,ffffffdb,0,1,0,0,2,00000000,"FIXED",3,00,"Data Secure Unprivileged","1 byte",0,0,00000000,"INCR",3,00,"Data Secure Unprivileged","4 bytes",0,2,133d9a3b,"OKAY",00000000,0,2,1,0,0,0,0,0,0,0,2,0,1,2,0,1,0,2,0037e400,"INCR",3,ff,0,"Data Secure Unprivileged",0,"4 bytes",0,00000000,"FIXED",0,00,0,"Data Secure Unprivileged",0,"1 byte",0,"OKAY",2,c08d1dae,"OKAY",00000000,0,2,0,1,0,0,0,0,2,0,1,0,2,1,1,1,0,0,3f96d6b8,3,f,1,0,0,00000000,3,1,0,0,1,"No Read Addr Cmds","No Read Addr Cmds","No Write Addr Cmds","No Write Addr Cmds","No Write Responses","No Write Responses","_","_","_","_","_","_","_","_","No Write Data Beats","No Write Data Beats"
181,181,0,0,1,1,0,0,0,8e5ffe20afb76fe31ba56e5faf65c9d2,0,3b9a3d13b8d6963fae1d8dc05a6037b2,0,1,0,1,4dec065a,ffffffdb,0,1,0,0,2,00000000,"FIXED",3,00,"Data Secure Unprivileged","1 byte",0,0,00000000,"INCR",3,00,"Data Secure Unprivileged","4 bytes",0,2,133d9a3b,"OKAY",00000000,0,2,1,0,0,0,0,0,0,0,2,0,1,2,0,1,0,2,0037e400,"INCR",3,ff,0,"Data Secure Unprivileged",0,"4 bytes",0,00000000,"FIXED",0,00,0,"Data Secure Unprivileged",0,"1 byte",0,"OKAY",2,c08d1dae,"OKAY",00000000,0,2,0,1,0,0,0,0,2,0,1,0,2,1,1,1,0,0,3f96d6b8,3,f,1,0,0,00000000,3,1,0,0,1,"No Read Addr Cmds","No Read Addr Cmds","No Write Addr Cmds","No Write Addr Cmds","No Write Responses","No Write Responses","_","_","_","_","_","_","_","_","No Write Data Beats","No Write Data Beats"
182,182,0,0,1,1,0,0,0,8e5ffe20afb76fe31ba56e5faf65c9d2,0,3b9a3d13b8d6963fae1d8dc05a6037b2,0,1,0,1,4dec065a,ffffffdb,0,1,0,0,2,00000000,"FIXED",3,00,"Data Secure Unprivileged","1 byte",0,0,00000000,"INCR",3,00,"Data Secure Unprivileged","4 bytes",0,2,133d9a3b,"OKAY",00000000,0,2,1,0,0,0,0,0,0,0,2,0,1,2,0,1,0,2,0037e400,"INCR",3,ff,0,"Data Secure Unprivileged",0,"4 bytes",0,00000000,"FIXED",0,00,0,"Data Secure Unprivileged",0,"1 byte",0,"OKAY",2,c08d1dae,"OKAY",00000000,0,2,0,1,0,0,0,0,2,0,1,0,2,1,1,1,0,0,3f96d6b8,3,f,1,1,0,3f96d6b8,3,f,1,1,0,"No Read Addr Cmds","No Read Addr Cmds","No Write Addr Cmds","No Write Addr Cmds","No Write Responses","No Write Responses","_","_","Active","Active","_","_","Stream Beat","Stream Beat","No Write Data Beats","No Write Data Beats"
183,183,0,0,1,1,0,0,0,8e5ffe20afb76fe31ba56e5faf65c9d2,0,3b9a3d13b8d6963fae1d8dc05a6037b2,0,1,0,0,4dec065a,ffffffdb,0,1,0,0,2,00000000,"FIXED",3,00,"Data Secure Unprivileged","1 byte",0,0,00000000,"INCR",3,00,"Data Secure Unprivileged","4 bytes",0,2,133d9a3b,"OKAY",00000000,0,2,1,0,0,0,0,0,0,0,2,0,1,2,0,1,0,2,0037e400,"INCR",3,ff,0,"Data Secure Unprivileged",0,"4 bytes",0,00000000,"FIXED",0,00,0,"Data Secure Unprivileged",0,"1 byte",0,"OKAY",2,c08d1dae,"OKAY",00000000,8,2,0,1,4,0,0,1,2,0,1,0,2,1,1,3,1,0,00000000,3,1,1,0,1,3f96d6b8,3,f,0,0,0,"No Read Addr Cmds","No Read Addr Cmds","No Write Addr Cmds","No Write Addr Cmds","No Write Responses","No Write Responses","_","Active","_","_","_","Data Beat","_","_","No Write Data Beats","No Write Data Beats"
184,184,0,0,1,1,0,0,0,8e5ffe20afb76fe31ba56e5faf65c9d2,0,3b9a3d13b8d6963fae1d8dc05a6037b2,0,1,0,1,c8bc59dc,ffffffdb,0,1,0,0,2,00000000,"FIXED",3,00,"Data Secure Unprivileged","1 byte",0,0,00000000,"INCR",3,00,"Data Secure Unprivileged","4 bytes",0,2,3f96d6b8,"OKAY",00000000,0,2,1,0,0,0,0,0,0,0,2,0,1,2,0,1,0,2,0037e400,"INCR",3,ff,0,"Data Secure Unprivileged",0,"4 bytes",0,00000000,"FIXED",0,00,0,"Data Secure Unprivileged",0,"1 byte",0,"OKAY",2,b237605a,"OKAY",00000000,8,2,0,1,4,0,0,1,2,0,1,0,2,1,1,1,0,0,00000000,3,1,1,0,1,3f96d6b8,3,f,0,0,0,"No Read Addr Cmds","No Read Addr Cmds","No Write Addr Cmds","No Write Addr Cmds","No Write Responses","No Write Responses","_","_","_","_","_","_","_","_","No Write Data Beats","No Write Data Beats"
185,185,0,0,1,1,0,0,0,8e5ffe20afb76fe31ba56e5faf65c9d2,0,3b9a3d13b8d6963fae1d8dc05a6037b2,0,1,0,1,c8bc59dc,ffffffdb,0,1,0,0,2,00000000,"FIXED",3,00,"Data Secure Unprivileged","1 byte",0,0,00000000,"INCR",3,00,"Data Secure Unprivileged","4 bytes",0,2,3f96d6b8,"OKAY",00000000,0,2,1,0,0,0,0,0,0,0,2,0,1,2,0,1,0,2,0037e400,"INCR",3,ff,0,"Data Secure Unprivileged",0,"4 bytes",0,00000000,"FIXED",0,00,0,"Data Secure Unprivileged",0,"1 byte",0,"OKAY",2,b237605a,"OKAY",00000000,8,2,0,1,4,0,0,1,2,0,1,0,2,1,1,1,0,0,00000000,3,1,1,0,1,3f96d6b8,3,f,0,0,0,"No Read Addr Cmds","No Read Addr Cmds","No Write Addr Cmds","No Write Addr Cmds","No Write Responses","No Write Responses","_","_","_","_","_","_","_","_","No Write Data Beats","No Write Data Beats"
186,186,0,0,1,1,0,0,0,8e5ffe20afb76fe31ba56e5faf65c9d2,0,3b9a3d13b8d6963fae1d8dc05a6037b2,0,1,0,1,c8bc59dc,ffffffdb,0,1,0,0,2,00000000,"FIXED",3,00,"Data Secure Unprivileged","1 byte",0,0,00000000,"INCR",3,00,"Data Secure Unprivileged","4 bytes",0,2,3f96d6b8,"OKAY",00000000,0,2,1,0,0,0,0,0,0,0,2,0,1,2,0,1,0,2,0037e400,"INCR",3,ff,0,"Data Secure Unprivileged",0,"4 bytes",0,00000000,"FIXED",0,00,0,"Data Secure Unprivileged",0,"1 byte",0,"OKAY",2,b237605a,"OKAY",00000000,8,2,0,1,4,0,0,1,2,0,1,0,2,1,1,1,0,0,00000000,3,1,1,1,1,00000000,3,1,1,1,1,"No Read Addr Cmds","No Read Addr Cmds","No Write Addr Cmds","No Write Addr Cmds","No Write Responses","No Write Responses","_","_","Active","Active","_","_","Last Stream","Last Stream","No Write Data Beats","No Write Data Beats"
187,187,0,0,1,1,0,0,0,8e5ffe20afb76fe31ba56e5faf65c9d2,0,3b9a3d13b8d6963fae1d8dc05a6037b2,0,1,0,1,c8bc59dc,ffffffdb,0,1,0,0,2,00000000,"FIXED",3,00,"Data Secure Unprivileged","1 byte",0,0,00000000,"INCR",3,00,"Data Secure Unprivileged","4 bytes",0,2,3f96d6b8,"OKAY",00000000,0,2,1,0,0,0,0,0,0,0,2,0,1,3,1,1,0,2,0037e400,"INCR",3,ff,0,"Data Secure Unprivileged",0,"4 bytes",0,00000000,"FIXED",0,00,0,"Data Secure Unprivileged",0,"1 byte",0,"OKAY",2,b237605a,"OKAY",00000000,0,2,0,1,0,0,0,0,2,0,1,0,2,1,1,1,0,0,c08d1dae,3,f,0,0,0,00000000,3,1,0,0,1,"No Read Addr Cmds","No Read Addr Cmds","No Write Addr Cmds","No Write Addr Cmds","No Write Responses","No Write Responses","Active","_","_","_","Data Beat","_","_","_","No Write Data Beats","No Write Data Beats"
188,188,0,0,1,1,0,0,0,8e5ffe20afb76fe31ba56e5faf65c9d2,0,3b9a3d13b8d6963fae1d8dc05a6037b2,0,1,0,1,c8bc59dc,ffffffdb,0,1,0,0,2,00000000,"FIXED",3,00,"Data Secure Unprivileged","1 byte",0,0,00000000,"INCR",3,00,"Data Secure Unprivileged","4 bytes",0,2,3f96d6b8,"OKAY",00000000,0,2,1,0,0,0,0,0,0,0,2,0,1,2,0,1,0,2,0037e400,"INCR",3,ff,0,"Data Secure Unprivileged",0,"4 bytes",0,00000000,"FIXED",0,00,0,"Data Secure Unprivileged",0,"1 byte",0,"OKAY",2,b237605a,"OKAY",00000000,0,2,0,1,0,0,0,0,2,0,1,0,2,1,1,1,0,0,c08d1dae,3,f,1,0,0,00000000,3,1,0,0,1,"No Read Addr Cmds","No Read Addr Cmds","No Write Addr Cmds","No Write Addr Cmds","No Write Responses","No Write Responses","_","_","_","_","_","_","_","_","No Write Data Beats","No Write Data Beats"
189,189,0,0,1,1,0,0,0,8e5ffe20afb76fe31ba56e5faf65c9d2,0,3b9a3d13b8d6963fae1d8dc05a6037b2,0,1,0,1,c8bc59dc,ffffffdb,0,1,0,0,2,00000000,"FIXED",3,00,"Data Secure Unprivileged","1 byte",0,0,00000000,"INCR",3,00,"Data Secure Unprivileged","4 bytes",0,2,3f96d6b8,"OKAY",00000000,0,2,1,0,0,0,0,0,0,0,2,0,1,2,0,1,0,2,0037e400,"INCR",3,ff,0,"Data Secure Unprivileged",0,"4 bytes",0,00000000,"FIXED",0,00,0,"Data Secure Unprivileged",0,"1 byte",0,"OKAY",2,b237605a,"OKAY",00000000,0,2,0,1,0,0,0,0,2,0,1,0,2,1,1,1,0,0,c08d1dae,3,f,1,0,0,00000000,3,1,0,0,1,"No Read Addr Cmds","No Read Addr Cmds","No Write Addr Cmds","No Write Addr Cmds","No Write Responses","No Write Responses","_","_","_","_","_","_","_","_","No Write Data Beats","No Write Data Beats"
190,190,0,0,1,1,0,0,0,8e5ffe20afb76fe31ba56e5faf65c9d2,0,3b9a3d13b8d6963fae1d8dc05a6037b2,0,1,0,1,c8bc59dc,ffffffdb,0,1,0,0,2,00000000,"FIXED",3,00,"Data Secure Unprivileged","1 byte",0,0,00000000,"INCR",3,00,"Data Secure Unprivileged","4 bytes",0,2,3f96d6b8,"OKAY",00000000,0,2,1,0,0,0,0,0,0,0,2,0,1,2,0,1,0,2,0037e400,"INCR",3,ff,0,"Data Secure Unprivileged",0,"4 bytes",0,00000000,"FIXED",0,00,0,"Data Secure Unprivileged",0,"1 byte",0,"OKAY",2,b237605a,"OKAY",00000000,0,2,0,1,0,0,0,0,2,0,1,0,2,1,1,1,0,0,c08d1dae,3,f,1,1,0,c08d1dae,3,f,1,1,0,"No Read Addr Cmds","No Read Addr Cmds","No Write Addr Cmds","No Write Addr Cmds","No Write Responses","No Write Responses","_","_","Active","Active","_","_","Stream Beat","Stream Beat","No Write Data Beats","No Write Data Beats"
191,191,0,0,1,1,0,0,0,8e5ffe20afb76fe31ba56e5faf65c9d2,0,3b9a3d13b8d6963fae1d8dc05a6037b2,0,1,0,0,c8bc59dc,ffffffdb,0,1,0,0,2,00000000,"FIXED",3,00,"Data Secure Unprivileged","1 byte",0,0,00000000,"INCR",3,00,"Data Secure Unprivileged","4 bytes",0,2,3f96d6b8,"SLVERR",00000000,0,2,1,0,0,0,0,0,0,0,2,0,1,6,0,1,1,2,0037e400,"INCR",3,ff,0,"Data Secure Unprivileged",0,"4 bytes",0,00000000,"FIXED",0,00,0,"Data Secure Unprivileged",0,"1 byte",0,"OKAY",2,b237605a,"OKAY",00000000,e,2,0,1,0,0,0,0,2,0,1,0,2,1,1,3,1,0,00000000,3,1,1,0,1,c08d1dae,3,f,0,0,0,"No Read Addr Cmds","No Read Addr Cmds","No Write Addr Cmds","No Write Addr Cmds","No Write Responses","No Write Responses","_","Active","_","_","_","Data Beat","_","_","No Write Data Beats","No Write Data Beats"
192,192,0,0,1,1,0,0,0,8e5ffe20afb76fe31ba56e5faf65c9d2,0,3b9a3d13b8d6963fae1d8dc05a6037b2,0,1,0,1,fc696b1d,ffffffdb,0,1,0,0,2,00000000,"FIXED",3,00,"Data Secure Unprivileged","1 byte",0,0,00000000,"INCR",3,00,"Data Secure Unprivileged","4 bytes",0,2,c08d1dae,"SLVERR",00000000,0,2,1,0,0,0,0,0,0,0,2,0,1,6,0,1,1,2,0037e400,"INCR",3,ff,0,"Data Secure Unprivileged",0,"4 bytes",0,00000000,"FIXED",0,00,0,"Data Secure Unprivileged",0,"1 byte",0,"OKAY",2,133d9a3b,"OKAY",00000000,e,2,0,1,0,0,0,0,2,0,1,0,2,1,1,1,0,0,00000000,3,1,1,0,1,c08d1dae,3,f,0,0,0,"No Read Addr Cmds","No Read Addr Cmds","No Write Addr Cmds","No Write Addr Cmds","No Write Responses","No Write Responses","_","_","_","_","_","_","_","_","No Write Data Beats","No Write Data Beats"
193,193,0,0,1,1,0,0,0,8e5ffe20afb76fe31ba56e5faf65c9d2,0,3b9a3d13b8d6963fae1d8dc05a6037b2,0,1,0,1,fc696b1d,ffffffdb,0,1,0,0,2,00000000,"FIXED",3,00,"Data Secure Unprivileged","1 byte",0,0,00000000,"INCR",3,00,"Data Secure Unprivileged","4 bytes",0,2,c08d1dae,"SLVERR",00000000,0,2,1,0,0,0,0,0,0,0,2,0,1,6,0,1,1,2,0037e400,"INCR",3,ff,0,"Data Secure Unprivileged",0,"4 bytes",0,00000000,"FIXED",0,00,0,"Data Secure Unprivileged",0,"1 byte",0,"OKAY",2,133d9a3b,"OKAY",00000000,e,2,0,1,0,0,0,0,2,0,1,0,2,1,1,1,0,0,00000000,3,1,1,0,1,c08d1dae,3,f,0,0,0,"No Read Addr Cmds","No Read Addr Cmds","No Write Addr Cmds","No Write Addr Cmds","No Write Responses","No Write Responses","_","_","_","_","_","_","_","_","No Write Data Beats","No Write Data Beats"
194,194,0,0,1,1,0,0,0,8e5ffe20afb76fe31ba56e5faf65c9d2,0,3b9a3d13b8d6963fae1d8dc05a6037b2,0,1,0,1,fc696b1d,ffffffdb,0,1,0,0,2,00000000,"FIXED",3,00,"Data Secure Unprivileged","1 byte",0,0,00000000,"INCR",3,00,"Data Secure Unprivileged","4 bytes",0,2,c08d1dae,"SLVERR",00000000,0,2,1,0,0,0,0,0,0,0,2,0,1,6,0,1,1,2,0037e400,"INCR",3,ff,0,"Data Secure Unprivileged",0,"4 bytes",0,00000000,"FIXED",0,00,0,"Data Secure Unprivileged",0,"1 byte",0,"OKAY",2,133d9a3b,"OKAY",00000000,e,2,0,1,0,0,0,0,2,0,1,0,2,1,1,1,0,0,00000000,3,1,1,1,1,00000000,3,1,1,1,1,"No Read Addr Cmds","No Read Addr Cmds","No Write Addr Cmds","No Write Addr Cmds","No Write Responses","No Write Responses","_","_","Active","Active","_","_","Last Stream","Last Stream","No Write Data Beats","No Write Data Beats"
195,195,0,0,1,1,0,0,0,8e5ffe20afb76fe31ba56e5faf65c9d2,0,3b9a3d13b8d6963fae1d8dc05a6037b2,0,1,0,1,fc696b1d,ffffffdb,0,1,0,0,2,00000000,"FIXED",3,00,"Data Secure Unprivileged","1 byte",0,0,00000000,"INCR",3,00,"Data Secure Unprivileged","4 bytes",0,2,c08d1dae,"OKAY",00000000,0,2,1,0,0,0,0,0,0,0,2,0,1,3,1,1,0,2,0037e400,"INCR",3,ff,0,"Data Secure Unprivileged",0,"4 bytes",0,00000000,"FIXED",0,00,0,"Data Secure Unprivileged",0,"1 byte",0,"OKAY",2,133d9a3b,"OKAY",00000000,0,2,0,1,0,0,0,0,2,0,1,0,2,1,1,1,0,0,b237605a,3,f,0,0,0,00000000,3,1,0,0,1,"No Read Addr Cmds","No Read Addr Cmds","No Write Addr Cmds","No Write Addr Cmds","No Write Responses","No Write Responses","Active","_","_","_","Data Beat","_","_","_","No Write Data Beats","No Write Data Beats"
196,196,0,0,1,1,0,0,0,8e5ffe20afb76fe31ba56e5faf65c9d2,0,3b9a3d13b8d6963fae1d8dc05a6037b2,0,1,0,1,fc696b1d,ffffffdb,0,1,0,0,2,00000000,"FIXED",3,00,"Data Secure Unprivileged","1 byte",0,0,00000000,"INCR",3,00,"Data Secure Unprivileged","4 bytes",0,2,c08d1dae,"OKAY",00000000,0,2,1,0,0,0,0,0,0,0,2,0,1,2,0,1,0,2,0037e400,"INCR",3,ff,0,"Data Secure Unprivileged",0,"4 bytes",0,00000000,"FIXED",0,00,0,"Data Secure Unprivileged",0,"1 byte",0,"OKAY",2,133d9a3b,"OKAY",00000000,0,2,0,1,0,0,0,0,2,0,1,0,2,1,1,1,0,0,b237605a,3,f,1,0,0,00000000,3,1,0,0,1,"No Read Addr Cmds","No Read Addr Cmds","No Write Addr Cmds","No Write Addr Cmds","No Write Responses","No Write Responses","_","_","_","_","_","_","_","_","No Write Data Beats","No Write Data Beats"
197,197,0,0,1,1,0,0,0,8e5ffe20afb76fe31ba56e5faf65c9d2,0,3b9a3d13b8d6963fae1d8dc05a6037b2,0,1,0,1,fc696b1d,ffffffdb,0,1,0,0,2,00000000,"FIXED",3,00,"Data Secure Unprivileged","1 byte",0,0,00000000,"INCR",3,00,"Data Secure Unprivileged","4 bytes",0,2,c08d1dae,"OKAY",00000000,0,2,1,0,0,0,0,0,0,0,2,0,1,2,0,1,0,2,0037e400,"INCR",3,ff,0,"Data Secure Unprivileged",0,"4 bytes",0,00000000,"FIXED",0,00,0,"Data Secure Unprivileged",0,"1 byte",0,"OKAY",2,133d9a3b,"OKAY",00000000,0,2,0,1,0,0,0,0,2,0,1,0,2,1,1,1,0,0,b237605a,3,f,1,0,0,00000000,3,1,0,0,1,"No Read Addr Cmds","No Read Addr Cmds","No Write Addr Cmds","No Write Addr Cmds","No Write Responses","No Write Responses","_","_","_","_","_","_","_","_","No Write Data Beats","No Write Data Beats"
198,198,0,0,1,1,0,0,0,8e5ffe20afb76fe31ba56e5faf65c9d2,0,3b9a3d13b8d6963fae1d8dc05a6037b2,0,1,0,1,fc696b1d,ffffffdb,0,1,0,0,2,00000000,"FIXED",3,00,"Data Secure Unprivileged","1 byte",0,0,00000000,"INCR",3,00,"Data Secure Unprivileged","4 bytes",0,2,c08d1dae,"OKAY",00000000,0,2,1,0,0,0,0,0,0,0,2,0,1,2,0,1,0,2,0037e400,"INCR",3,ff,0,"Data Secure Unprivileged",0,"4 bytes",0,00000000,"FIXED",0,00,0,"Data Secure Unprivileged",0,"1 byte",0,"OKAY",2,133d9a3b,"OKAY",00000000,0,2,0,1,0,0,0,0,2,0,1,0,2,1,1,1,0,0,b237605a,3,f,1,1,0,b237605a,3,f,1,1,0,"No Read Addr Cmds","No Read Addr Cmds","No Write Addr Cmds","No Write Addr Cmds","No Write Responses","No Write Responses","_","_","Active","Active","_","_","Stream Beat","Stream Beat","No Write Data Beats","No Write Data Beats"
199,199,0,0,1,1,0,0,0,8e5ffe20afb76fe31ba56e5faf65c9d2,0,3b9a3d13b8d6963fae1d8dc05a6037b2,0,1,0,0,fc696b1d,ffffffdb,0,1,0,0,2,00000000,"FIXED",3,00,"Data Secure Unprivileged","1 byte",0,0,00000000,"INCR",3,00,"Data Secure Unprivileged","4 bytes",0,2,c08d1dae,"SLVERR",00000000,0,2,1,0,0,0,0,0,0,0,2,0,1,2,0,1,0,2,0037e400,"INCR",3,ff,0,"Data Secure Unprivileged",0,"4 bytes",0,00000000,"FIXED",0,00,0,"Data Secure Unprivileged",0,"1 byte",0,"OKAY",2,133d9a3b,"OKAY",00000000,a,2,0,1,4,0,0,1,2,0,1,0,2,1,1,3,1,0,00000000,3,1,1,0,1,b237605a,3,f,0,0,0,"No Read Addr Cmds","No Read Addr Cmds","No Write Addr Cmds","No Write Addr Cmds","No Write Responses","No Write Responses","_","Active","_","_","_","Data Beat","_","_","No Write Data Beats","No Write Data Beats"
200,200,0,0,1,1,0,0,0,8e5ffe20afb76fe31ba56e5faf65c9d2,0,3b9a3d13b8d6963fae1d8dc05a6037b2,0,1,0,1,03b1b875,ffffffdb,0,1,0,0,2,00000000,"FIXED",3,00,"Data Secure Unprivileged","1 byte",0,0,00000000,"INCR",3,00,"Data Secure Unprivileged","4 bytes",0,2,b237605a,"SLVERR",00000000,0,2,1,0,0,0,0,0,0,0,2,0,1,2,0,1,0,2,0037e400,"INCR",3,ff,0,"Data Secure Unprivileged",0,"4 bytes",0,00000000,"FIXED",0,00,0,"Data Secure Unprivileged",0,"1 byte",0,"OKAY",2,3f96d6b8,"OKAY",00000000,a,2,0,1,4,0,0,1,2,0,1,0,2,1,1,1,0,0,00000000,3,1,1,0,1,b237605a,3,f,0,0,0,"No Read Addr Cmds","No Read Addr Cmds","No Write Addr Cmds","No Write Addr Cmds","No Write Responses","No Write Responses","_","_","_","_","_","_","_","_","No Write Data Beats","No Write Data Beats"
201,201,0,0,1,1,0,0,0,8e5ffe20afb76fe31ba56e5faf65c9d2,0,3b9a3d13b8d6963fae1d8dc05a6037b2,0,1,0,1,03b1b875,ffffffdb,0,1,0,0,2,00000000,"FIXED",3,00,"Data Secure Unprivileged","1 byte",0,0,00000000,"INCR",3,00,"Data Secure Unprivileged","4 bytes",0,2,b237605a,"SLVERR",00000000,0,2,1,0,0,0,0,0,0,0,2,0,1,2,0,1,0,2,0037e400,"INCR",3,ff,0,"Data Secure Unprivileged",0,"4 bytes",0,00000000,"FIXED",0,00,0,"Data Secure Unprivileged",0,"1 byte",0,"OKAY",2,3f96d6b8,"OKAY",00000000,a,2,0,1,4,0,0,1,2,0,1,0,2,1,1,1,0,0,00000000,3,1,1,0,1,b237605a,3,f,0,0,0,"No Read Addr Cmds","No Read Addr Cmds","No Write Addr Cmds","No Write Addr Cmds","No Write Responses","No Write Responses","_","_","_","_","_","_","_","_","No Write Data Beats","No Write Data Beats"
202,202,0,0,1,1,0,0,0,8e5ffe20afb76fe31ba56e5faf65c9d2,0,3b9a3d13b8d6963fae1d8dc05a6037b2,0,1,0,1,03b1b875,ffffffdb,0,1,0,0,2,00000000,"FIXED",3,00,"Data Secure Unprivileged","1 byte",0,0,00000000,"INCR",3,00,"Data Secure Unprivileged","4 bytes",0,2,b237605a,"SLVERR",00000000,0,2,1,0,0,0,0,0,0,0,2,0,1,2,0,1,0,2,0037e400,"INCR",3,ff,0,"Data Secure Unprivileged",0,"4 bytes",0,00000000,"FIXED",0,00,0,"Data Secure Unprivileged",0,"1 byte",0,"OKAY",2,3f96d6b8,"OKAY",00000000,a,2,0,1,4,0,0,1,2,0,1,0,2,1,1,1,0,0,00000000,3,1,1,1,1,00000000,3,1,1,1,1,"No Read Addr Cmds","No Read Addr Cmds","No Write Addr Cmds","No Write Addr Cmds","No Write Responses","No Write Responses","_","_","Active","Active","_","_","Last Stream","Last Stream","No Write Data Beats","No Write Data Beats"
203,203,0,0,1,1,0,0,0,8e5ffe20afb76fe31ba56e5faf65c9d2,0,3b9a3d13b8d6963fae1d8dc05a6037b2,0,1,0,1,03b1b875,ffffffdb,0,1,0,0,2,00000000,"FIXED",3,00,"Data Secure Unprivileged","1 byte",0,0,00000000,"INCR",3,00,"Data Secure Unprivileged","4 bytes",0,2,b237605a,"OKAY",00000000,0,2,1,0,0,0,0,0,0,0,2,0,1,3,1,1,0,2,0037e400,"INCR",3,ff,0,"Data Secure Unprivileged",0,"4 bytes",0,00000000,"FIXED",0,00,0,"Data Secure Unprivileged",0,"1 byte",0,"OKAY",2,3f96d6b8,"OKAY",00000000,0,2,0,1,0,0,0,0,2,0,1,0,2,1,1,1,0,0,133d9a3b,3,f,0,0,0,00000000,3,1,0,0,1,"No Read Addr Cmds","No Read Addr Cmds","No Write Addr Cmds","No Write Addr Cmds","No Write Responses","No Write Responses","Active","_","_","_","Data Beat","_","_","_","No Write Data Beats","No Write Data Beats"
204,204,0,0,1,1,0,0,0,8e5ffe20afb76fe31ba56e5faf65c9d2,0,3b9a3d13b8d6963fae1d8dc05a6037b2,0,1,0,1,03b1b875,ffffffdb,0,1,0,0,2,00000000,"FIXED",3,00,"Data Secure Unprivileged","1 byte",0,0,00000000,"INCR",3,00,"Data Secure Unprivileged","4 bytes",0,2,b237605a,"OKAY",00000000,0,2,1,0,0,0,0,0,0,0,2,0,1,2,0,1,0,2,0037e400,"INCR",3,ff,0,"Data Secure Unprivileged",0,"4 bytes",0,00000000,"FIXED",0,00,0,"Data Secure Unprivileged",0,"1 byte",0,"OKAY",2,3f96d6b8,"OKAY",00000000,0,2,0,1,0,0,0,0,2,0,1,0,2,1,1,1,0,0,133d9a3b,3,f,1,0,0,00000000,3,1,0,0,1,"No Read Addr Cmds","No Read Addr Cmds","No Write Addr Cmds","No Write Addr Cmds","No Write Responses","No Write Responses","_","_","_","_","_","_","_","_","No Write Data Beats","No Write Data Beats"
205,205,0,0,1,1,0,0,0,8e5ffe20afb76fe31ba56e5faf65c9d2,0,3b9a3d13b8d6963fae1d8dc05a6037b2,0,1,0,1,03b1b875,ffffffdb,0,1,0,0,2,00000000,"FIXED",3,00,"Data Secure Unprivileged","1 byte",0,0,00000000,"INCR",3,00,"Data Secure Unprivileged","4 bytes",0,2,b237605a,"OKAY",00000000,0,2,1,0,0,0,0,0,0,0,2,0,1,2,0,1,0,2,0037e400,"INCR",3,ff,0,"Data Secure Unprivileged",0,"4 bytes",0,00000000,"FIXED",0,00,0,"Data Secure Unprivileged",0,"1 byte",0,"OKAY",2,3f96d6b8,"OKAY",00000000,0,2,0,1,0,0,0,0,2,0,1,0,2,1,1,1,0,0,133d9a3b,3,f,1,0,0,00000000,3,1,0,0,1,"No Read Addr Cmds","No Read Addr Cmds","No Write Addr Cmds","No Write Addr Cmds","No Write Responses","No Write Responses","_","_","_","_","_","_","_","_","No Write Data Beats","No Write Data Beats"
206,206,0,0,1,1,0,0,0,8e5ffe20afb76fe31ba56e5faf65c9d2,0,3b9a3d13b8d6963fae1d8dc05a6037b2,0,1,0,1,03b1b875,ffffffdb,0,1,0,0,2,00000000,"FIXED",3,00,"Data Secure Unprivileged","1 byte",0,0,00000000,"INCR",3,00,"Data Secure Unprivileged","4 bytes",0,2,b237605a,"OKAY",00000000,0,2,1,0,0,0,0,0,0,0,2,0,1,2,0,1,0,2,0037e400,"INCR",3,ff,0,"Data Secure Unprivileged",0,"4 bytes",0,00000000,"FIXED",0,00,0,"Data Secure Unprivileged",0,"1 byte",0,"OKAY",2,3f96d6b8,"OKAY",00000000,0,2,0,1,0,0,0,0,2,0,1,0,2,1,1,1,0,0,133d9a3b,3,f,1,1,0,133d9a3b,3,f,1,1,0,"No Read Addr Cmds","No Read Addr Cmds","No Write Addr Cmds","No Write Addr Cmds","No Write Responses","No Write Responses","_","_","Active","Active","_","_","Stream Beat","Stream Beat","No Write Data Beats","No Write Data Beats"
207,207,0,0,1,1,0,0,0,8e5ffe20afb76fe31ba56e5faf65c9d2,0,3b9a3d13b8d6963fae1d8dc05a6037b2,0,1,0,0,03b1b875,ffffffdb,0,1,0,0,2,00000000,"FIXED",3,00,"Data Secure Unprivileged","1 byte",0,0,00000000,"INCR",3,00,"Data Secure Unprivileged","4 bytes",0,2,b237605a,"DECERR",00000000,0,2,1,0,0,0,0,0,0,0,2,0,1,2,0,1,0,2,0037e400,"INCR",3,ff,0,"Data Secure Unprivileged",0,"4 bytes",0,00000000,"FIXED",0,00,0,"Data Secure Unprivileged",0,"1 byte",0,"OKAY",2,3f96d6b8,"OKAY",00000000,b,2,0,1,4,0,0,1,2,0,1,0,2,1,1,3,1,0,00000000,3,1,1,0,1,133d9a3b,3,f,0,0,0,"No Read Addr Cmds","No Read Addr Cmds","No Write Addr Cmds","No Write Addr Cmds","No Write Responses","No Write Responses","_","Active","_","_","_","Data Beat","_","_","No Write Data Beats","No Write Data Beats"
208,208,0,0,1,1,0,0,0,8e5ffe20afb76fe31ba56e5faf65c9d2,0,3b9a3d13b8d6963fae1d8dc05a6037b2,0,1,0,1,4dec065a,ffffffdb,0,1,0,0,2,00000000,"FIXED",3,00,"Data Secure Unprivileged","1 byte",0,0,00000000,"INCR",3,00,"Data Secure Unprivileged","4 bytes",0,2,133d9a3b,"DECERR",00000000,0,2,1,0,0,0,0,0,0,0,2,0,1,2,0,1,0,2,0037e400,"INCR",3,ff,0,"Data Secure Unprivileged",0,"4 bytes",0,00000000,"FIXED",0,00,0,"Data Secure Unprivileged",0,"1 byte",0,"OKAY",2,c08d1dae,"OKAY",00000000,b,2,0,1,4,0,0,1,2,0,1,0,2,1,1,1,0,0,00000000,3,1,1,0,1,133d9a3b,3,f,0,0,0,"No Read Addr Cmds","No Read Addr Cmds","No Write Addr Cmds","No Write Addr Cmds","No Write Responses","No Write Responses","_","_","_","_","_","_","_","_","No Write Data Beats","No Write Data Beats"
209,209,0,0,1,1,0,0,0,8e5ffe20afb76fe31ba56e5faf65c9d2,0,3b9a3d13b8d6963fae1d8dc05a6037b2,0,1,0,1,4dec065a,ffffffdb,0,1,0,0,2,00000000,"FIXED",3,00,"Data Secure Unprivileged","1 byte",0,0,00000000,"INCR",3,00,"Data Secure Unprivileged","4 bytes",0,2,133d9a3b,"DECERR",00000000,0,2,1,0,0,0,0,0,0,0,2,0,1,2,0,1,0,2,0037e400,"INCR",3,ff,0,"Data Secure Unprivileged",0,"4 bytes",0,00000000,"FIXED",0,00,0,"Data Secure Unprivileged",0,"1 byte",0,"OKAY",2,c08d1dae,"OKAY",00000000,b,2,0,1,4,0,0,1,2,0,1,0,2,1,1,1,0,0,00000000,3,1,1,0,1,133d9a3b,3,f,0,0,0,"No Read Addr Cmds","No Read Addr Cmds","No Write Addr Cmds","No Write Addr Cmds","No Write Responses","No Write Responses","_","_","_","_","_","_","_","_","No Write Data Beats","No Write Data Beats"
210,210,0,0,1,1,0,0,0,8e5ffe20afb76fe31ba56e5faf65c9d2,0,3b9a3d13b8d6963fae1d8dc05a6037b2,0,1,0,1,4dec065a,ffffffdb,0,1,0,0,2,00000000,"FIXED",3,00,"Data Secure Unprivileged","1 byte",0,0,00000000,"INCR",3,00,"Data Secure Unprivileged","4 bytes",0,2,133d9a3b,"DECERR",00000000,0,2,1,0,0,0,0,0,0,0,2,0,1,2,0,1,0,2,0037e400,"INCR",3,ff,0,"Data Secure Unprivileged",0,"4 bytes",0,00000000,"FIXED",0,00,0,"Data Secure Unprivileged",0,"1 byte",0,"OKAY",2,c08d1dae,"OKAY",00000000,b,2,0,1,4,0,0,1,2,0,1,0,2,1,1,1,0,0,00000000,3,1,1,1,1,00000000,3,1,1,1,1,"No Read Addr Cmds","No Read Addr Cmds","No Write Addr Cmds","No Write Addr Cmds","No Write Responses","No Write Responses","_","_","Active","Active","_","_","Last Stream","Last Stream","No Write Data Beats","No Write Data Beats"
211,211,0,0,1,1,0,0,0,8e5ffe20afb76fe31ba56e5faf65c9d2,0,3b9a3d13b8d6963fae1d8dc05a6037b2,0,1,0,1,4dec065a,ffffffdb,0,1,0,0,2,00000000,"FIXED",3,00,"Data Secure Unprivileged","1 byte",0,0,00000000,"INCR",3,00,"Data Secure Unprivileged","4 bytes",0,2,133d9a3b,"OKAY",00000000,0,2,1,0,0,0,0,0,0,0,2,0,1,3,1,1,0,2,0037e400,"INCR",3,ff,0,"Data Secure Unprivileged",0,"4 bytes",0,00000000,"FIXED",0,00,0,"Data Secure Unprivileged",0,"1 byte",0,"OKAY",2,c08d1dae,"OKAY",00000000,0,2,0,1,0,0,0,0,2,0,1,0,2,1,1,1,0,0,3f96d6b8,3,f,0,0,0,00000000,3,1,0,0,1,"No Read Addr Cmds","No Read Addr Cmds","No Write Addr Cmds","No Write Addr Cmds","No Write Responses","No Write Responses","Active","_","_","_","Data Beat","_","_","_","No Write Data Beats","No Write Data Beats"
212,212,0,0,1,1,0,0,0,8e5ffe20afb76fe31ba56e5faf65c9d2,0,3b9a3d13b8d6963fae1d8dc05a6037b2,0,1,0,1,4dec065a,ffffffdb,0,1,0,0,2,00000000,"FIXED",3,00,"Data Secure Unprivileged","1 byte",0,0,00000000,"INCR",3,00,"Data Secure Unprivileged","4 bytes",0,2,133d9a3b,"OKAY",00000000,0,2,1,0,0,0,0,0,0,0,2,0,1,2,0,1,0,2,0037e400,"INCR",3,ff,0,"Data Secure Unprivileged",0,"4 bytes",0,00000000,"FIXED",0,00,0,"Data Secure Unprivileged",0,"1 byte",0,"OKAY",2,c08d1dae,"OKAY",00000000,0,2,0,1,0,0,0,0,2,0,1,0,2,1,1,1,0,0,3f96d6b8,3,f,1,0,0,00000000,3,1,0,0,1,"No Read Addr Cmds","No Read Addr Cmds","No Write Addr Cmds","No Write Addr Cmds","No Write Responses","No Write Responses","_","_","_","_","_","_","_","_","No Write Data Beats","No Write Data Beats"
213,213,0,0,1,1,0,0,0,8e5ffe20afb76fe31ba56e5faf65c9d2,0,3b9a3d13b8d6963fae1d8dc05a6037b2,0,1,0,1,4dec065a,ffffffdb,0,1,0,0,2,00000000,"FIXED",3,00,"Data Secure Unprivileged","1 byte",0,0,00000000,"INCR",3,00,"Data Secure Unprivileged","4 bytes",0,2,133d9a3b,"OKAY",00000000,0,2,1,0,0,0,0,0,0,0,2,0,1,2,0,1,0,2,0037e400,"INCR",3,ff,0,"Data Secure Unprivileged",0,"4 bytes",0,00000000,"FIXED",0,00,0,"Data Secure Unprivileged",0,"1 byte",0,"OKAY",2,c08d1dae,"OKAY",00000000,0,2,0,1,0,0,0,0,2,0,1,0,2,1,1,1,0,0,3f96d6b8,3,f,1,0,0,00000000,3,1,0,0,1,"No Read Addr Cmds","No Read Addr Cmds","No Write Addr Cmds","No Write Addr Cmds","No Write Responses","No Write Responses","_","_","_","_","_","_","_","_","No Write Data Beats","No Write Data Beats"
214,214,0,0,1,1,0,0,0,8e5ffe20afb76fe31ba56e5faf65c9d2,0,3b9a3d13b8d6963fae1d8dc05a6037b2,0,1,0,1,4dec065a,ffffffdb,0,1,0,0,2,00000000,"FIXED",3,00,"Data Secure Unprivileged","1 byte",0,0,00000000,"INCR",3,00,"Data Secure Unprivileged","4 bytes",0,2,133d9a3b,"OKAY",00000000,0,2,1,0,0,0,0,0,0,0,2,0,1,2,0,1,0,2,0037e400,"INCR",3,ff,0,"Data Secure Unprivileged",0,"4 bytes",0,00000000,"FIXED",0,00,0,"Data Secure Unprivileged",0,"1 byte",0,"OKAY",2,c08d1dae,"OKAY",00000000,0,2,0,1,0,0,0,0,2,0,1,0,2,1,1,1,0,0,3f96d6b8,3,f,1,1,0,3f96d6b8,3,f,1,1,0,"No Read Addr Cmds","No Read Addr Cmds","No Write Addr Cmds","No Write Addr Cmds","No Write Responses","No Write Responses","_","_","Active","Active","_","_","Stream Beat","Stream Beat","No Write Data Beats","No Write Data Beats"
215,215,0,0,1,1,0,0,0,8e5ffe20afb76fe31ba56e5faf65c9d2,0,3b9a3d13b8d6963fae1d8dc05a6037b2,0,1,0,0,4dec065a,ffffffdb,0,1,0,0,2,00000000,"FIXED",3,00,"Data Secure Unprivileged","1 byte",0,0,00000000,"INCR",3,00,"Data Secure Unprivileged","4 bytes",0,2,133d9a3b,"OKAY",00000000,0,2,1,0,0,0,0,0,0,0,2,0,1,2,0,1,0,2,0037e400,"INCR",3,ff,0,"Data Secure Unprivileged",0,"4 bytes",0,00000000,"FIXED",0,00,0,"Data Secure Unprivileged",0,"1 byte",0,"OKAY",2,c08d1dae,"OKAY",00000000,8,2,0,1,4,0,0,1,2,0,1,0,2,1,1,3,1,0,00000000,3,1,1,0,1,3f96d6b8,3,f,0,0,0,"No Read Addr Cmds","No Read Addr Cmds","No Write Addr Cmds","No Write Addr Cmds","No Write Responses","No Write Responses","_","Active","_","_","_","Data Beat","_","_","No Write Data Beats","No Write Data Beats"
216,216,0,0,1,1,0,0,0,8e5ffe20afb76fe31ba56e5faf65c9d2,0,3b9a3d13b8d6963fae1d8dc05a6037b2,0,1,0,1,c8bc59dc,ffffffdb,0,1,0,0,2,00000000,"FIXED",3,00,"Data Secure Unprivileged","1 byte",0,0,00000000,"INCR",3,00,"Data Secure Unprivileged","4 bytes",0,2,3f96d6b8,"OKAY",00000000,0,2,1,0,0,0,0,0,0,0,2,0,1,2,0,1,0,2,0037e400,"INCR",3,ff,0,"Data Secure Unprivileged",0,"4 bytes",0,00000000,"FIXED",0,00,0,"Data Secure Unprivileged",0,"1 byte",0,"OKAY",2,b237605a,"OKAY",00000000,8,2,0,1,4,0,0,1,2,0,1,0,2,1,1,1,0,0,00000000,3,1,1,0,1,3f96d6b8,3,f,0,0,0,"No Read Addr Cmds","No Read Addr Cmds","No Write Addr Cmds","No Write Addr Cmds","No Write Responses","No Write Responses","_","_","_","_","_","_","_","_","No Write Data Beats","No Write Data Beats"
217,217,0,0,1,1,0,0,0,8e5ffe20afb76fe31ba56e5faf65c9d2,0,3b9a3d13b8d6963fae1d8dc05a6037b2,0,1,0,1,c8bc59dc,ffffffdb,0,1,0,0,2,00000000,"FIXED",3,00,"Data Secure Unprivileged","1 byte",0,0,00000000,"INCR",3,00,"Data Secure Unprivileged","4 bytes",0,2,3f96d6b8,"OKAY",00000000,0,2,1,0,0,0,0,0,0,0,2,0,1,2,0,1,0,2,0037e400,"INCR",3,ff,0,"Data Secure Unprivileged",0,"4 bytes",0,00000000,"FIXED",0,00,0,"Data Secure Unprivileged",0,"1 byte",0,"OKAY",2,b237605a,"OKAY",00000000,8,2,0,1,4,0,0,1,2,0,1,0,2,1,1,1,0,0,00000000,3,1,1,0,1,3f96d6b8,3,f,0,0,0,"No Read Addr Cmds","No Read Addr Cmds","No Write Addr Cmds","No Write Addr Cmds","No Write Responses","No Write Responses","_","_","_","_","_","_","_","_","No Write Data Beats","No Write Data Beats"
218,218,0,0,1,1,0,0,0,8e5ffe20afb76fe31ba56e5faf65c9d2,0,3b9a3d13b8d6963fae1d8dc05a6037b2,0,1,0,1,c8bc59dc,ffffffdb,0,1,0,0,2,00000000,"FIXED",3,00,"Data Secure Unprivileged","1 byte",0,0,00000000,"INCR",3,00,"Data Secure Unprivileged","4 bytes",0,2,3f96d6b8,"OKAY",00000000,0,2,1,0,0,0,0,0,0,0,2,0,1,2,0,1,0,2,0037e400,"INCR",3,ff,0,"Data Secure Unprivileged",0,"4 bytes",0,00000000,"FIXED",0,00,0,"Data Secure Unprivileged",0,"1 byte",0,"OKAY",2,b237605a,"OKAY",00000000,8,2,0,1,4,0,0,1,2,0,1,0,2,1,1,1,0,0,00000000,3,1,1,1,1,00000000,3,1,1,1,1,"No Read Addr Cmds","No Read Addr Cmds","No Write Addr Cmds","No Write Addr Cmds","No Write Responses","No Write Responses","_","_","Active","Active","_","_","Last Stream","Last Stream","No Write Data Beats","No Write Data Beats"
219,219,0,0,1,1,0,0,0,8e5ffe20afb76fe31ba56e5faf65c9d2,0,3b9a3d13b8d6963fae1d8dc05a6037b2,0,1,0,1,c8bc59dc,ffffffdb,0,1,0,0,2,00000000,"FIXED",3,00,"Data Secure Unprivileged","1 byte",0,0,00000000,"INCR",3,00,"Data Secure Unprivileged","4 bytes",0,2,3f96d6b8,"OKAY",00000000,0,2,1,0,0,0,0,0,0,0,2,0,1,3,1,1,0,2,0037e400,"INCR",3,ff,0,"Data Secure Unprivileged",0,"4 bytes",0,00000000,"FIXED",0,00,0,"Data Secure Unprivileged",0,"1 byte",0,"OKAY",2,b237605a,"OKAY",00000000,0,2,0,1,0,0,0,0,2,0,1,0,2,1,1,1,0,0,c08d1dae,3,f,0,0,0,00000000,3,1,0,0,1,"No Read Addr Cmds","No Read Addr Cmds","No Write Addr Cmds","No Write Addr Cmds","No Write Responses","No Write Responses","Active","_","_","_","Data Beat","_","_","_","No Write Data Beats","No Write Data Beats"
220,220,0,0,1,1,0,0,0,8e5ffe20afb76fe31ba56e5faf65c9d2,0,3b9a3d13b8d6963fae1d8dc05a6037b2,0,1,0,1,c8bc59dc,ffffffdb,0,1,0,0,2,00000000,"FIXED",3,00,"Data Secure Unprivileged","1 byte",0,0,00000000,"INCR",3,00,"Data Secure Unprivileged","4 bytes",0,2,3f96d6b8,"OKAY",00000000,0,2,1,0,0,0,0,0,0,0,2,0,1,2,0,1,0,2,0037e400,"INCR",3,ff,0,"Data Secure Unprivileged",0,"4 bytes",0,00000000,"FIXED",0,00,0,"Data Secure Unprivileged",0,"1 byte",0,"OKAY",2,b237605a,"OKAY",00000000,0,2,0,1,0,0,0,0,2,0,1,0,2,1,1,1,0,0,c08d1dae,3,f,1,0,0,00000000,3,1,0,0,1,"No Read Addr Cmds","No Read Addr Cmds","No Write Addr Cmds","No Write Addr Cmds","No Write Responses","No Write Responses","_","_","_","_","_","_","_","_","No Write Data Beats","No Write Data Beats"
221,221,0,0,1,1,0,0,0,8e5ffe20afb76fe31ba56e5faf65c9d2,0,3b9a3d13b8d6963fae1d8dc05a6037b2,0,1,0,1,c8bc59dc,ffffffdb,0,1,0,0,2,00000000,"FIXED",3,00,"Data Secure Unprivileged","1 byte",0,0,00000000,"INCR",3,00,"Data Secure Unprivileged","4 bytes",0,2,3f96d6b8,"OKAY",00000000,0,2,1,0,0,0,0,0,0,0,2,0,1,2,0,1,0,2,0037e400,"INCR",3,ff,0,"Data Secure Unprivileged",0,"4 bytes",0,00000000,"FIXED",0,00,0,"Data Secure Unprivileged",0,"1 byte",0,"OKAY",2,b237605a,"OKAY",00000000,0,2,0,1,0,0,0,0,2,0,1,0,2,1,1,1,0,0,c08d1dae,3,f,1,0,0,00000000,3,1,0,0,1,"No Read Addr Cmds","No Read Addr Cmds","No Write Addr Cmds","No Write Addr Cmds","No Write Responses","No Write Responses","_","_","_","_","_","_","_","_","No Write Data Beats","No Write Data Beats"
222,222,0,0,1,1,0,0,0,8e5ffe20afb76fe31ba56e5faf65c9d2,0,3b9a3d13b8d6963fae1d8dc05a6037b2,0,1,0,1,c8bc59dc,ffffffdb,0,1,0,0,2,00000000,"FIXED",3,00,"Data Secure Unprivileged","1 byte",0,0,00000000,"INCR",3,00,"Data Secure Unprivileged","4 bytes",0,2,3f96d6b8,"OKAY",00000000,0,2,1,0,0,0,0,0,0,0,2,0,1,2,0,1,0,2,0037e400,"INCR",3,ff,0,"Data Secure Unprivileged",0,"4 bytes",0,00000000,"FIXED",0,00,0,"Data Secure Unprivileged",0,"1 byte",0,"OKAY",2,b237605a,"OKAY",00000000,0,2,0,1,0,0,0,0,2,0,1,0,2,1,1,1,0,0,c08d1dae,3,f,1,1,0,c08d1dae,3,f,1,1,0,"No Read Addr Cmds","No Read Addr Cmds","No Write Addr Cmds","No Write Addr Cmds","No Write Responses","No Write Responses","_","_","Active","Active","_","_","Stream Beat","Stream Beat","No Write Data Beats","No Write Data Beats"
223,223,0,0,1,1,0,0,0,8e5ffe20afb76fe31ba56e5faf65c9d2,0,3b9a3d13b8d6963fae1d8dc05a6037b2,0,1,0,0,c8bc59dc,ffffffdb,0,1,0,0,2,00000000,"FIXED",3,00,"Data Secure Unprivileged","1 byte",0,0,00000000,"INCR",3,00,"Data Secure Unprivileged","4 bytes",0,2,3f96d6b8,"SLVERR",00000000,0,2,1,0,0,0,0,0,0,0,2,0,1,6,0,1,1,2,0037e400,"INCR",3,ff,0,"Data Secure Unprivileged",0,"4 bytes",0,00000000,"FIXED",0,00,0,"Data Secure Unprivileged",0,"1 byte",0,"OKAY",2,b237605a,"OKAY",00000000,e,2,0,1,0,0,0,0,2,0,1,0,2,1,1,3,1,0,00000000,3,1,1,0,1,c08d1dae,3,f,0,0,0,"No Read Addr Cmds","No Read Addr Cmds","No Write Addr Cmds","No Write Addr Cmds","No Write Responses","No Write Responses","_","Active","_","_","_","Data Beat","_","_","No Write Data Beats","No Write Data Beats"
224,224,0,0,1,1,0,0,0,8e5ffe20afb76fe31ba56e5faf65c9d2,0,3b9a3d13b8d6963fae1d8dc05a6037b2,0,1,0,1,fc696b1d,ffffffdb,0,1,0,0,2,00000000,"FIXED",3,00,"Data Secure Unprivileged","1 byte",0,0,00000000,"INCR",3,00,"Data Secure Unprivileged","4 bytes",0,2,c08d1dae,"SLVERR",00000000,0,2,1,0,0,0,0,0,0,0,2,0,1,6,0,1,1,2,0037e400,"INCR",3,ff,0,"Data Secure Unprivileged",0,"4 bytes",0,00000000,"FIXED",0,00,0,"Data Secure Unprivileged",0,"1 byte",0,"OKAY",2,133d9a3b,"OKAY",00000000,e,2,0,1,0,0,0,0,2,0,1,0,2,1,1,1,0,0,00000000,3,1,1,0,1,c08d1dae,3,f,0,0,0,"No Read Addr Cmds","No Read Addr Cmds","No Write Addr Cmds","No Write Addr Cmds","No Write Responses","No Write Responses","_","_","_","_","_","_","_","_","No Write Data Beats","No Write Data Beats"
225,225,0,0,1,1,0,0,0,8e5ffe20afb76fe31ba56e5faf65c9d2,0,3b9a3d13b8d6963fae1d8dc05a6037b2,0,1,0,1,fc696b1d,ffffffdb,0,1,0,0,2,00000000,"FIXED",3,00,"Data Secure Unprivileged","1 byte",0,0,00000000,"INCR",3,00,"Data Secure Unprivileged","4 bytes",0,2,c08d1dae,"SLVERR",00000000,0,2,1,0,0,0,0,0,0,0,2,0,1,6,0,1,1,2,0037e400,"INCR",3,ff,0,"Data Secure Unprivileged",0,"4 bytes",0,00000000,"FIXED",0,00,0,"Data Secure Unprivileged",0,"1 byte",0,"OKAY",2,133d9a3b,"OKAY",00000000,e,2,0,1,0,0,0,0,2,0,1,0,2,1,1,1,0,0,00000000,3,1,1,0,1,c08d1dae,3,f,0,0,0,"No Read Addr Cmds","No Read Addr Cmds","No Write Addr Cmds","No Write Addr Cmds","No Write Responses","No Write Responses","_","_","_","_","_","_","_","_","No Write Data Beats","No Write Data Beats"
226,226,0,0,1,1,0,0,0,8e5ffe20afb76fe31ba56e5faf65c9d2,0,3b9a3d13b8d6963fae1d8dc05a6037b2,0,1,0,1,fc696b1d,ffffffdb,0,1,0,0,2,00000000,"FIXED",3,00,"Data Secure Unprivileged","1 byte",0,0,00000000,"INCR",3,00,"Data Secure Unprivileged","4 bytes",0,2,c08d1dae,"SLVERR",00000000,0,2,1,0,0,0,0,0,0,0,2,0,1,6,0,1,1,2,0037e400,"INCR",3,ff,0,"Data Secure Unprivileged",0,"4 bytes",0,00000000,"FIXED",0,00,0,"Data Secure Unprivileged",0,"1 byte",0,"OKAY",2,133d9a3b,"OKAY",00000000,e,2,0,1,0,0,0,0,2,0,1,0,2,1,1,1,0,0,00000000,3,1,1,1,1,00000000,3,1,1,1,1,"No Read Addr Cmds","No Read Addr Cmds","No Write Addr Cmds","No Write Addr Cmds","No Write Responses","No Write Responses","_","_","Active","Active","_","_","Last Stream","Last Stream","No Write Data Beats","No Write Data Beats"
227,227,0,0,1,1,0,0,0,8e5ffe20afb76fe31ba56e5faf65c9d2,0,3b9a3d13b8d6963fae1d8dc05a6037b2,0,1,0,1,fc696b1d,ffffffdb,0,1,0,0,2,00000000,"FIXED",3,00,"Data Secure Unprivileged","1 byte",0,0,00000000,"INCR",3,00,"Data Secure Unprivileged","4 bytes",0,2,c08d1dae,"OKAY",00000000,0,2,1,0,0,0,0,0,0,0,2,0,1,3,1,1,0,2,0037e400,"INCR",3,ff,0,"Data Secure Unprivileged",0,"4 bytes",0,00000000,"FIXED",0,00,0,"Data Secure Unprivileged",0,"1 byte",0,"OKAY",2,133d9a3b,"OKAY",00000000,0,2,0,1,0,0,0,0,2,0,1,0,2,1,1,1,0,0,b237605a,3,f,0,0,0,00000000,3,1,0,0,1,"No Read Addr Cmds","No Read Addr Cmds","No Write Addr Cmds","No Write Addr Cmds","No Write Responses","No Write Responses","Active","_","_","_","Data Beat","_","_","_","No Write Data Beats","No Write Data Beats"
228,228,0,0,1,1,0,0,0,8e5ffe20afb76fe31ba56e5faf65c9d2,0,3b9a3d13b8d6963fae1d8dc05a6037b2,0,1,0,1,fc696b1d,ffffffdb,0,1,0,0,2,00000000,"FIXED",3,00,"Data Secure Unprivileged","1 byte",0,0,00000000,"INCR",3,00,"Data Secure Unprivileged","4 bytes",0,2,c08d1dae,"OKAY",00000000,0,2,1,0,0,0,0,0,0,0,2,0,1,2,0,1,0,2,0037e400,"INCR",3,ff,0,"Data Secure Unprivileged",0,"4 bytes",0,00000000,"FIXED",0,00,0,"Data Secure Unprivileged",0,"1 byte",0,"OKAY",2,133d9a3b,"OKAY",00000000,0,2,0,1,0,0,0,0,2,0,1,0,2,1,1,1,0,0,b237605a,3,f,1,0,0,00000000,3,1,0,0,1,"No Read Addr Cmds","No Read Addr Cmds","No Write Addr Cmds","No Write Addr Cmds","No Write Responses","No Write Responses","_","_","_","_","_","_","_","_","No Write Data Beats","No Write Data Beats"
229,229,0,0,1,1,0,0,0,8e5ffe20afb76fe31ba56e5faf65c9d2,0,3b9a3d13b8d6963fae1d8dc05a6037b2,0,1,0,1,fc696b1d,ffffffdb,0,1,0,0,2,00000000,"FIXED",3,00,"Data Secure Unprivileged","1 byte",0,0,00000000,"INCR",3,00,"Data Secure Unprivileged","4 bytes",0,2,c08d1dae,"OKAY",00000000,0,2,1,0,0,0,0,0,0,0,2,0,1,2,0,1,0,2,0037e400,"INCR",3,ff,0,"Data Secure Unprivileged",0,"4 bytes",0,00000000,"FIXED",0,00,0,"Data Secure Unprivileged",0,"1 byte",0,"OKAY",2,133d9a3b,"OKAY",00000000,0,2,0,1,0,0,0,0,2,0,1,0,2,1,1,1,0,0,b237605a,3,f,1,0,0,00000000,3,1,0,0,1,"No Read Addr Cmds","No Read Addr Cmds","No Write Addr Cmds","No Write Addr Cmds","No Write Responses","No Write Responses","_","_","_","_","_","_","_","_","No Write Data Beats","No Write Data Beats"
230,230,0,0,1,1,0,0,0,8e5ffe20afb76fe31ba56e5faf65c9d2,0,3b9a3d13b8d6963fae1d8dc05a6037b2,0,1,0,1,fc696b1d,ffffffdb,0,1,0,0,2,00000000,"FIXED",3,00,"Data Secure Unprivileged","1 byte",0,0,00000000,"INCR",3,00,"Data Secure Unprivileged","4 bytes",0,2,c08d1dae,"OKAY",00000000,0,2,1,0,0,0,0,0,0,0,2,0,1,2,0,1,0,2,0037e400,"INCR",3,ff,0,"Data Secure Unprivileged",0,"4 bytes",0,00000000,"FIXED",0,00,0,"Data Secure Unprivileged",0,"1 byte",0,"OKAY",2,133d9a3b,"OKAY",00000000,0,2,0,1,0,0,0,0,2,0,1,0,2,1,1,1,0,0,b237605a,3,f,1,1,0,b237605a,3,f,1,1,0,"No Read Addr Cmds","No Read Addr Cmds","No Write Addr Cmds","No Write Addr Cmds","No Write Responses","No Write Responses","_","_","Active","Active","_","_","Stream Beat","Stream Beat","No Write Data Beats","No Write Data Beats"
231,231,0,0,1,1,0,0,0,8e5ffe20afb76fe31ba56e5faf65c9d2,0,3b9a3d13b8d6963fae1d8dc05a6037b2,0,1,0,0,fc696b1d,ffffffdb,0,1,0,0,2,00000000,"FIXED",3,00,"Data Secure Unprivileged","1 byte",0,0,00000000,"INCR",3,00,"Data Secure Unprivileged","4 bytes",0,2,c08d1dae,"SLVERR",00000000,0,2,1,0,0,0,0,0,0,0,2,0,1,2,0,1,0,2,0037e400,"INCR",3,ff,0,"Data Secure Unprivileged",0,"4 bytes",0,00000000,"FIXED",0,00,0,"Data Secure Unprivileged",0,"1 byte",0,"OKAY",2,133d9a3b,"OKAY",00000000,a,2,0,1,4,0,0,1,2,0,1,0,2,1,1,3,1,0,00000000,3,1,1,0,1,b237605a,3,f,0,0,0,"No Read Addr Cmds","No Read Addr Cmds","No Write Addr Cmds","No Write Addr Cmds","No Write Responses","No Write Responses","_","Active","_","_","_","Data Beat","_","_","No Write Data Beats","No Write Data Beats"
232,232,0,0,1,1,0,0,0,8e5ffe20afb76fe31ba56e5faf65c9d2,0,3b9a3d13b8d6963fae1d8dc05a6037b2,0,1,0,1,03b1b875,ffffffdb,0,1,0,0,2,00000000,"FIXED",3,00,"Data Secure Unprivileged","1 byte",0,0,00000000,"INCR",3,00,"Data Secure Unprivileged","4 bytes",0,2,b237605a,"SLVERR",00000000,0,2,1,0,0,0,0,0,0,0,2,0,1,2,0,1,0,2,0037e400,"INCR",3,ff,0,"Data Secure Unprivileged",0,"4 bytes",0,00000000,"FIXED",0,00,0,"Data Secure Unprivileged",0,"1 byte",0,"OKAY",2,3f96d6b8,"OKAY",00000000,a,2,0,1,4,0,0,1,2,0,1,0,2,1,1,1,0,0,00000000,3,1,1,0,1,b237605a,3,f,0,0,0,"No Read Addr Cmds","No Read Addr Cmds","No Write Addr Cmds","No Write Addr Cmds","No Write Responses","No Write Responses","_","_","_","_","_","_","_","_","No Write Data Beats","No Write Data Beats"
233,233,0,0,1,1,0,0,0,8e5ffe20afb76fe31ba56e5faf65c9d2,0,3b9a3d13b8d6963fae1d8dc05a6037b2,0,1,0,1,03b1b875,ffffffdb,0,1,0,0,2,00000000,"FIXED",3,00,"Data Secure Unprivileged","1 byte",0,0,00000000,"INCR",3,00,"Data Secure Unprivileged","4 bytes",0,2,b237605a,"SLVERR",00000000,0,2,1,0,0,0,0,0,0,0,2,0,1,2,0,1,0,2,0037e400,"INCR",3,ff,0,"Data Secure Unprivileged",0,"4 bytes",0,00000000,"FIXED",0,00,0,"Data Secure Unprivileged",0,"1 byte",0,"OKAY",2,3f96d6b8,"OKAY",00000000,a,2,0,1,4,0,0,1,2,0,1,0,2,1,1,1,0,0,00000000,3,1,1,0,1,b237605a,3,f,0,0,0,"No Read Addr Cmds","No Read Addr Cmds","No Write Addr Cmds","No Write Addr Cmds","No Write Responses","No Write Responses","_","_","_","_","_","_","_","_","No Write Data Beats","No Write Data Beats"
234,234,0,0,1,1,0,0,0,8e5ffe20afb76fe31ba56e5faf65c9d2,0,3b9a3d13b8d6963fae1d8dc05a6037b2,0,1,0,1,03b1b875,ffffffdb,0,1,0,0,2,00000000,"FIXED",3,00,"Data Secure Unprivileged","1 byte",0,0,00000000,"INCR",3,00,"Data Secure Unprivileged","4 bytes",0,2,b237605a,"SLVERR",00000000,0,2,1,0,0,0,0,0,0,0,2,0,1,2,0,1,0,2,0037e400,"INCR",3,ff,0,"Data Secure Unprivileged",0,"4 bytes",0,00000000,"FIXED",0,00,0,"Data Secure Unprivileged",0,"1 byte",0,"OKAY",2,3f96d6b8,"OKAY",00000000,a,2,0,1,4,0,0,1,2,0,1,0,2,1,1,1,0,0,00000000,3,1,1,1,1,00000000,3,1,1,1,1,"No Read Addr Cmds","No Read Addr Cmds","No Write Addr Cmds","No Write Addr Cmds","No Write Responses","No Write Responses","_","_","Active","Active","_","_","Last Stream","Last Stream","No Write Data Beats","No Write Data Beats"
235,235,0,0,1,1,0,0,0,8e5ffe20afb76fe31ba56e5faf65c9d2,0,3b9a3d13b8d6963fae1d8dc05a6037b2,0,1,0,1,03b1b875,ffffffdb,0,1,0,0,2,00000000,"FIXED",3,00,"Data Secure Unprivileged","1 byte",0,0,00000000,"INCR",3,00,"Data Secure Unprivileged","4 bytes",0,2,b237605a,"OKAY",00000000,0,2,1,0,0,0,0,0,0,0,2,0,1,3,1,1,0,2,0037e400,"INCR",3,ff,0,"Data Secure Unprivileged",0,"4 bytes",0,00000000,"FIXED",0,00,0,"Data Secure Unprivileged",0,"1 byte",0,"OKAY",2,3f96d6b8,"OKAY",00000000,0,2,0,1,0,0,0,0,2,0,1,0,2,1,1,1,0,0,133d9a3b,3,f,0,0,0,00000000,3,1,0,0,1,"No Read Addr Cmds","No Read Addr Cmds","No Write Addr Cmds","No Write Addr Cmds","No Write Responses","No Write Responses","Active","_","_","_","Data Beat","_","_","_","No Write Data Beats","No Write Data Beats"
236,236,0,0,1,1,0,0,0,8e5ffe20afb76fe31ba56e5faf65c9d2,0,3b9a3d13b8d6963fae1d8dc05a6037b2,0,1,0,1,03b1b875,ffffffdb,0,1,0,0,2,00000000,"FIXED",3,00,"Data Secure Unprivileged","1 byte",0,0,00000000,"INCR",3,00,"Data Secure Unprivileged","4 bytes",0,2,b237605a,"OKAY",00000000,0,2,1,0,0,0,0,0,0,0,2,0,1,2,0,1,0,2,0037e400,"INCR",3,ff,0,"Data Secure Unprivileged",0,"4 bytes",0,00000000,"FIXED",0,00,0,"Data Secure Unprivileged",0,"1 byte",0,"OKAY",2,3f96d6b8,"OKAY",00000000,0,2,0,1,0,0,0,0,2,0,1,0,2,1,1,1,0,0,133d9a3b,3,f,1,0,0,00000000,3,1,0,0,1,"No Read Addr Cmds","No Read Addr Cmds","No Write Addr Cmds","No Write Addr Cmds","No Write Responses","No Write Responses","_","_","_","_","_","_","_","_","No Write Data Beats","No Write Data Beats"
237,237,0,0,1,1,0,0,0,8e5ffe20afb76fe31ba56e5faf65c9d2,0,3b9a3d13b8d6963fae1d8dc05a6037b2,0,1,0,1,03b1b875,ffffffdb,0,1,0,0,2,00000000,"FIXED",3,00,"Data Secure Unprivileged","1 byte",0,0,00000000,"INCR",3,00,"Data Secure Unprivileged","4 bytes",0,2,b237605a,"OKAY",00000000,0,2,1,0,0,0,0,0,0,0,2,0,1,2,0,1,0,2,0037e400,"INCR",3,ff,0,"Data Secure Unprivileged",0,"4 bytes",0,00000000,"FIXED",0,00,0,"Data Secure Unprivileged",0,"1 byte",0,"OKAY",2,3f96d6b8,"OKAY",00000000,0,2,0,1,0,0,0,0,2,0,1,0,2,1,1,1,0,0,133d9a3b,3,f,1,0,0,00000000,3,1,0,0,1,"No Read Addr Cmds","No Read Addr Cmds","No Write Addr Cmds","No Write Addr Cmds","No Write Responses","No Write Responses","_","_","_","_","_","_","_","_","No Write Data Beats","No Write Data Beats"
238,238,0,0,1,1,0,0,0,8e5ffe20afb76fe31ba56e5faf65c9d2,0,3b9a3d13b8d6963fae1d8dc05a6037b2,0,1,0,1,03b1b875,ffffffdb,0,1,0,0,2,00000000,"FIXED",3,00,"Data Secure Unprivileged","1 byte",0,0,00000000,"INCR",3,00,"Data Secure Unprivileged","4 bytes",0,2,b237605a,"OKAY",00000000,0,2,1,0,0,0,0,0,0,0,2,0,1,2,0,1,0,2,0037e400,"INCR",3,ff,0,"Data Secure Unprivileged",0,"4 bytes",0,00000000,"FIXED",0,00,0,"Data Secure Unprivileged",0,"1 byte",0,"OKAY",2,3f96d6b8,"OKAY",00000000,0,2,0,1,0,0,0,0,2,0,1,0,2,1,1,1,0,0,133d9a3b,3,f,1,1,0,133d9a3b,3,f,1,1,0,"No Read Addr Cmds","No Read Addr Cmds","No Write Addr Cmds","No Write Addr Cmds","No Write Responses","No Write Responses","_","_","Active","Active","_","_","Stream Beat","Stream Beat","No Write Data Beats","No Write Data Beats"
239,239,0,0,1,1,0,0,0,8e5ffe20afb76fe31ba56e5faf65c9d2,0,3b9a3d13b8d6963fae1d8dc05a6037b2,0,1,0,0,03b1b875,ffffffdb,0,1,0,0,2,00000000,"FIXED",3,00,"Data Secure Unprivileged","1 byte",0,0,00000000,"INCR",3,00,"Data Secure Unprivileged","4 bytes",0,2,b237605a,"DECERR",00000000,0,2,1,0,0,0,0,0,0,0,2,0,1,2,0,1,0,2,0037e400,"INCR",3,ff,0,"Data Secure Unprivileged",0,"4 bytes",0,00000000,"FIXED",0,00,0,"Data Secure Unprivileged",0,"1 byte",0,"OKAY",2,3f96d6b8,"OKAY",00000000,b,2,0,1,4,0,0,1,2,0,1,0,2,1,1,3,1,0,00000000,3,1,1,0,1,133d9a3b,3,f,0,0,0,"No Read Addr Cmds","No Read Addr Cmds","No Write Addr Cmds","No Write Addr Cmds","No Write Responses","No Write Responses","_","Active","_","_","_","Data Beat","_","_","No Write Data Beats","No Write Data Beats"
240,240,0,0,1,1,0,0,0,8e5ffe20afb76fe31ba56e5faf65c9d2,0,3b9a3d13b8d6963fae1d8dc05a6037b2,0,1,0,1,4dec065a,ffffffdb,0,1,0,0,2,00000000,"FIXED",3,00,"Data Secure Unprivileged","1 byte",0,0,00000000,"INCR",3,00,"Data Secure Unprivileged","4 bytes",0,2,133d9a3b,"DECERR",00000000,0,2,1,0,0,0,0,0,0,0,2,0,1,2,0,1,0,2,0037e400,"INCR",3,ff,0,"Data Secure Unprivileged",0,"4 bytes",0,00000000,"FIXED",0,00,0,"Data Secure Unprivileged",0,"1 byte",0,"OKAY",2,c08d1dae,"OKAY",00000000,b,2,0,1,4,0,0,1,2,0,1,0,2,1,1,1,0,0,00000000,3,1,1,0,1,133d9a3b,3,f,0,0,0,"No Read Addr Cmds","No Read Addr Cmds","No Write Addr Cmds","No Write Addr Cmds","No Write Responses","No Write Responses","_","_","_","_","_","_","_","_","No Write Data Beats","No Write Data Beats"
241,241,0,0,1,1,0,0,0,8e5ffe20afb76fe31ba56e5faf65c9d2,0,3b9a3d13b8d6963fae1d8dc05a6037b2,0,1,0,1,4dec065a,ffffffdb,0,1,0,0,2,00000000,"FIXED",3,00,"Data Secure Unprivileged","1 byte",0,0,00000000,"INCR",3,00,"Data Secure Unprivileged","4 bytes",0,2,133d9a3b,"DECERR",00000000,0,2,1,0,0,0,0,0,0,0,2,0,1,2,0,1,0,2,0037e400,"INCR",3,ff,0,"Data Secure Unprivileged",0,"4 bytes",0,00000000,"FIXED",0,00,0,"Data Secure Unprivileged",0,"1 byte",0,"OKAY",2,c08d1dae,"OKAY",00000000,b,2,0,1,4,0,0,1,2,0,1,0,2,1,1,1,0,0,00000000,3,1,1,0,1,133d9a3b,3,f,0,0,0,"No Read Addr Cmds","No Read Addr Cmds","No Write Addr Cmds","No Write Addr Cmds","No Write Responses","No Write Responses","_","_","_","_","_","_","_","_","No Write Data Beats","No Write Data Beats"
242,242,0,0,1,1,0,0,0,8e5ffe20afb76fe31ba56e5faf65c9d2,0,3b9a3d13b8d6963fae1d8dc05a6037b2,0,1,0,1,4dec065a,ffffffdb,0,1,0,0,2,00000000,"FIXED",3,00,"Data Secure Unprivileged","1 byte",0,0,00000000,"INCR",3,00,"Data Secure Unprivileged","4 bytes",0,2,133d9a3b,"DECERR",00000000,0,2,1,0,0,0,0,0,0,0,2,0,1,2,0,1,0,2,0037e400,"INCR",3,ff,0,"Data Secure Unprivileged",0,"4 bytes",0,00000000,"FIXED",0,00,0,"Data Secure Unprivileged",0,"1 byte",0,"OKAY",2,c08d1dae,"OKAY",00000000,b,2,0,1,4,0,0,1,2,0,1,0,2,1,1,1,0,0,00000000,3,1,1,1,1,00000000,3,1,1,1,1,"No Read Addr Cmds","No Read Addr Cmds","No Write Addr Cmds","No Write Addr Cmds","No Write Responses","No Write Responses","_","_","Active","Active","_","_","Last Stream","Last Stream","No Write Data Beats","No Write Data Beats"
243,243,0,0,1,1,0,0,0,8e5ffe20afb76fe31ba56e5faf65c9d2,0,3b9a3d13b8d6963fae1d8dc05a6037b2,0,1,0,1,4dec065a,ffffffdb,0,1,0,0,2,00000000,"FIXED",3,00,"Data Secure Unprivileged","1 byte",0,0,00000000,"INCR",3,00,"Data Secure Unprivileged","4 bytes",0,2,133d9a3b,"OKAY",00000000,0,2,1,0,0,0,0,0,0,0,2,0,1,3,1,1,0,2,0037e400,"INCR",3,ff,0,"Data Secure Unprivileged",0,"4 bytes",0,00000000,"FIXED",0,00,0,"Data Secure Unprivileged",0,"1 byte",0,"OKAY",2,c08d1dae,"OKAY",00000000,0,2,0,1,0,0,0,0,2,0,1,0,2,1,1,1,0,0,3f96d6b8,3,f,0,0,0,00000000,3,1,0,0,1,"No Read Addr Cmds","No Read Addr Cmds","No Write Addr Cmds","No Write Addr Cmds","No Write Responses","No Write Responses","Active","_","_","_","Data Beat","_","_","_","No Write Data Beats","No Write Data Beats"
244,244,0,0,1,1,0,0,0,8e5ffe20afb76fe31ba56e5faf65c9d2,0,3b9a3d13b8d6963fae1d8dc05a6037b2,0,1,0,1,4dec065a,ffffffdb,0,1,0,0,2,00000000,"FIXED",3,00,"Data Secure Unprivileged","1 byte",0,0,00000000,"INCR",3,00,"Data Secure Unprivileged","4 bytes",0,2,133d9a3b,"OKAY",00000000,0,2,1,0,0,0,0,0,0,0,2,0,1,2,0,1,0,2,0037e400,"INCR",3,ff,0,"Data Secure Unprivileged",0,"4 bytes",0,00000000,"FIXED",0,00,0,"Data Secure Unprivileged",0,"1 byte",0,"OKAY",2,c08d1dae,"OKAY",00000000,0,2,0,1,0,0,0,0,2,0,1,0,2,1,1,1,0,0,3f96d6b8,3,f,1,0,0,00000000,3,1,0,0,1,"No Read Addr Cmds","No Read Addr Cmds","No Write Addr Cmds","No Write Addr Cmds","No Write Responses","No Write Responses","_","_","_","_","_","_","_","_","No Write Data Beats","No Write Data Beats"
245,245,0,0,1,1,0,0,0,8e5ffe20afb76fe31ba56e5faf65c9d2,0,3b9a3d13b8d6963fae1d8dc05a6037b2,0,1,0,1,4dec065a,ffffffdb,0,1,0,0,2,00000000,"FIXED",3,00,"Data Secure Unprivileged","1 byte",0,0,00000000,"INCR",3,00,"Data Secure Unprivileged","4 bytes",0,2,133d9a3b,"OKAY",00000000,0,2,1,0,0,0,0,0,0,0,2,0,1,2,0,1,0,2,0037e400,"INCR",3,ff,0,"Data Secure Unprivileged",0,"4 bytes",0,00000000,"FIXED",0,00,0,"Data Secure Unprivileged",0,"1 byte",0,"OKAY",2,c08d1dae,"OKAY",00000000,0,2,0,1,0,0,0,0,2,0,1,0,2,1,1,1,0,0,3f96d6b8,3,f,1,0,0,00000000,3,1,0,0,1,"No Read Addr Cmds","No Read Addr Cmds","No Write Addr Cmds","No Write Addr Cmds","No Write Responses","No Write Responses","_","_","_","_","_","_","_","_","No Write Data Beats","No Write Data Beats"
246,246,0,0,1,1,0,0,0,8e5ffe20afb76fe31ba56e5faf65c9d2,0,3b9a3d13b8d6963fae1d8dc05a6037b2,0,1,0,1,4dec065a,ffffffdb,0,1,0,0,2,00000000,"FIXED",3,00,"Data Secure Unprivileged","1 byte",0,0,00000000,"INCR",3,00,"Data Secure Unprivileged","4 bytes",0,2,133d9a3b,"OKAY",00000000,0,2,1,0,0,0,0,0,0,0,2,0,1,2,0,1,0,2,0037e400,"INCR",3,ff,0,"Data Secure Unprivileged",0,"4 bytes",0,00000000,"FIXED",0,00,0,"Data Secure Unprivileged",0,"1 byte",0,"OKAY",2,c08d1dae,"OKAY",00000000,0,2,0,1,0,0,0,0,2,0,1,0,2,1,1,1,0,0,3f96d6b8,3,f,1,1,0,3f96d6b8,3,f,1,1,0,"No Read Addr Cmds","No Read Addr Cmds","No Write Addr Cmds","No Write Addr Cmds","No Write Responses","No Write Responses","_","_","Active","Active","_","_","Stream Beat","Stream Beat","No Write Data Beats","No Write Data Beats"
247,247,0,0,1,1,0,0,0,8e5ffe20afb76fe31ba56e5faf65c9d2,0,3b9a3d13b8d6963fae1d8dc05a6037b2,0,1,0,0,4dec065a,ffffffdb,0,1,0,0,2,00000000,"FIXED",3,00,"Data Secure Unprivileged","1 byte",0,0,00000000,"INCR",3,00,"Data Secure Unprivileged","4 bytes",0,2,133d9a3b,"OKAY",00000000,0,2,1,0,0,0,0,0,0,0,2,0,1,2,0,1,0,2,0037e400,"INCR",3,ff,0,"Data Secure Unprivileged",0,"4 bytes",0,00000000,"FIXED",0,00,0,"Data Secure Unprivileged",0,"1 byte",0,"OKAY",2,c08d1dae,"OKAY",00000000,8,2,0,1,4,0,0,1,2,0,1,0,2,1,1,3,1,0,00000000,3,1,1,0,1,3f96d6b8,3,f,0,0,0,"No Read Addr Cmds","No Read Addr Cmds","No Write Addr Cmds","No Write Addr Cmds","No Write Responses","No Write Responses","_","Active","_","_","_","Data Beat","_","_","No Write Data Beats","No Write Data Beats"
248,248,0,0,1,1,0,0,0,8e5ffe20afb76fe31ba56e5faf65c9d2,0,3b9a3d13b8d6963fae1d8dc05a6037b2,0,1,0,1,c8bc59dc,ffffffdb,0,1,0,0,2,00000000,"FIXED",3,00,"Data Secure Unprivileged","1 byte",0,0,00000000,"INCR",3,00,"Data Secure Unprivileged","4 bytes",0,2,3f96d6b8,"OKAY",00000000,0,2,1,0,0,0,0,0,0,0,2,0,1,2,0,1,0,2,0037e400,"INCR",3,ff,0,"Data Secure Unprivileged",0,"4 bytes",0,00000000,"FIXED",0,00,0,"Data Secure Unprivileged",0,"1 byte",0,"OKAY",2,b237605a,"OKAY",00000000,8,2,0,1,4,0,0,1,2,0,1,0,2,1,1,1,0,0,00000000,3,1,1,0,1,3f96d6b8,3,f,0,0,0,"No Read Addr Cmds","No Read Addr Cmds","No Write Addr Cmds","No Write Addr Cmds","No Write Responses","No Write Responses","_","_","_","_","_","_","_","_","No Write Data Beats","No Write Data Beats"
249,249,0,0,1,1,0,0,0,8e5ffe20afb76fe31ba56e5faf65c9d2,0,3b9a3d13b8d6963fae1d8dc05a6037b2,0,1,0,1,c8bc59dc,ffffffdb,0,1,0,0,2,00000000,"FIXED",3,00,"Data Secure Unprivileged","1 byte",0,0,00000000,"INCR",3,00,"Data Secure Unprivileged","4 bytes",0,2,3f96d6b8,"OKAY",00000000,0,2,1,0,0,0,0,0,0,0,2,0,1,2,0,1,0,2,0037e400,"INCR",3,ff,0,"Data Secure Unprivileged",0,"4 bytes",0,00000000,"FIXED",0,00,0,"Data Secure Unprivileged",0,"1 byte",0,"OKAY",2,b237605a,"OKAY",00000000,8,2,0,1,4,0,0,1,2,0,1,0,2,1,1,1,0,0,00000000,3,1,1,0,1,3f96d6b8,3,f,0,0,0,"No Read Addr Cmds","No Read Addr Cmds","No Write Addr Cmds","No Write Addr Cmds","No Write Responses","No Write Responses","_","_","_","_","_","_","_","_","No Write Data Beats","No Write Data Beats"
250,250,0,0,1,1,0,0,0,8e5ffe20afb76fe31ba56e5faf65c9d2,0,3b9a3d13b8d6963fae1d8dc05a6037b2,0,1,0,1,c8bc59dc,ffffffdb,0,1,0,0,2,00000000,"FIXED",3,00,"Data Secure Unprivileged","1 byte",0,0,00000000,"INCR",3,00,"Data Secure Unprivileged","4 bytes",0,2,3f96d6b8,"OKAY",00000000,0,2,1,0,0,0,0,0,0,0,2,0,1,2,0,1,0,2,0037e400,"INCR",3,ff,0,"Data Secure Unprivileged",0,"4 bytes",0,00000000,"FIXED",0,00,0,"Data Secure Unprivileged",0,"1 byte",0,"OKAY",2,b237605a,"OKAY",00000000,8,2,0,1,4,0,0,1,2,0,1,0,2,1,1,1,0,0,00000000,3,1,1,1,1,00000000,3,1,1,1,1,"No Read Addr Cmds","No Read Addr Cmds","No Write Addr Cmds","No Write Addr Cmds","No Write Responses","No Write Responses","_","_","Active","Active","_","_","Last Stream","Last Stream","No Write Data Beats","No Write Data Beats"
251,251,0,0,1,1,0,0,0,8e5ffe20afb76fe31ba56e5faf65c9d2,0,3b9a3d13b8d6963fae1d8dc05a6037b2,0,1,0,1,c8bc59dc,ffffffdb,0,1,0,0,2,00000000,"FIXED",3,00,"Data Secure Unprivileged","1 byte",0,0,00000000,"INCR",3,00,"Data Secure Unprivileged","4 bytes",0,2,3f96d6b8,"OKAY",00000000,0,2,1,0,0,0,0,0,0,0,2,0,1,3,1,1,0,2,0037e400,"INCR",3,ff,0,"Data Secure Unprivileged",0,"4 bytes",0,00000000,"FIXED",0,00,0,"Data Secure Unprivileged",0,"1 byte",0,"OKAY",2,b237605a,"OKAY",00000000,0,2,0,1,0,0,0,0,2,0,1,0,2,1,1,1,0,0,c08d1dae,3,f,0,0,0,00000000,3,1,0,0,1,"No Read Addr Cmds","No Read Addr Cmds","No Write Addr Cmds","No Write Addr Cmds","No Write Responses","No Write Responses","Active","_","_","_","Data Beat","_","_","_","No Write Data Beats","No Write Data Beats"
252,252,0,0,1,1,0,0,0,8e5ffe20afb76fe31ba56e5faf65c9d2,0,3b9a3d13b8d6963fae1d8dc05a6037b2,0,1,0,1,c8bc59dc,ffffffdb,0,1,0,0,2,00000000,"FIXED",3,00,"Data Secure Unprivileged","1 byte",0,0,00000000,"INCR",3,00,"Data Secure Unprivileged","4 bytes",0,2,3f96d6b8,"OKAY",00000000,0,2,1,0,0,0,0,0,0,0,2,0,1,2,0,1,0,2,0037e400,"INCR",3,ff,0,"Data Secure Unprivileged",0,"4 bytes",0,00000000,"FIXED",0,00,0,"Data Secure Unprivileged",0,"1 byte",0,"OKAY",2,b237605a,"OKAY",00000000,0,2,0,1,0,0,0,0,2,0,1,0,2,1,1,1,0,0,c08d1dae,3,f,1,0,0,00000000,3,1,0,0,1,"No Read Addr Cmds","No Read Addr Cmds","No Write Addr Cmds","No Write Addr Cmds","No Write Responses","No Write Responses","_","_","_","_","_","_","_","_","No Write Data Beats","No Write Data Beats"
253,253,0,0,1,1,0,0,0,8e5ffe20afb76fe31ba56e5faf65c9d2,0,3b9a3d13b8d6963fae1d8dc05a6037b2,0,1,0,1,c8bc59dc,ffffffdb,0,1,0,0,2,00000000,"FIXED",3,00,"Data Secure Unprivileged","1 byte",0,0,00000000,"INCR",3,00,"Data Secure Unprivileged","4 bytes",0,2,3f96d6b8,"OKAY",00000000,0,2,1,0,0,0,0,0,0,0,2,0,1,2,0,1,0,2,0037e400,"INCR",3,ff,0,"Data Secure Unprivileged",0,"4 bytes",0,00000000,"FIXED",0,00,0,"Data Secure Unprivileged",0,"1 byte",0,"OKAY",2,b237605a,"OKAY",00000000,0,2,0,1,0,0,0,0,2,0,1,0,2,1,1,1,0,0,c08d1dae,3,f,1,0,0,00000000,3,1,0,0,1,"No Read Addr Cmds","No Read Addr Cmds","No Write Addr Cmds","No Write Addr Cmds","No Write Responses","No Write Responses","_","_","_","_","_","_","_","_","No Write Data Beats","No Write Data Beats"
254,254,0,0,1,1,0,0,0,8e5ffe20afb76fe31ba56e5faf65c9d2,0,3b9a3d13b8d6963fae1d8dc05a6037b2,0,1,0,1,c8bc59dc,ffffffdb,0,1,0,0,2,00000000,"FIXED",3,00,"Data Secure Unprivileged","1 byte",0,0,00000000,"INCR",3,00,"Data Secure Unprivileged","4 bytes",0,2,3f96d6b8,"OKAY",00000000,0,2,1,0,0,0,0,0,0,0,2,0,1,2,0,1,0,2,0037e400,"INCR",3,ff,0,"Data Secure Unprivileged",0,"4 bytes",0,00000000,"FIXED",0,00,0,"Data Secure Unprivileged",0,"1 byte",0,"OKAY",2,b237605a,"OKAY",00000000,0,2,0,1,0,0,0,0,2,0,1,0,2,1,1,1,0,0,c08d1dae,3,f,1,1,0,c08d1dae,3,f,1,1,0,"No Read Addr Cmds","No Read Addr Cmds","No Write Addr Cmds","No Write Addr Cmds","No Write Responses","No Write Responses","_","_","Active","Active","_","_","Stream Beat","Stream Beat","No Write Data Beats","No Write Data Beats"
255,255,0,0,1,1,0,0,0,8e5ffe20afb76fe31ba56e5faf65c9d2,0,3b9a3d13b8d6963fae1d8dc05a6037b2,0,1,0,0,c8bc59dc,ffffffdb,0,1,0,0,2,00000000,"FIXED",3,00,"Data Secure Unprivileged","1 byte",0,0,00000000,"INCR",3,00,"Data Secure Unprivileged","4 bytes",0,2,3f96d6b8,"SLVERR",00000000,0,2,1,0,0,0,0,0,0,0,2,0,1,6,0,1,1,2,0037e400,"INCR",3,ff,0,"Data Secure Unprivileged",0,"4 bytes",0,00000000,"FIXED",0,00,0,"Data Secure Unprivileged",0,"1 byte",0,"OKAY",2,b237605a,"OKAY",00000000,e,2,0,1,0,0,0,0,2,0,1,0,2,1,1,3,1,0,00000000,3,1,1,0,1,c08d1dae,3,f,0,0,0,"No Read Addr Cmds","No Read Addr Cmds","No Write Addr Cmds","No Write Addr Cmds","No Write Responses","No Write Responses","_","Active","_","_","_","Data Beat","_","_","No Write Data Beats","No Write Data Beats"
256,256,0,0,1,1,0,0,0,8e5ffe20afb76fe31ba56e5faf65c9d2,0,3b9a3d13b8d6963fae1d8dc05a6037b2,0,1,0,1,fc696b1d,ffffffdb,0,1,0,0,2,00000000,"FIXED",3,00,"Data Secure Unprivileged","1 byte",0,0,00000000,"INCR",3,00,"Data Secure Unprivileged","4 bytes",0,2,c08d1dae,"SLVERR",00000000,0,2,1,0,0,0,0,0,0,0,2,0,1,6,0,1,1,2,0037e400,"INCR",3,ff,0,"Data Secure Unprivileged",0,"4 bytes",0,00000000,"FIXED",0,00,0,"Data Secure Unprivileged",0,"1 byte",0,"OKAY",2,133d9a3b,"OKAY",00000000,e,2,0,1,0,0,0,0,2,0,1,0,2,1,1,1,0,0,00000000,3,1,1,0,1,c08d1dae,3,f,0,0,0,"No Read Addr Cmds","No Read Addr Cmds","No Write Addr Cmds","No Write Addr Cmds","No Write Responses","No Write Responses","_","_","_","_","_","_","_","_","No Write Data Beats","No Write Data Beats"
257,257,0,0,1,1,0,0,0,8e5ffe20afb76fe31ba56e5faf65c9d2,0,3b9a3d13b8d6963fae1d8dc05a6037b2,0,1,0,1,fc696b1d,ffffffdb,0,1,0,0,2,00000000,"FIXED",3,00,"Data Secure Unprivileged","1 byte",0,0,00000000,"INCR",3,00,"Data Secure Unprivileged","4 bytes",0,2,c08d1dae,"SLVERR",00000000,0,2,1,0,0,0,0,0,0,0,2,0,1,6,0,1,1,2,0037e400,"INCR",3,ff,0,"Data Secure Unprivileged",0,"4 bytes",0,00000000,"FIXED",0,00,0,"Data Secure Unprivileged",0,"1 byte",0,"OKAY",2,133d9a3b,"OKAY",00000000,e,2,0,1,0,0,0,0,2,0,1,0,2,1,1,1,0,0,00000000,3,1,1,0,1,c08d1dae,3,f,0,0,0,"No Read Addr Cmds","No Read Addr Cmds","No Write Addr Cmds","No Write Addr Cmds","No Write Responses","No Write Responses","_","_","_","_","_","_","_","_","No Write Data Beats","No Write Data Beats"
258,258,0,0,1,1,0,0,0,8e5ffe20afb76fe31ba56e5faf65c9d2,0,3b9a3d13b8d6963fae1d8dc05a6037b2,0,1,0,1,fc696b1d,ffffffdb,0,1,0,0,2,00000000,"FIXED",3,00,"Data Secure Unprivileged","1 byte",0,0,00000000,"INCR",3,00,"Data Secure Unprivileged","4 bytes",0,2,c08d1dae,"SLVERR",00000000,0,2,1,0,0,0,0,0,0,0,2,0,1,6,0,1,1,2,0037e400,"INCR",3,ff,0,"Data Secure Unprivileged",0,"4 bytes",0,00000000,"FIXED",0,00,0,"Data Secure Unprivileged",0,"1 byte",0,"OKAY",2,133d9a3b,"OKAY",00000000,e,2,0,1,0,0,0,0,2,0,1,0,2,1,1,1,0,0,00000000,3,1,1,1,1,00000000,3,1,1,1,1,"No Read Addr Cmds","No Read Addr Cmds","No Write Addr Cmds","No Write Addr Cmds","No Write Responses","No Write Responses","_","_","Active","Active","_","_","Last Stream","Last Stream","No Write Data Beats","No Write Data Beats"
259,259,0,0,1,1,0,0,0,8e5ffe20afb76fe31ba56e5faf65c9d2,0,3b9a3d13b8d6963fae1d8dc05a6037b2,0,1,0,1,fc696b1d,ffffffdb,0,1,0,0,2,00000000,"FIXED",3,00,"Data Secure Unprivileged","1 byte",0,0,00000000,"INCR",3,00,"Data Secure Unprivileged","4 bytes",0,2,c08d1dae,"OKAY",00000000,0,2,1,0,0,0,0,0,0,0,2,0,1,3,1,1,0,2,0037e400,"INCR",3,ff,0,"Data Secure Unprivileged",0,"4 bytes",0,00000000,"FIXED",0,00,0,"Data Secure Unprivileged",0,"1 byte",0,"OKAY",2,133d9a3b,"OKAY",00000000,0,2,0,1,0,0,0,0,2,0,1,0,2,1,1,1,0,0,b237605a,3,f,0,0,0,00000000,3,1,0,0,1,"No Read Addr Cmds","No Read Addr Cmds","No Write Addr Cmds","No Write Addr Cmds","No Write Responses","No Write Responses","Active","_","_","_","Data Beat","_","_","_","No Write Data Beats","No Write Data Beats"
260,260,0,0,1,1,0,0,0,8e5ffe20afb76fe31ba56e5faf65c9d2,0,3b9a3d13b8d6963fae1d8dc05a6037b2,0,1,0,1,fc696b1d,ffffffdb,0,1,0,0,2,00000000,"FIXED",3,00,"Data Secure Unprivileged","1 byte",0,0,00000000,"INCR",3,00,"Data Secure Unprivileged","4 bytes",0,2,c08d1dae,"OKAY",00000000,0,2,1,0,0,0,0,0,0,0,2,0,1,2,0,1,0,2,0037e400,"INCR",3,ff,0,"Data Secure Unprivileged",0,"4 bytes",0,00000000,"FIXED",0,00,0,"Data Secure Unprivileged",0,"1 byte",0,"OKAY",2,133d9a3b,"OKAY",00000000,0,2,0,1,0,0,0,0,2,0,1,0,2,1,1,1,0,0,b237605a,3,f,1,0,0,00000000,3,1,0,0,1,"No Read Addr Cmds","No Read Addr Cmds","No Write Addr Cmds","No Write Addr Cmds","No Write Responses","No Write Responses","_","_","_","_","_","_","_","_","No Write Data Beats","No Write Data Beats"
261,261,0,0,1,1,0,0,0,8e5ffe20afb76fe31ba56e5faf65c9d2,0,3b9a3d13b8d6963fae1d8dc05a6037b2,0,1,0,1,fc696b1d,ffffffdb,0,1,0,0,2,00000000,"FIXED",3,00,"Data Secure Unprivileged","1 byte",0,0,00000000,"INCR",3,00,"Data Secure Unprivileged","4 bytes",0,2,c08d1dae,"OKAY",00000000,0,2,1,0,0,0,0,0,0,0,2,0,1,2,0,1,0,2,0037e400,"INCR",3,ff,0,"Data Secure Unprivileged",0,"4 bytes",0,00000000,"FIXED",0,00,0,"Data Secure Unprivileged",0,"1 byte",0,"OKAY",2,133d9a3b,"OKAY",00000000,0,2,0,1,0,0,0,0,2,0,1,0,2,1,1,1,0,0,b237605a,3,f,1,0,0,00000000,3,1,0,0,1,"No Read Addr Cmds","No Read Addr Cmds","No Write Addr Cmds","No Write Addr Cmds","No Write Responses","No Write Responses","_","_","_","_","_","_","_","_","No Write Data Beats","No Write Data Beats"
262,262,0,0,1,1,0,0,0,8e5ffe20afb76fe31ba56e5faf65c9d2,0,3b9a3d13b8d6963fae1d8dc05a6037b2,0,1,0,1,fc696b1d,ffffffdb,0,1,0,0,2,00000000,"FIXED",3,00,"Data Secure Unprivileged","1 byte",0,0,00000000,"INCR",3,00,"Data Secure Unprivileged","4 bytes",0,2,c08d1dae,"OKAY",00000000,0,2,1,0,0,0,0,0,0,0,2,0,1,2,0,1,0,2,0037e400,"INCR",3,ff,0,"Data Secure Unprivileged",0,"4 bytes",0,00000000,"FIXED",0,00,0,"Data Secure Unprivileged",0,"1 byte",0,"OKAY",2,133d9a3b,"OKAY",00000000,0,2,0,1,0,0,0,0,2,0,1,0,2,1,1,1,0,0,b237605a,3,f,1,1,0,b237605a,3,f,1,1,0,"No Read Addr Cmds","No Read Addr Cmds","No Write Addr Cmds","No Write Addr Cmds","No Write Responses","No Write Responses","_","_","Active","Active","_","_","Stream Beat","Stream Beat","No Write Data Beats","No Write Data Beats"
263,263,0,0,1,1,0,0,0,8e5ffe20afb76fe31ba56e5faf65c9d2,0,3b9a3d13b8d6963fae1d8dc05a6037b2,0,1,0,0,fc696b1d,ffffffdb,0,1,0,0,2,00000000,"FIXED",3,00,"Data Secure Unprivileged","1 byte",0,0,00000000,"INCR",3,00,"Data Secure Unprivileged","4 bytes",0,2,c08d1dae,"SLVERR",00000000,0,2,1,0,0,0,0,0,0,0,2,0,1,2,0,1,0,2,0037e400,"INCR",3,ff,0,"Data Secure Unprivileged",0,"4 bytes",0,00000000,"FIXED",0,00,0,"Data Secure Unprivileged",0,"1 byte",0,"OKAY",2,133d9a3b,"OKAY",00000000,a,2,0,1,4,0,0,1,2,0,1,0,2,1,1,3,1,0,00000000,3,1,1,0,1,b237605a,3,f,0,0,0,"No Read Addr Cmds","No Read Addr Cmds","No Write Addr Cmds","No Write Addr Cmds","No Write Responses","No Write Responses","_","Active","_","_","_","Data Beat","_","_","No Write Data Beats","No Write Data Beats"
264,264,0,0,1,1,0,0,0,8e5ffe20afb76fe31ba56e5faf65c9d2,0,3b9a3d13b8d6963fae1d8dc05a6037b2,0,1,0,1,03b1b875,ffffffdb,0,1,0,0,2,00000000,"FIXED",3,00,"Data Secure Unprivileged","1 byte",0,0,00000000,"INCR",3,00,"Data Secure Unprivileged","4 bytes",0,2,b237605a,"SLVERR",00000000,0,2,1,0,0,0,0,0,0,0,2,0,1,2,0,1,0,2,0037e400,"INCR",3,ff,0,"Data Secure Unprivileged",0,"4 bytes",0,00000000,"FIXED",0,00,0,"Data Secure Unprivileged",0,"1 byte",0,"OKAY",2,3f96d6b8,"OKAY",00000000,a,2,0,1,4,0,0,1,2,0,1,0,2,1,1,1,0,0,00000000,3,1,1,0,1,b237605a,3,f,0,0,0,"No Read Addr Cmds","No Read Addr Cmds","No Write Addr Cmds","No Write Addr Cmds","No Write Responses","No Write Responses","_","_","_","_","_","_","_","_","No Write Data Beats","No Write Data Beats"
265,265,0,0,1,1,0,0,0,8e5ffe20afb76fe31ba56e5faf65c9d2,0,3b9a3d13b8d6963fae1d8dc05a6037b2,0,1,0,1,03b1b875,ffffffdb,0,1,0,0,2,00000000,"FIXED",3,00,"Data Secure Unprivileged","1 byte",0,0,00000000,"INCR",3,00,"Data Secure Unprivileged","4 bytes",0,2,b237605a,"SLVERR",00000000,0,2,1,0,0,0,0,0,0,0,2,0,1,2,0,1,0,2,0037e400,"INCR",3,ff,0,"Data Secure Unprivileged",0,"4 bytes",0,00000000,"FIXED",0,00,0,"Data Secure Unprivileged",0,"1 byte",0,"OKAY",2,3f96d6b8,"OKAY",00000000,a,2,0,1,4,0,0,1,2,0,1,0,2,1,1,1,0,0,00000000,3,1,1,0,1,b237605a,3,f,0,0,0,"No Read Addr Cmds","No Read Addr Cmds","No Write Addr Cmds","No Write Addr Cmds","No Write Responses","No Write Responses","_","_","_","_","_","_","_","_","No Write Data Beats","No Write Data Beats"
266,266,0,0,1,1,0,0,0,8e5ffe20afb76fe31ba56e5faf65c9d2,0,3b9a3d13b8d6963fae1d8dc05a6037b2,0,1,0,1,03b1b875,ffffffdb,0,1,0,0,2,00000000,"FIXED",3,00,"Data Secure Unprivileged","1 byte",0,0,00000000,"INCR",3,00,"Data Secure Unprivileged","4 bytes",0,2,b237605a,"SLVERR",00000000,0,2,1,0,0,0,0,0,0,0,2,0,1,2,0,1,0,2,0037e400,"INCR",3,ff,0,"Data Secure Unprivileged",0,"4 bytes",0,00000000,"FIXED",0,00,0,"Data Secure Unprivileged",0,"1 byte",0,"OKAY",2,3f96d6b8,"OKAY",00000000,a,2,0,1,4,0,0,1,2,0,1,0,2,1,1,1,0,0,00000000,3,1,1,1,1,00000000,3,1,1,1,1,"No Read Addr Cmds","No Read Addr Cmds","No Write Addr Cmds","No Write Addr Cmds","No Write Responses","No Write Responses","_","_","Active","Active","_","_","Last Stream","Last Stream","No Write Data Beats","No Write Data Beats"
267,267,0,0,1,1,0,0,0,8e5ffe20afb76fe31ba56e5faf65c9d2,0,3b9a3d13b8d6963fae1d8dc05a6037b2,0,1,0,1,03b1b875,ffffffdb,0,1,0,0,2,00000000,"FIXED",3,00,"Data Secure Unprivileged","1 byte",0,0,00000000,"INCR",3,00,"Data Secure Unprivileged","4 bytes",0,2,b237605a,"OKAY",00000000,0,2,1,0,0,0,0,0,0,0,2,0,1,3,1,1,0,2,0037e400,"INCR",3,ff,0,"Data Secure Unprivileged",0,"4 bytes",0,00000000,"FIXED",0,00,0,"Data Secure Unprivileged",0,"1 byte",0,"OKAY",2,3f96d6b8,"OKAY",00000000,0,2,0,1,0,0,0,0,2,0,1,0,2,1,1,1,0,0,133d9a3b,3,f,0,0,0,00000000,3,1,0,0,1,"No Read Addr Cmds","No Read Addr Cmds","No Write Addr Cmds","No Write Addr Cmds","No Write Responses","No Write Responses","Active","_","_","_","Data Beat","_","_","_","No Write Data Beats","No Write Data Beats"
268,268,0,0,1,1,0,0,0,8e5ffe20afb76fe31ba56e5faf65c9d2,0,3b9a3d13b8d6963fae1d8dc05a6037b2,0,1,0,1,03b1b875,ffffffdb,0,1,0,0,2,00000000,"FIXED",3,00,"Data Secure Unprivileged","1 byte",0,0,00000000,"INCR",3,00,"Data Secure Unprivileged","4 bytes",0,2,b237605a,"OKAY",00000000,0,2,1,0,0,0,0,0,0,0,2,0,1,2,0,1,0,2,0037e400,"INCR",3,ff,0,"Data Secure Unprivileged",0,"4 bytes",0,00000000,"FIXED",0,00,0,"Data Secure Unprivileged",0,"1 byte",0,"OKAY",2,3f96d6b8,"OKAY",00000000,0,2,0,1,0,0,0,0,2,0,1,0,2,1,1,1,0,0,133d9a3b,3,f,1,0,0,00000000,3,1,0,0,1,"No Read Addr Cmds","No Read Addr Cmds","No Write Addr Cmds","No Write Addr Cmds","No Write Responses","No Write Responses","_","_","_","_","_","_","_","_","No Write Data Beats","No Write Data Beats"
269,269,0,0,1,1,0,0,0,8e5ffe20afb76fe31ba56e5faf65c9d2,0,3b9a3d13b8d6963fae1d8dc05a6037b2,0,1,0,1,03b1b875,ffffffdb,0,1,0,0,2,00000000,"FIXED",3,00,"Data Secure Unprivileged","1 byte",0,0,00000000,"INCR",3,00,"Data Secure Unprivileged","4 bytes",0,2,b237605a,"OKAY",00000000,0,2,1,0,0,0,0,0,0,0,2,0,1,2,0,1,0,2,0037e400,"INCR",3,ff,0,"Data Secure Unprivileged",0,"4 bytes",0,00000000,"FIXED",0,00,0,"Data Secure Unprivileged",0,"1 byte",0,"OKAY",2,3f96d6b8,"OKAY",00000000,0,2,0,1,0,0,0,0,2,0,1,0,2,1,1,1,0,0,133d9a3b,3,f,1,0,0,00000000,3,1,0,0,1,"No Read Addr Cmds","No Read Addr Cmds","No Write Addr Cmds","No Write Addr Cmds","No Write Responses","No Write Responses","_","_","_","_","_","_","_","_","No Write Data Beats","No Write Data Beats"
270,270,0,0,1,1,0,0,0,8e5ffe20afb76fe31ba56e5faf65c9d2,0,3b9a3d13b8d6963fae1d8dc05a6037b2,0,1,0,1,03b1b875,ffffffdb,0,1,0,0,2,00000000,"FIXED",3,00,"Data Secure Unprivileged","1 byte",0,0,00000000,"INCR",3,00,"Data Secure Unprivileged","4 bytes",0,2,b237605a,"OKAY",00000000,0,2,1,0,0,0,0,0,0,0,2,0,1,2,0,1,0,2,0037e400,"INCR",3,ff,0,"Data Secure Unprivileged",0,"4 bytes",0,00000000,"FIXED",0,00,0,"Data Secure Unprivileged",0,"1 byte",0,"OKAY",2,3f96d6b8,"OKAY",00000000,0,2,0,1,0,0,0,0,2,0,1,0,2,1,1,1,0,0,133d9a3b,3,f,1,1,0,133d9a3b,3,f,1,1,0,"No Read Addr Cmds","No Read Addr Cmds","No Write Addr Cmds","No Write Addr Cmds","No Write Responses","No Write Responses","_","_","Active","Active","_","_","Stream Beat","Stream Beat","No Write Data Beats","No Write Data Beats"
271,271,0,0,1,1,0,0,0,8e5ffe20afb76fe31ba56e5faf65c9d2,0,3b9a3d13b8d6963fae1d8dc05a6037b2,0,1,0,0,03b1b875,ffffffdb,0,1,0,0,2,00000000,"FIXED",3,00,"Data Secure Unprivileged","1 byte",0,0,00000000,"INCR",3,00,"Data Secure Unprivileged","4 bytes",0,2,b237605a,"DECERR",00000000,0,2,1,0,0,0,0,0,0,0,2,0,1,2,0,1,0,2,0037e400,"INCR",3,ff,0,"Data Secure Unprivileged",0,"4 bytes",0,00000000,"FIXED",0,00,0,"Data Secure Unprivileged",0,"1 byte",0,"OKAY",2,3f96d6b8,"OKAY",00000000,b,2,0,1,4,0,0,1,2,0,1,0,2,1,1,3,1,0,00000000,3,1,1,0,1,133d9a3b,3,f,0,0,0,"No Read Addr Cmds","No Read Addr Cmds","No Write Addr Cmds","No Write Addr Cmds","No Write Responses","No Write Responses","_","Active","_","_","_","Data Beat","_","_","No Write Data Beats","No Write Data Beats"
272,272,0,0,1,1,0,0,0,8e5ffe20afb76fe31ba56e5faf65c9d2,0,3b9a3d13b8d6963fae1d8dc05a6037b2,0,1,0,1,4dec065a,ffffffdb,0,1,0,0,2,00000000,"FIXED",3,00,"Data Secure Unprivileged","1 byte",0,0,00000000,"INCR",3,00,"Data Secure Unprivileged","4 bytes",0,2,133d9a3b,"DECERR",00000000,0,2,1,0,0,0,0,0,0,0,2,0,1,2,0,1,0,2,0037e400,"INCR",3,ff,0,"Data Secure Unprivileged",0,"4 bytes",0,00000000,"FIXED",0,00,0,"Data Secure Unprivileged",0,"1 byte",0,"OKAY",2,c08d1dae,"OKAY",00000000,b,2,0,1,4,0,0,1,2,0,1,0,2,1,1,1,0,0,00000000,3,1,1,0,1,133d9a3b,3,f,0,0,0,"No Read Addr Cmds","No Read Addr Cmds","No Write Addr Cmds","No Write Addr Cmds","No Write Responses","No Write Responses","_","_","_","_","_","_","_","_","No Write Data Beats","No Write Data Beats"
273,273,0,0,1,1,0,0,0,8e5ffe20afb76fe31ba56e5faf65c9d2,0,3b9a3d13b8d6963fae1d8dc05a6037b2,0,1,0,1,4dec065a,ffffffdb,0,1,0,0,2,00000000,"FIXED",3,00,"Data Secure Unprivileged","1 byte",0,0,00000000,"INCR",3,00,"Data Secure Unprivileged","4 bytes",0,2,133d9a3b,"DECERR",00000000,0,2,1,0,0,0,0,0,0,0,2,0,1,2,0,1,0,2,0037e400,"INCR",3,ff,0,"Data Secure Unprivileged",0,"4 bytes",0,00000000,"FIXED",0,00,0,"Data Secure Unprivileged",0,"1 byte",0,"OKAY",2,c08d1dae,"OKAY",00000000,b,2,0,1,4,0,0,1,2,0,1,0,2,1,1,1,0,0,00000000,3,1,1,0,1,133d9a3b,3,f,0,0,0,"No Read Addr Cmds","No Read Addr Cmds","No Write Addr Cmds","No Write Addr Cmds","No Write Responses","No Write Responses","_","_","_","_","_","_","_","_","No Write Data Beats","No Write Data Beats"
274,274,0,0,1,1,0,0,0,8e5ffe20afb76fe31ba56e5faf65c9d2,0,3b9a3d13b8d6963fae1d8dc05a6037b2,0,1,0,1,4dec065a,ffffffdb,0,1,0,0,2,00000000,"FIXED",3,00,"Data Secure Unprivileged","1 byte",0,0,00000000,"INCR",3,00,"Data Secure Unprivileged","4 bytes",0,2,133d9a3b,"DECERR",00000000,0,2,1,0,0,0,0,0,0,0,2,0,1,2,0,1,0,2,0037e400,"INCR",3,ff,0,"Data Secure Unprivileged",0,"4 bytes",0,00000000,"FIXED",0,00,0,"Data Secure Unprivileged",0,"1 byte",0,"OKAY",2,c08d1dae,"OKAY",00000000,b,2,0,1,4,0,0,1,2,0,1,0,2,1,1,1,0,0,00000000,3,1,1,1,1,00000000,3,1,1,1,1,"No Read Addr Cmds","No Read Addr Cmds","No Write Addr Cmds","No Write Addr Cmds","No Write Responses","No Write Responses","_","_","Active","Active","_","_","Last Stream","Last Stream","No Write Data Beats","No Write Data Beats"
275,275,0,0,1,1,0,0,0,8e5ffe20afb76fe31ba56e5faf65c9d2,0,3b9a3d13b8d6963fae1d8dc05a6037b2,0,1,0,1,4dec065a,ffffffdb,0,1,0,0,2,00000000,"FIXED",3,00,"Data Secure Unprivileged","1 byte",0,0,00000000,"INCR",3,00,"Data Secure Unprivileged","4 bytes",0,2,133d9a3b,"OKAY",00000000,0,2,1,0,0,0,0,0,0,0,2,0,1,3,1,1,0,2,0037e400,"INCR",3,ff,0,"Data Secure Unprivileged",0,"4 bytes",0,00000000,"FIXED",0,00,0,"Data Secure Unprivileged",0,"1 byte",0,"OKAY",2,c08d1dae,"OKAY",00000000,0,2,0,1,0,0,0,0,2,0,1,0,2,1,1,1,0,0,3f96d6b8,3,f,0,0,0,00000000,3,1,0,0,1,"No Read Addr Cmds","No Read Addr Cmds","No Write Addr Cmds","No Write Addr Cmds","No Write Responses","No Write Responses","Active","_","_","_","Data Beat","_","_","_","No Write Data Beats","No Write Data Beats"
276,276,0,0,1,1,0,0,0,8e5ffe20afb76fe31ba56e5faf65c9d2,0,3b9a3d13b8d6963fae1d8dc05a6037b2,0,1,0,1,4dec065a,ffffffdb,0,1,0,0,2,00000000,"FIXED",3,00,"Data Secure Unprivileged","1 byte",0,0,00000000,"INCR",3,00,"Data Secure Unprivileged","4 bytes",0,2,133d9a3b,"OKAY",00000000,0,2,1,0,0,0,0,0,0,0,2,0,1,2,0,1,0,2,0037e400,"INCR",3,ff,0,"Data Secure Unprivileged",0,"4 bytes",0,00000000,"FIXED",0,00,0,"Data Secure Unprivileged",0,"1 byte",0,"OKAY",2,c08d1dae,"OKAY",00000000,0,2,0,1,0,0,0,0,2,0,1,0,2,1,1,1,0,0,3f96d6b8,3,f,1,0,0,00000000,3,1,0,0,1,"No Read Addr Cmds","No Read Addr Cmds","No Write Addr Cmds","No Write Addr Cmds","No Write Responses","No Write Responses","_","_","_","_","_","_","_","_","No Write Data Beats","No Write Data Beats"
277,277,0,0,1,1,0,0,0,8e5ffe20afb76fe31ba56e5faf65c9d2,0,3b9a3d13b8d6963fae1d8dc05a6037b2,0,1,0,1,4dec065a,ffffffdb,0,1,0,0,2,00000000,"FIXED",3,00,"Data Secure Unprivileged","1 byte",0,0,00000000,"INCR",3,00,"Data Secure Unprivileged","4 bytes",0,2,133d9a3b,"OKAY",00000000,0,2,1,0,0,0,0,0,0,0,2,0,1,2,0,1,0,2,0037e400,"INCR",3,ff,0,"Data Secure Unprivileged",0,"4 bytes",0,00000000,"FIXED",0,00,0,"Data Secure Unprivileged",0,"1 byte",0,"OKAY",2,c08d1dae,"OKAY",00000000,0,2,0,1,0,0,0,0,2,0,1,0,2,1,1,1,0,0,3f96d6b8,3,f,1,0,0,00000000,3,1,0,0,1,"No Read Addr Cmds","No Read Addr Cmds","No Write Addr Cmds","No Write Addr Cmds","No Write Responses","No Write Responses","_","_","_","_","_","_","_","_","No Write Data Beats","No Write Data Beats"
278,278,0,0,1,1,0,0,0,8e5ffe20afb76fe31ba56e5faf65c9d2,0,3b9a3d13b8d6963fae1d8dc05a6037b2,0,1,0,1,4dec065a,ffffffdb,0,1,0,0,2,00000000,"FIXED",3,00,"Data Secure Unprivileged","1 byte",0,0,00000000,"INCR",3,00,"Data Secure Unprivileged","4 bytes",0,2,133d9a3b,"OKAY",00000000,0,2,1,0,0,0,0,0,0,0,2,0,1,2,0,1,0,2,0037e400,"INCR",3,ff,0,"Data Secure Unprivileged",0,"4 bytes",0,00000000,"FIXED",0,00,0,"Data Secure Unprivileged",0,"1 byte",0,"OKAY",2,c08d1dae,"OKAY",00000000,0,2,0,1,0,0,0,0,2,0,1,0,2,1,1,1,0,0,3f96d6b8,3,f,1,1,0,3f96d6b8,3,f,1,1,0,"No Read Addr Cmds","No Read Addr Cmds","No Write Addr Cmds","No Write Addr Cmds","No Write Responses","No Write Responses","_","_","Active","Active","_","_","Stream Beat","Stream Beat","No Write Data Beats","No Write Data Beats"
279,279,0,0,1,1,0,0,0,8e5ffe20afb76fe31ba56e5faf65c9d2,0,3b9a3d13b8d6963fae1d8dc05a6037b2,0,1,0,0,4dec065a,ffffffdb,0,1,0,0,2,00000000,"FIXED",3,00,"Data Secure Unprivileged","1 byte",0,0,00000000,"INCR",3,00,"Data Secure Unprivileged","4 bytes",0,2,133d9a3b,"OKAY",00000000,0,2,1,0,0,0,0,0,0,0,2,0,1,2,0,1,0,2,0037e400,"INCR",3,ff,0,"Data Secure Unprivileged",0,"4 bytes",0,00000000,"FIXED",0,00,0,"Data Secure Unprivileged",0,"1 byte",0,"OKAY",2,c08d1dae,"OKAY",00000000,8,2,0,1,4,0,0,1,2,0,1,0,2,1,1,3,1,0,00000000,3,1,1,0,1,3f96d6b8,3,f,0,0,0,"No Read Addr Cmds","No Read Addr Cmds","No Write Addr Cmds","No Write Addr Cmds","No Write Responses","No Write Responses","_","Active","_","_","_","Data Beat","_","_","No Write Data Beats","No Write Data Beats"
280,280,0,0,1,1,0,0,0,8e5ffe20afb76fe31ba56e5faf65c9d2,0,3b9a3d13b8d6963fae1d8dc05a6037b2,0,1,0,1,c8bc59dc,ffffffdb,0,1,0,0,2,00000000,"FIXED",3,00,"Data Secure Unprivileged","1 byte",0,0,00000000,"INCR",3,00,"Data Secure Unprivileged","4 bytes",0,2,3f96d6b8,"OKAY",00000000,0,2,1,0,0,0,0,0,0,0,2,0,1,2,0,1,0,2,0037e400,"INCR",3,ff,0,"Data Secure Unprivileged",0,"4 bytes",0,00000000,"FIXED",0,00,0,"Data Secure Unprivileged",0,"1 byte",0,"OKAY",2,b237605a,"OKAY",00000000,8,2,0,1,4,0,0,1,2,0,1,0,2,1,1,1,0,0,00000000,3,1,1,0,1,3f96d6b8,3,f,0,0,0,"No Read Addr Cmds","No Read Addr Cmds","No Write Addr Cmds","No Write Addr Cmds","No Write Responses","No Write Responses","_","_","_","_","_","_","_","_","No Write Data Beats","No Write Data Beats"
281,281,0,0,1,1,0,0,0,8e5ffe20afb76fe31ba56e5faf65c9d2,0,3b9a3d13b8d6963fae1d8dc05a6037b2,0,1,0,1,c8bc59dc,ffffffdb,0,1,0,0,2,00000000,"FIXED",3,00,"Data Secure Unprivileged","1 byte",0,0,00000000,"INCR",3,00,"Data Secure Unprivileged","4 bytes",0,2,3f96d6b8,"OKAY",00000000,0,2,1,0,0,0,0,0,0,0,2,0,1,2,0,1,0,2,0037e400,"INCR",3,ff,0,"Data Secure Unprivileged",0,"4 bytes",0,00000000,"FIXED",0,00,0,"Data Secure Unprivileged",0,"1 byte",0,"OKAY",2,b237605a,"OKAY",00000000,8,2,0,1,4,0,0,1,2,0,1,0,2,1,1,1,0,0,00000000,3,1,1,0,1,3f96d6b8,3,f,0,0,0,"No Read Addr Cmds","No Read Addr Cmds","No Write Addr Cmds","No Write Addr Cmds","No Write Responses","No Write Responses","_","_","_","_","_","_","_","_","No Write Data Beats","No Write Data Beats"
282,282,0,0,1,1,0,0,0,8e5ffe20afb76fe31ba56e5faf65c9d2,0,3b9a3d13b8d6963fae1d8dc05a6037b2,0,1,0,1,c8bc59dc,ffffffdb,0,1,0,0,2,00000000,"FIXED",3,00,"Data Secure Unprivileged","1 byte",0,0,00000000,"INCR",3,00,"Data Secure Unprivileged","4 bytes",0,2,3f96d6b8,"OKAY",00000000,0,2,1,0,0,0,0,0,0,0,2,0,1,2,0,1,0,2,0037e400,"INCR",3,ff,0,"Data Secure Unprivileged",0,"4 bytes",0,00000000,"FIXED",0,00,0,"Data Secure Unprivileged",0,"1 byte",0,"OKAY",2,b237605a,"OKAY",00000000,8,2,0,1,4,0,0,1,2,0,1,0,2,1,1,1,0,0,00000000,3,1,1,1,1,00000000,3,1,1,1,1,"No Read Addr Cmds","No Read Addr Cmds","No Write Addr Cmds","No Write Addr Cmds","No Write Responses","No Write Responses","_","_","Active","Active","_","_","Last Stream","Last Stream","No Write Data Beats","No Write Data Beats"
283,283,0,0,1,1,0,0,0,8e5ffe20afb76fe31ba56e5faf65c9d2,0,3b9a3d13b8d6963fae1d8dc05a6037b2,0,1,0,1,c8bc59dc,ffffffdb,0,1,0,0,2,00000000,"FIXED",3,00,"Data Secure Unprivileged","1 byte",0,0,00000000,"INCR",3,00,"Data Secure Unprivileged","4 bytes",0,2,3f96d6b8,"OKAY",00000000,0,2,1,0,0,0,0,0,0,0,2,0,1,3,1,1,0,2,0037e400,"INCR",3,ff,0,"Data Secure Unprivileged",0,"4 bytes",0,00000000,"FIXED",0,00,0,"Data Secure Unprivileged",0,"1 byte",0,"OKAY",2,b237605a,"OKAY",00000000,0,2,0,1,0,0,0,0,2,0,1,0,2,1,1,1,0,0,c08d1dae,3,f,0,0,0,00000000,3,1,0,0,1,"No Read Addr Cmds","No Read Addr Cmds","No Write Addr Cmds","No Write Addr Cmds","No Write Responses","No Write Responses","Active","_","_","_","Data Beat","_","_","_","No Write Data Beats","No Write Data Beats"
284,284,0,0,1,1,0,0,0,8e5ffe20afb76fe31ba56e5faf65c9d2,0,3b9a3d13b8d6963fae1d8dc05a6037b2,0,1,0,1,c8bc59dc,ffffffdb,0,1,0,0,2,00000000,"FIXED",3,00,"Data Secure Unprivileged","1 byte",0,0,00000000,"INCR",3,00,"Data Secure Unprivileged","4 bytes",0,2,3f96d6b8,"OKAY",00000000,0,2,1,0,0,0,0,0,0,0,2,0,1,2,0,1,0,2,0037e400,"INCR",3,ff,0,"Data Secure Unprivileged",0,"4 bytes",0,00000000,"FIXED",0,00,0,"Data Secure Unprivileged",0,"1 byte",0,"OKAY",2,b237605a,"OKAY",00000000,0,2,0,1,0,0,0,0,2,0,1,0,2,1,1,1,0,0,c08d1dae,3,f,1,0,0,00000000,3,1,0,0,1,"No Read Addr Cmds","No Read Addr Cmds","No Write Addr Cmds","No Write Addr Cmds","No Write Responses","No Write Responses","_","_","_","_","_","_","_","_","No Write Data Beats","No Write Data Beats"
285,285,0,0,1,1,0,0,0,8e5ffe20afb76fe31ba56e5faf65c9d2,0,3b9a3d13b8d6963fae1d8dc05a6037b2,0,1,0,1,c8bc59dc,ffffffdb,0,1,0,0,2,00000000,"FIXED",3,00,"Data Secure Unprivileged","1 byte",0,0,00000000,"INCR",3,00,"Data Secure Unprivileged","4 bytes",0,2,3f96d6b8,"OKAY",00000000,0,2,1,0,0,0,0,0,0,0,2,0,1,2,0,1,0,2,0037e400,"INCR",3,ff,0,"Data Secure Unprivileged",0,"4 bytes",0,00000000,"FIXED",0,00,0,"Data Secure Unprivileged",0,"1 byte",0,"OKAY",2,b237605a,"OKAY",00000000,0,2,0,1,0,0,0,0,2,0,1,0,2,1,1,1,0,0,c08d1dae,3,f,1,0,0,00000000,3,1,0,0,1,"No Read Addr Cmds","No Read Addr Cmds","No Write Addr Cmds","No Write Addr Cmds","No Write Responses","No Write Responses","_","_","_","_","_","_","_","_","No Write Data Beats","No Write Data Beats"
286,286,0,0,1,1,0,0,0,8e5ffe20afb76fe31ba56e5faf65c9d2,0,3b9a3d13b8d6963fae1d8dc05a6037b2,0,1,0,1,c8bc59dc,ffffffdb,0,1,0,0,2,00000000,"FIXED",3,00,"Data Secure Unprivileged","1 byte",0,0,00000000,"INCR",3,00,"Data Secure Unprivileged","4 bytes",0,2,3f96d6b8,"OKAY",00000000,0,2,1,0,0,0,0,0,0,0,2,0,1,2,0,1,0,2,0037e400,"INCR",3,ff,0,"Data Secure Unprivileged",0,"4 bytes",0,00000000,"FIXED",0,00,0,"Data Secure Unprivileged",0,"1 byte",0,"OKAY",2,b237605a,"OKAY",00000000,0,2,0,1,0,0,0,0,2,0,1,0,2,1,1,1,0,0,c08d1dae,3,f,1,1,0,c08d1dae,3,f,1,1,0,"No Read Addr Cmds","No Read Addr Cmds","No Write Addr Cmds","No Write Addr Cmds","No Write Responses","No Write Responses","_","_","Active","Active","_","_","Stream Beat","Stream Beat","No Write Data Beats","No Write Data Beats"
287,287,0,0,1,1,0,0,0,8e5ffe20afb76fe31ba56e5faf65c9d2,0,3b9a3d13b8d6963fae1d8dc05a6037b2,0,1,0,0,c8bc59dc,ffffffdb,0,1,0,0,2,00000000,"FIXED",3,00,"Data Secure Unprivileged","1 byte",0,0,00000000,"INCR",3,00,"Data Secure Unprivileged","4 bytes",0,2,3f96d6b8,"SLVERR",00000000,0,2,1,0,0,0,0,0,0,0,2,0,1,6,0,1,1,2,0037e400,"INCR",3,ff,0,"Data Secure Unprivileged",0,"4 bytes",0,00000000,"FIXED",0,00,0,"Data Secure Unprivileged",0,"1 byte",0,"OKAY",2,b237605a,"OKAY",00000000,e,2,0,1,0,0,0,0,2,0,1,0,2,1,1,3,1,0,00000000,3,1,1,0,1,c08d1dae,3,f,0,0,0,"No Read Addr Cmds","No Read Addr Cmds","No Write Addr Cmds","No Write Addr Cmds","No Write Responses","No Write Responses","_","Active","_","_","_","Data Beat","_","_","No Write Data Beats","No Write Data Beats"
288,288,0,0,1,1,0,0,0,8e5ffe20afb76fe31ba56e5faf65c9d2,0,3b9a3d13b8d6963fae1d8dc05a6037b2,0,1,0,1,fc696b1d,ffffffdb,0,1,0,0,2,00000000,"FIXED",3,00,"Data Secure Unprivileged","1 byte",0,0,00000000,"INCR",3,00,"Data Secure Unprivileged","4 bytes",0,2,c08d1dae,"SLVERR",00000000,0,2,1,0,0,0,0,0,0,0,2,0,1,6,0,1,1,2,0037e400,"INCR",3,ff,0,"Data Secure Unprivileged",0,"4 bytes",0,00000000,"FIXED",0,00,0,"Data Secure Unprivileged",0,"1 byte",0,"OKAY",2,133d9a3b,"OKAY",00000000,e,2,0,1,0,0,0,0,2,0,1,0,2,1,1,1,0,0,00000000,3,1,1,0,1,c08d1dae,3,f,0,0,0,"No Read Addr Cmds","No Read Addr Cmds","No Write Addr Cmds","No Write Addr Cmds","No Write Responses","No Write Responses","_","_","_","_","_","_","_","_","No Write Data Beats","No Write Data Beats"
289,289,0,0,1,1,0,0,0,8e5ffe20afb76fe31ba56e5faf65c9d2,0,3b9a3d13b8d6963fae1d8dc05a6037b2,0,1,0,1,fc696b1d,ffffffdb,0,1,0,0,2,00000000,"FIXED",3,00,"Data Secure Unprivileged","1 byte",0,0,00000000,"INCR",3,00,"Data Secure Unprivileged","4 bytes",0,2,c08d1dae,"SLVERR",00000000,0,2,1,0,0,0,0,0,0,0,2,0,1,6,0,1,1,2,0037e400,"INCR",3,ff,0,"Data Secure Unprivileged",0,"4 bytes",0,00000000,"FIXED",0,00,0,"Data Secure Unprivileged",0,"1 byte",0,"OKAY",2,133d9a3b,"OKAY",00000000,e,2,0,1,0,0,0,0,2,0,1,0,2,1,1,1,0,0,00000000,3,1,1,0,1,c08d1dae,3,f,0,0,0,"No Read Addr Cmds","No Read Addr Cmds","No Write Addr Cmds","No Write Addr Cmds","No Write Responses","No Write Responses","_","_","_","_","_","_","_","_","No Write Data Beats","No Write Data Beats"
290,290,0,0,1,1,0,0,0,8e5ffe20afb76fe31ba56e5faf65c9d2,0,3b9a3d13b8d6963fae1d8dc05a6037b2,0,1,0,1,fc696b1d,ffffffdb,0,1,0,0,2,00000000,"FIXED",3,00,"Data Secure Unprivileged","1 byte",0,0,00000000,"INCR",3,00,"Data Secure Unprivileged","4 bytes",0,2,c08d1dae,"SLVERR",00000000,0,2,1,0,0,0,0,0,0,0,2,0,1,6,0,1,1,2,0037e400,"INCR",3,ff,0,"Data Secure Unprivileged",0,"4 bytes",0,00000000,"FIXED",0,00,0,"Data Secure Unprivileged",0,"1 byte",0,"OKAY",2,133d9a3b,"OKAY",00000000,e,2,0,1,0,0,0,0,2,0,1,0,2,1,1,1,0,0,00000000,3,1,1,1,1,00000000,3,1,1,1,1,"No Read Addr Cmds","No Read Addr Cmds","No Write Addr Cmds","No Write Addr Cmds","No Write Responses","No Write Responses","_","_","Active","Active","_","_","Last Stream","Last Stream","No Write Data Beats","No Write Data Beats"
291,291,0,0,1,1,0,0,0,8e5ffe20afb76fe31ba56e5faf65c9d2,0,3b9a3d13b8d6963fae1d8dc05a6037b2,0,1,0,1,fc696b1d,ffffffdb,0,1,0,0,2,00000000,"FIXED",3,00,"Data Secure Unprivileged","1 byte",0,0,00000000,"INCR",3,00,"Data Secure Unprivileged","4 bytes",0,2,c08d1dae,"OKAY",00000000,0,2,1,0,0,0,0,0,0,0,2,0,1,3,1,1,0,2,0037e400,"INCR",3,ff,0,"Data Secure Unprivileged",0,"4 bytes",0,00000000,"FIXED",0,00,0,"Data Secure Unprivileged",0,"1 byte",0,"OKAY",2,133d9a3b,"OKAY",00000000,0,2,0,1,0,0,0,0,2,0,1,0,2,1,1,1,0,0,b237605a,3,f,0,0,0,00000000,3,1,0,0,1,"No Read Addr Cmds","No Read Addr Cmds","No Write Addr Cmds","No Write Addr Cmds","No Write Responses","No Write Responses","Active","_","_","_","Data Beat","_","_","_","No Write Data Beats","No Write Data Beats"
292,292,0,0,1,1,0,0,0,8e5ffe20afb76fe31ba56e5faf65c9d2,0,3b9a3d13b8d6963fae1d8dc05a6037b2,0,1,0,1,fc696b1d,ffffffdb,0,1,0,0,2,00000000,"FIXED",3,00,"Data Secure Unprivileged","1 byte",0,0,00000000,"INCR",3,00,"Data Secure Unprivileged","4 bytes",0,2,c08d1dae,"OKAY",00000000,0,2,1,0,0,0,0,0,0,0,2,0,1,2,0,1,0,2,0037e400,"INCR",3,ff,0,"Data Secure Unprivileged",0,"4 bytes",0,00000000,"FIXED",0,00,0,"Data Secure Unprivileged",0,"1 byte",0,"OKAY",2,133d9a3b,"OKAY",00000000,0,2,0,1,0,0,0,0,2,0,1,0,2,1,1,1,0,0,b237605a,3,f,1,0,0,00000000,3,1,0,0,1,"No Read Addr Cmds","No Read Addr Cmds","No Write Addr Cmds","No Write Addr Cmds","No Write Responses","No Write Responses","_","_","_","_","_","_","_","_","No Write Data Beats","No Write Data Beats"
293,293,0,0,1,1,0,0,0,8e5ffe20afb76fe31ba56e5faf65c9d2,0,3b9a3d13b8d6963fae1d8dc05a6037b2,0,1,0,1,fc696b1d,ffffffdb,0,1,0,0,2,00000000,"FIXED",3,00,"Data Secure Unprivileged","1 byte",0,0,00000000,"INCR",3,00,"Data Secure Unprivileged","4 bytes",0,2,c08d1dae,"OKAY",00000000,0,2,1,0,0,0,0,0,0,0,2,0,1,2,0,1,0,2,0037e400,"INCR",3,ff,0,"Data Secure Unprivileged",0,"4 bytes",0,00000000,"FIXED",0,00,0,"Data Secure Unprivileged",0,"1 byte",0,"OKAY",2,133d9a3b,"OKAY",00000000,0,2,0,1,0,0,0,0,2,0,1,0,2,1,1,1,0,0,b237605a,3,f,1,0,0,00000000,3,1,0,0,1,"No Read Addr Cmds","No Read Addr Cmds","No Write Addr Cmds","No Write Addr Cmds","No Write Responses","No Write Responses","_","_","_","_","_","_","_","_","No Write Data Beats","No Write Data Beats"
294,294,0,0,1,1,0,0,0,8e5ffe20afb76fe31ba56e5faf65c9d2,0,3b9a3d13b8d6963fae1d8dc05a6037b2,0,1,0,1,fc696b1d,ffffffdb,0,1,0,0,2,00000000,"FIXED",3,00,"Data Secure Unprivileged","1 byte",0,0,00000000,"INCR",3,00,"Data Secure Unprivileged","4 bytes",0,2,c08d1dae,"OKAY",00000000,0,2,1,0,0,0,0,0,0,0,2,0,1,2,0,1,0,2,0037e400,"INCR",3,ff,0,"Data Secure Unprivileged",0,"4 bytes",0,00000000,"FIXED",0,00,0,"Data Secure Unprivileged",0,"1 byte",0,"OKAY",2,133d9a3b,"OKAY",00000000,0,2,0,1,0,0,0,0,2,0,1,0,2,1,1,1,0,0,b237605a,3,f,1,1,0,b237605a,3,f,1,1,0,"No Read Addr Cmds","No Read Addr Cmds","No Write Addr Cmds","No Write Addr Cmds","No Write Responses","No Write Responses","_","_","Active","Active","_","_","Stream Beat","Stream Beat","No Write Data Beats","No Write Data Beats"
295,295,0,0,1,1,0,0,0,8e5ffe20afb76fe31ba56e5faf65c9d2,0,3b9a3d13b8d6963fae1d8dc05a6037b2,0,1,0,0,fc696b1d,ffffffdb,0,1,0,0,2,00000000,"FIXED",3,00,"Data Secure Unprivileged","1 byte",0,0,00000000,"INCR",3,00,"Data Secure Unprivileged","4 bytes",0,2,c08d1dae,"SLVERR",00000000,0,2,1,0,0,0,0,0,0,0,2,0,1,2,0,1,0,2,0037e400,"INCR",3,ff,0,"Data Secure Unprivileged",0,"4 bytes",0,00000000,"FIXED",0,00,0,"Data Secure Unprivileged",0,"1 byte",0,"OKAY",2,133d9a3b,"OKAY",00000000,a,2,0,1,4,0,0,1,2,0,1,0,2,1,1,3,1,0,00000000,3,1,1,0,1,b237605a,3,f,0,0,0,"No Read Addr Cmds","No Read Addr Cmds","No Write Addr Cmds","No Write Addr Cmds","No Write Responses","No Write Responses","_","Active","_","_","_","Data Beat","_","_","No Write Data Beats","No Write Data Beats"
296,296,0,0,1,1,0,0,0,8e5ffe20afb76fe31ba56e5faf65c9d2,0,3b9a3d13b8d6963fae1d8dc05a6037b2,0,1,0,1,03b1b875,ffffffdb,0,1,0,0,2,00000000,"FIXED",3,00,"Data Secure Unprivileged","1 byte",0,0,00000000,"INCR",3,00,"Data Secure Unprivileged","4 bytes",0,2,b237605a,"SLVERR",00000000,0,2,1,0,0,0,0,0,0,0,2,0,1,2,0,1,0,2,0037e400,"INCR",3,ff,0,"Data Secure Unprivileged",0,"4 bytes",0,00000000,"FIXED",0,00,0,"Data Secure Unprivileged",0,"1 byte",0,"OKAY",2,3f96d6b8,"OKAY",00000000,a,2,0,1,4,0,0,1,2,0,1,0,2,1,1,1,0,0,00000000,3,1,1,0,1,b237605a,3,f,0,0,0,"No Read Addr Cmds","No Read Addr Cmds","No Write Addr Cmds","No Write Addr Cmds","No Write Responses","No Write Responses","_","_","_","_","_","_","_","_","No Write Data Beats","No Write Data Beats"
297,297,0,0,1,1,0,0,0,8e5ffe20afb76fe31ba56e5faf65c9d2,0,3b9a3d13b8d6963fae1d8dc05a6037b2,0,1,0,1,03b1b875,ffffffdb,0,1,0,0,2,00000000,"FIXED",3,00,"Data Secure Unprivileged","1 byte",0,0,00000000,"INCR",3,00,"Data Secure Unprivileged","4 bytes",0,2,b237605a,"SLVERR",00000000,0,2,1,0,0,0,0,0,0,0,2,0,1,2,0,1,0,2,0037e400,"INCR",3,ff,0,"Data Secure Unprivileged",0,"4 bytes",0,00000000,"FIXED",0,00,0,"Data Secure Unprivileged",0,"1 byte",0,"OKAY",2,3f96d6b8,"OKAY",00000000,a,2,0,1,4,0,0,1,2,0,1,0,2,1,1,1,0,0,00000000,3,1,1,0,1,b237605a,3,f,0,0,0,"No Read Addr Cmds","No Read Addr Cmds","No Write Addr Cmds","No Write Addr Cmds","No Write Responses","No Write Responses","_","_","_","_","_","_","_","_","No Write Data Beats","No Write Data Beats"
298,298,0,0,1,1,0,0,0,8e5ffe20afb76fe31ba56e5faf65c9d2,0,3b9a3d13b8d6963fae1d8dc05a6037b2,0,1,0,1,03b1b875,ffffffdb,0,1,0,0,2,00000000,"FIXED",3,00,"Data Secure Unprivileged","1 byte",0,0,00000000,"INCR",3,00,"Data Secure Unprivileged","4 bytes",0,2,b237605a,"SLVERR",00000000,0,2,1,0,0,0,0,0,0,0,2,0,1,2,0,1,0,2,0037e400,"INCR",3,ff,0,"Data Secure Unprivileged",0,"4 bytes",0,00000000,"FIXED",0,00,0,"Data Secure Unprivileged",0,"1 byte",0,"OKAY",2,3f96d6b8,"OKAY",00000000,a,2,0,1,4,0,0,1,2,0,1,0,2,1,1,1,0,0,00000000,3,1,1,1,1,00000000,3,1,1,1,1,"No Read Addr Cmds","No Read Addr Cmds","No Write Addr Cmds","No Write Addr Cmds","No Write Responses","No Write Responses","_","_","Active","Active","_","_","Last Stream","Last Stream","No Write Data Beats","No Write Data Beats"
299,299,0,0,1,1,0,0,0,8e5ffe20afb76fe31ba56e5faf65c9d2,0,3b9a3d13b8d6963fae1d8dc05a6037b2,0,1,0,1,03b1b875,ffffffdb,0,1,0,0,2,00000000,"FIXED",3,00,"Data Secure Unprivileged","1 byte",0,0,00000000,"INCR",3,00,"Data Secure Unprivileged","4 bytes",0,2,b237605a,"OKAY",00000000,0,2,1,0,0,0,0,0,0,0,2,0,1,3,1,1,0,2,0037e400,"INCR",3,ff,0,"Data Secure Unprivileged",0,"4 bytes",0,00000000,"FIXED",0,00,0,"Data Secure Unprivileged",0,"1 byte",0,"OKAY",2,3f96d6b8,"OKAY",00000000,0,2,0,1,0,0,0,0,2,0,1,0,2,1,1,1,0,0,133d9a3b,3,f,0,0,0,00000000,3,1,0,0,1,"No Read Addr Cmds","No Read Addr Cmds","No Write Addr Cmds","No Write Addr Cmds","No Write Responses","No Write Responses","Active","_","_","_","Data Beat","_","_","_","No Write Data Beats","No Write Data Beats"
300,300,0,0,1,1,0,0,0,8e5ffe20afb76fe31ba56e5faf65c9d2,0,3b9a3d13b8d6963fae1d8dc05a6037b2,0,1,0,1,03b1b875,ffffffdb,0,1,0,0,2,00000000,"FIXED",3,00,"Data Secure Unprivileged","1 byte",0,0,00000000,"INCR",3,00,"Data Secure Unprivileged","4 bytes",0,2,b237605a,"OKAY",00000000,0,2,1,0,0,0,0,0,0,0,2,0,1,2,0,1,0,2,0037e400,"INCR",3,ff,0,"Data Secure Unprivileged",0,"4 bytes",0,00000000,"FIXED",0,00,0,"Data Secure Unprivileged",0,"1 byte",0,"OKAY",2,3f96d6b8,"OKAY",00000000,0,2,0,1,0,0,0,0,2,0,1,0,2,1,1,1,0,0,133d9a3b,3,f,1,0,0,00000000,3,1,0,0,1,"No Read Addr Cmds","No Read Addr Cmds","No Write Addr Cmds","No Write Addr Cmds","No Write Responses","No Write Responses","_","_","_","_","_","_","_","_","No Write Data Beats","No Write Data Beats"
301,301,0,0,1,1,0,0,0,8e5ffe20afb76fe31ba56e5faf65c9d2,0,3b9a3d13b8d6963fae1d8dc05a6037b2,0,1,0,1,03b1b875,ffffffdb,0,1,0,0,2,00000000,"FIXED",3,00,"Data Secure Unprivileged","1 byte",0,0,00000000,"INCR",3,00,"Data Secure Unprivileged","4 bytes",0,2,b237605a,"OKAY",00000000,0,2,1,0,0,0,0,0,0,0,2,0,1,2,0,1,0,2,0037e400,"INCR",3,ff,0,"Data Secure Unprivileged",0,"4 bytes",0,00000000,"FIXED",0,00,0,"Data Secure Unprivileged",0,"1 byte",0,"OKAY",2,3f96d6b8,"OKAY",00000000,0,2,0,1,0,0,0,0,2,0,1,0,2,1,1,1,0,0,133d9a3b,3,f,1,0,0,00000000,3,1,0,0,1,"No Read Addr Cmds","No Read Addr Cmds","No Write Addr Cmds","No Write Addr Cmds","No Write Responses","No Write Responses","_","_","_","_","_","_","_","_","No Write Data Beats","No Write Data Beats"
302,302,0,0,1,1,0,0,0,8e5ffe20afb76fe31ba56e5faf65c9d2,0,3b9a3d13b8d6963fae1d8dc05a6037b2,0,1,0,1,03b1b875,ffffffdb,0,1,0,0,2,00000000,"FIXED",3,00,"Data Secure Unprivileged","1 byte",0,0,00000000,"INCR",3,00,"Data Secure Unprivileged","4 bytes",0,2,b237605a,"OKAY",00000000,0,2,1,0,0,0,0,0,0,0,2,0,1,2,0,1,0,2,0037e400,"INCR",3,ff,0,"Data Secure Unprivileged",0,"4 bytes",0,00000000,"FIXED",0,00,0,"Data Secure Unprivileged",0,"1 byte",0,"OKAY",2,3f96d6b8,"OKAY",00000000,0,2,0,1,0,0,0,0,2,0,1,0,2,1,1,1,0,0,133d9a3b,3,f,1,1,0,133d9a3b,3,f,1,1,0,"No Read Addr Cmds","No Read Addr Cmds","No Write Addr Cmds","No Write Addr Cmds","No Write Responses","No Write Responses","_","_","Active","Active","_","_","Stream Beat","Stream Beat","No Write Data Beats","No Write Data Beats"
303,303,0,0,1,1,0,0,0,8e5ffe20afb76fe31ba56e5faf65c9d2,0,3b9a3d13b8d6963fae1d8dc05a6037b2,0,1,0,0,03b1b875,ffffffdb,0,1,0,0,2,00000000,"FIXED",3,00,"Data Secure Unprivileged","1 byte",0,0,00000000,"INCR",3,00,"Data Secure Unprivileged","4 bytes",0,2,b237605a,"DECERR",00000000,0,2,1,0,0,0,0,0,0,0,2,0,1,2,0,1,0,2,0037e400,"INCR",3,ff,0,"Data Secure Unprivileged",0,"4 bytes",0,00000000,"FIXED",0,00,0,"Data Secure Unprivileged",0,"1 byte",0,"OKAY",2,3f96d6b8,"OKAY",00000000,b,2,0,1,4,0,0,1,2,0,1,0,2,1,1,3,1,0,00000000,3,1,1,0,1,133d9a3b,3,f,0,0,0,"No Read Addr Cmds","No Read Addr Cmds","No Write Addr Cmds","No Write Addr Cmds","No Write Responses","No Write Responses","_","Active","_","_","_","Data Beat","_","_","No Write Data Beats","No Write Data Beats"
304,304,0,0,1,1,0,0,0,8e5ffe20afb76fe31ba56e5faf65c9d2,0,3b9a3d13b8d6963fae1d8dc05a6037b2,0,1,0,1,4dec065a,ffffffdb,0,1,0,0,2,00000000,"FIXED",3,00,"Data Secure Unprivileged","1 byte",0,0,00000000,"INCR",3,00,"Data Secure Unprivileged","4 bytes",0,2,133d9a3b,"DECERR",00000000,0,2,1,0,0,0,0,0,0,0,2,0,1,2,0,1,0,2,0037e400,"INCR",3,ff,0,"Data Secure Unprivileged",0,"4 bytes",0,00000000,"FIXED",0,00,0,"Data Secure Unprivileged",0,"1 byte",0,"OKAY",2,c08d1dae,"OKAY",00000000,b,2,0,1,4,0,0,1,2,0,1,0,2,1,1,1,0,0,00000000,3,1,1,0,1,133d9a3b,3,f,0,0,0,"No Read Addr Cmds","No Read Addr Cmds","No Write Addr Cmds","No Write Addr Cmds","No Write Responses","No Write Responses","_","_","_","_","_","_","_","_","No Write Data Beats","No Write Data Beats"
305,305,0,0,1,1,0,0,0,8e5ffe20afb76fe31ba56e5faf65c9d2,0,3b9a3d13b8d6963fae1d8dc05a6037b2,0,1,0,1,4dec065a,ffffffdb,0,1,0,0,2,00000000,"FIXED",3,00,"Data Secure Unprivileged","1 byte",0,0,00000000,"INCR",3,00,"Data Secure Unprivileged","4 bytes",0,2,133d9a3b,"DECERR",00000000,0,2,1,0,0,0,0,0,0,0,2,0,1,2,0,1,0,2,0037e400,"INCR",3,ff,0,"Data Secure Unprivileged",0,"4 bytes",0,00000000,"FIXED",0,00,0,"Data Secure Unprivileged",0,"1 byte",0,"OKAY",2,c08d1dae,"OKAY",00000000,b,2,0,1,4,0,0,1,2,0,1,0,2,1,1,1,0,0,00000000,3,1,1,0,1,133d9a3b,3,f,0,0,0,"No Read Addr Cmds","No Read Addr Cmds","No Write Addr Cmds","No Write Addr Cmds","No Write Responses","No Write Responses","_","_","_","_","_","_","_","_","No Write Data Beats","No Write Data Beats"
306,306,0,0,1,1,0,0,0,8e5ffe20afb76fe31ba56e5faf65c9d2,0,3b9a3d13b8d6963fae1d8dc05a6037b2,0,1,0,1,4dec065a,ffffffdb,0,1,0,0,2,00000000,"FIXED",3,00,"Data Secure Unprivileged","1 byte",0,0,00000000,"INCR",3,00,"Data Secure Unprivileged","4 bytes",0,2,133d9a3b,"DECERR",00000000,0,2,1,0,0,0,0,0,0,0,2,0,1,2,0,1,0,2,0037e400,"INCR",3,ff,0,"Data Secure Unprivileged",0,"4 bytes",0,00000000,"FIXED",0,00,0,"Data Secure Unprivileged",0,"1 byte",0,"OKAY",2,c08d1dae,"OKAY",00000000,b,2,0,1,4,0,0,1,2,0,1,0,2,1,1,1,0,0,00000000,3,1,1,1,1,00000000,3,1,1,1,1,"No Read Addr Cmds","No Read Addr Cmds","No Write Addr Cmds","No Write Addr Cmds","No Write Responses","No Write Responses","_","_","Active","Active","_","_","Last Stream","Last Stream","No Write Data Beats","No Write Data Beats"
307,307,0,0,1,1,0,0,0,8e5ffe20afb76fe31ba56e5faf65c9d2,0,3b9a3d13b8d6963fae1d8dc05a6037b2,0,1,0,1,4dec065a,ffffffdb,0,1,0,0,2,00000000,"FIXED",3,00,"Data Secure Unprivileged","1 byte",0,0,00000000,"INCR",3,00,"Data Secure Unprivileged","4 bytes",0,2,133d9a3b,"OKAY",00000000,0,2,1,0,0,0,0,0,0,0,2,0,1,3,1,1,0,2,0037e400,"INCR",3,ff,0,"Data Secure Unprivileged",0,"4 bytes",0,00000000,"FIXED",0,00,0,"Data Secure Unprivileged",0,"1 byte",0,"OKAY",2,c08d1dae,"OKAY",00000000,0,2,0,1,0,0,0,0,2,0,1,0,2,1,1,1,0,0,3f96d6b8,3,f,0,0,0,00000000,3,1,0,0,1,"No Read Addr Cmds","No Read Addr Cmds","No Write Addr Cmds","No Write Addr Cmds","No Write Responses","No Write Responses","Active","_","_","_","Data Beat","_","_","_","No Write Data Beats","No Write Data Beats"
308,308,0,0,1,1,0,0,0,8e5ffe20afb76fe31ba56e5faf65c9d2,0,3b9a3d13b8d6963fae1d8dc05a6037b2,0,1,0,1,4dec065a,ffffffdb,0,1,0,0,2,00000000,"FIXED",3,00,"Data Secure Unprivileged","1 byte",0,0,00000000,"INCR",3,00,"Data Secure Unprivileged","4 bytes",0,2,133d9a3b,"OKAY",00000000,0,2,1,0,0,0,0,0,0,0,2,0,1,2,0,1,0,2,0037e400,"INCR",3,ff,0,"Data Secure Unprivileged",0,"4 bytes",0,00000000,"FIXED",0,00,0,"Data Secure Unprivileged",0,"1 byte",0,"OKAY",2,c08d1dae,"OKAY",00000000,0,2,0,1,0,0,0,0,2,0,1,0,2,1,1,1,0,0,3f96d6b8,3,f,1,0,0,00000000,3,1,0,0,1,"No Read Addr Cmds","No Read Addr Cmds","No Write Addr Cmds","No Write Addr Cmds","No Write Responses","No Write Responses","_","_","_","_","_","_","_","_","No Write Data Beats","No Write Data Beats"
309,309,0,0,1,1,0,0,0,8e5ffe20afb76fe31ba56e5faf65c9d2,0,3b9a3d13b8d6963fae1d8dc05a6037b2,0,1,0,1,4dec065a,ffffffdb,0,1,0,0,2,00000000,"FIXED",3,00,"Data Secure Unprivileged","1 byte",0,0,00000000,"INCR",3,00,"Data Secure Unprivileged","4 bytes",0,2,133d9a3b,"OKAY",00000000,0,2,1,0,0,0,0,0,0,0,2,0,1,2,0,1,0,2,0037e400,"INCR",3,ff,0,"Data Secure Unprivileged",0,"4 bytes",0,00000000,"FIXED",0,00,0,"Data Secure Unprivileged",0,"1 byte",0,"OKAY",2,c08d1dae,"OKAY",00000000,0,2,0,1,0,0,0,0,2,0,1,0,2,1,1,1,0,0,3f96d6b8,3,f,1,0,0,00000000,3,1,0,0,1,"No Read Addr Cmds","No Read Addr Cmds","No Write Addr Cmds","No Write Addr Cmds","No Write Responses","No Write Responses","_","_","_","_","_","_","_","_","No Write Data Beats","No Write Data Beats"
310,310,0,0,1,1,0,0,0,8e5ffe20afb76fe31ba56e5faf65c9d2,0,3b9a3d13b8d6963fae1d8dc05a6037b2,0,1,0,1,4dec065a,ffffffdb,0,1,0,0,2,00000000,"FIXED",3,00,"Data Secure Unprivileged","1 byte",0,0,00000000,"INCR",3,00,"Data Secure Unprivileged","4 bytes",0,2,133d9a3b,"OKAY",00000000,0,2,1,0,0,0,0,0,0,0,2,0,1,2,0,1,0,2,0037e400,"INCR",3,ff,0,"Data Secure Unprivileged",0,"4 bytes",0,00000000,"FIXED",0,00,0,"Data Secure Unprivileged",0,"1 byte",0,"OKAY",2,c08d1dae,"OKAY",00000000,0,2,0,1,0,0,0,0,2,0,1,0,2,1,1,1,0,0,3f96d6b8,3,f,1,1,0,3f96d6b8,3,f,1,1,0,"No Read Addr Cmds","No Read Addr Cmds","No Write Addr Cmds","No Write Addr Cmds","No Write Responses","No Write Responses","_","_","Active","Active","_","_","Stream Beat","Stream Beat","No Write Data Beats","No Write Data Beats"
311,311,0,0,1,1,0,0,0,8e5ffe20afb76fe31ba56e5faf65c9d2,0,3b9a3d13b8d6963fae1d8dc05a6037b2,0,1,0,0,4dec065a,ffffffdb,0,1,0,0,2,00000000,"FIXED",3,00,"Data Secure Unprivileged","1 byte",0,0,00000000,"INCR",3,00,"Data Secure Unprivileged","4 bytes",0,2,133d9a3b,"OKAY",00000000,0,2,1,0,0,0,0,0,0,0,2,0,1,2,0,1,0,2,0037e400,"INCR",3,ff,0,"Data Secure Unprivileged",0,"4 bytes",0,00000000,"FIXED",0,00,0,"Data Secure Unprivileged",0,"1 byte",0,"OKAY",2,c08d1dae,"OKAY",00000000,8,2,0,1,4,0,0,1,2,0,1,0,2,1,1,3,1,0,00000000,3,1,1,0,1,3f96d6b8,3,f,0,0,0,"No Read Addr Cmds","No Read Addr Cmds","No Write Addr Cmds","No Write Addr Cmds","No Write Responses","No Write Responses","_","Active","_","_","_","Data Beat","_","_","No Write Data Beats","No Write Data Beats"
312,312,0,0,1,1,0,0,0,8e5ffe20afb76fe31ba56e5faf65c9d2,0,3b9a3d13b8d6963fae1d8dc05a6037b2,0,1,0,1,c8bc59dc,ffffffdb,0,1,0,0,2,00000000,"FIXED",3,00,"Data Secure Unprivileged","1 byte",0,0,00000000,"INCR",3,00,"Data Secure Unprivileged","4 bytes",0,2,3f96d6b8,"OKAY",00000000,0,2,1,0,0,0,0,0,0,0,2,0,1,2,0,1,0,2,0037e400,"INCR",3,ff,0,"Data Secure Unprivileged",0,"4 bytes",0,00000000,"FIXED",0,00,0,"Data Secure Unprivileged",0,"1 byte",0,"OKAY",2,b237605a,"OKAY",00000000,8,2,0,1,4,0,0,1,2,0,1,0,2,1,1,1,0,0,00000000,3,1,1,0,1,3f96d6b8,3,f,0,0,0,"No Read Addr Cmds","No Read Addr Cmds","No Write Addr Cmds","No Write Addr Cmds","No Write Responses","No Write Responses","_","_","_","_","_","_","_","_","No Write Data Beats","No Write Data Beats"
313,313,0,0,1,1,0,0,0,8e5ffe20afb76fe31ba56e5faf65c9d2,0,3b9a3d13b8d6963fae1d8dc05a6037b2,0,1,0,1,c8bc59dc,ffffffdb,0,1,0,0,2,00000000,"FIXED",3,00,"Data Secure Unprivileged","1 byte",0,0,00000000,"INCR",3,00,"Data Secure Unprivileged","4 bytes",0,2,3f96d6b8,"OKAY",00000000,0,2,1,0,0,0,0,0,0,0,2,0,1,2,0,1,0,2,0037e400,"INCR",3,ff,0,"Data Secure Unprivileged",0,"4 bytes",0,00000000,"FIXED",0,00,0,"Data Secure Unprivileged",0,"1 byte",0,"OKAY",2,b237605a,"OKAY",00000000,8,2,0,1,4,0,0,1,2,0,1,0,2,1,1,1,0,0,00000000,3,1,1,0,1,3f96d6b8,3,f,0,0,0,"No Read Addr Cmds","No Read Addr Cmds","No Write Addr Cmds","No Write Addr Cmds","No Write Responses","No Write Responses","_","_","_","_","_","_","_","_","No Write Data Beats","No Write Data Beats"
314,314,0,0,1,1,0,0,0,8e5ffe20afb76fe31ba56e5faf65c9d2,0,3b9a3d13b8d6963fae1d8dc05a6037b2,0,1,0,1,c8bc59dc,ffffffdb,0,1,0,0,2,00000000,"FIXED",3,00,"Data Secure Unprivileged","1 byte",0,0,00000000,"INCR",3,00,"Data Secure Unprivileged","4 bytes",0,2,3f96d6b8,"OKAY",00000000,0,2,1,0,0,0,0,0,0,0,2,0,1,2,0,1,0,2,0037e400,"INCR",3,ff,0,"Data Secure Unprivileged",0,"4 bytes",0,00000000,"FIXED",0,00,0,"Data Secure Unprivileged",0,"1 byte",0,"OKAY",2,b237605a,"OKAY",00000000,8,2,0,1,4,0,0,1,2,0,1,0,2,1,1,1,0,0,00000000,3,1,1,1,1,00000000,3,1,1,1,1,"No Read Addr Cmds","No Read Addr Cmds","No Write Addr Cmds","No Write Addr Cmds","No Write Responses","No Write Responses","_","_","Active","Active","_","_","Last Stream","Last Stream","No Write Data Beats","No Write Data Beats"
315,315,0,0,1,1,0,0,0,8e5ffe20afb76fe31ba56e5faf65c9d2,0,3b9a3d13b8d6963fae1d8dc05a6037b2,0,1,0,1,c8bc59dc,ffffffdb,0,1,0,0,2,00000000,"FIXED",3,00,"Data Secure Unprivileged","1 byte",0,0,00000000,"INCR",3,00,"Data Secure Unprivileged","4 bytes",0,2,3f96d6b8,"OKAY",00000000,0,2,1,0,0,0,0,0,0,0,2,0,1,3,1,1,0,2,0037e400,"INCR",3,ff,0,"Data Secure Unprivileged",0,"4 bytes",0,00000000,"FIXED",0,00,0,"Data Secure Unprivileged",0,"1 byte",0,"OKAY",2,b237605a,"OKAY",00000000,0,2,0,1,0,0,0,0,2,0,1,0,2,1,1,1,0,0,c08d1dae,3,f,0,0,0,00000000,3,1,0,0,1,"No Read Addr Cmds","No Read Addr Cmds","No Write Addr Cmds","No Write Addr Cmds","No Write Responses","No Write Responses","Active","_","_","_","Data Beat","_","_","_","No Write Data Beats","No Write Data Beats"
316,316,0,0,1,1,0,0,0,8e5ffe20afb76fe31ba56e5faf65c9d2,0,3b9a3d13b8d6963fae1d8dc05a6037b2,0,1,0,1,c8bc59dc,ffffffdb,0,1,0,0,2,00000000,"FIXED",3,00,"Data Secure Unprivileged","1 byte",0,0,00000000,"INCR",3,00,"Data Secure Unprivileged","4 bytes",0,2,3f96d6b8,"OKAY",00000000,0,2,1,0,0,0,0,0,0,0,2,0,1,2,0,1,0,2,0037e400,"INCR",3,ff,0,"Data Secure Unprivileged",0,"4 bytes",0,00000000,"FIXED",0,00,0,"Data Secure Unprivileged",0,"1 byte",0,"OKAY",2,b237605a,"OKAY",00000000,0,2,0,1,0,0,0,0,2,0,1,0,2,1,1,1,0,0,c08d1dae,3,f,1,0,0,00000000,3,1,0,0,1,"No Read Addr Cmds","No Read Addr Cmds","No Write Addr Cmds","No Write Addr Cmds","No Write Responses","No Write Responses","_","_","_","_","_","_","_","_","No Write Data Beats","No Write Data Beats"
317,317,0,0,1,1,0,0,0,8e5ffe20afb76fe31ba56e5faf65c9d2,0,3b9a3d13b8d6963fae1d8dc05a6037b2,0,1,0,1,c8bc59dc,ffffffdb,0,1,0,0,2,00000000,"FIXED",3,00,"Data Secure Unprivileged","1 byte",0,0,00000000,"INCR",3,00,"Data Secure Unprivileged","4 bytes",0,2,3f96d6b8,"OKAY",00000000,0,2,1,0,0,0,0,0,0,0,2,0,1,2,0,1,0,2,0037e400,"INCR",3,ff,0,"Data Secure Unprivileged",0,"4 bytes",0,00000000,"FIXED",0,00,0,"Data Secure Unprivileged",0,"1 byte",0,"OKAY",2,b237605a,"OKAY",00000000,0,2,0,1,0,0,0,0,2,0,1,0,2,1,1,1,0,0,c08d1dae,3,f,1,0,0,00000000,3,1,0,0,1,"No Read Addr Cmds","No Read Addr Cmds","No Write Addr Cmds","No Write Addr Cmds","No Write Responses","No Write Responses","_","_","_","_","_","_","_","_","No Write Data Beats","No Write Data Beats"
318,318,0,0,1,1,0,0,0,8e5ffe20afb76fe31ba56e5faf65c9d2,0,3b9a3d13b8d6963fae1d8dc05a6037b2,0,1,0,1,c8bc59dc,ffffffdb,0,1,0,0,2,00000000,"FIXED",3,00,"Data Secure Unprivileged","1 byte",0,0,00000000,"INCR",3,00,"Data Secure Unprivileged","4 bytes",0,2,3f96d6b8,"OKAY",00000000,0,2,1,0,0,0,0,0,0,0,2,0,1,2,0,1,0,2,0037e400,"INCR",3,ff,0,"Data Secure Unprivileged",0,"4 bytes",0,00000000,"FIXED",0,00,0,"Data Secure Unprivileged",0,"1 byte",0,"OKAY",2,b237605a,"OKAY",00000000,0,2,0,1,0,0,0,0,2,0,1,0,2,1,1,1,0,0,c08d1dae,3,f,1,1,0,c08d1dae,3,f,1,1,0,"No Read Addr Cmds","No Read Addr Cmds","No Write Addr Cmds","No Write Addr Cmds","No Write Responses","No Write Responses","_","_","Active","Active","_","_","Stream Beat","Stream Beat","No Write Data Beats","No Write Data Beats"
319,319,0,0,1,1,0,0,0,8e5ffe20afb76fe31ba56e5faf65c9d2,0,3b9a3d13b8d6963fae1d8dc05a6037b2,0,1,0,0,c8bc59dc,ffffffdb,0,1,0,0,2,00000000,"FIXED",3,00,"Data Secure Unprivileged","1 byte",0,0,00000000,"INCR",3,00,"Data Secure Unprivileged","4 bytes",0,2,3f96d6b8,"SLVERR",00000000,0,2,1,0,0,0,0,0,0,0,2,0,1,6,0,1,1,2,0037e400,"INCR",3,ff,0,"Data Secure Unprivileged",0,"4 bytes",0,00000000,"FIXED",0,00,0,"Data Secure Unprivileged",0,"1 byte",0,"OKAY",2,b237605a,"OKAY",00000000,e,2,0,1,0,0,0,0,2,0,1,0,2,1,1,3,1,0,00000000,3,1,1,0,1,c08d1dae,3,f,0,0,0,"No Read Addr Cmds","No Read Addr Cmds","No Write Addr Cmds","No Write Addr Cmds","No Write Responses","No Write Responses","_","Active","_","_","_","Data Beat","_","_","No Write Data Beats","No Write Data Beats"
320,320,0,0,1,1,0,0,0,8e5ffe20afb76fe31ba56e5faf65c9d2,0,3b9a3d13b8d6963fae1d8dc05a6037b2,0,1,0,1,fc696b1d,ffffffdb,0,1,0,0,2,00000000,"FIXED",3,00,"Data Secure Unprivileged","1 byte",0,0,00000000,"INCR",3,00,"Data Secure Unprivileged","4 bytes",0,2,c08d1dae,"SLVERR",00000000,0,2,1,0,0,0,0,0,0,0,2,0,1,6,0,1,1,2,0037e400,"INCR",3,ff,0,"Data Secure Unprivileged",0,"4 bytes",0,00000000,"FIXED",0,00,0,"Data Secure Unprivileged",0,"1 byte",0,"OKAY",2,133d9a3b,"OKAY",00000000,e,2,0,1,0,0,0,0,2,0,1,0,2,1,1,1,0,0,00000000,3,1,1,0,1,c08d1dae,3,f,0,0,0,"No Read Addr Cmds","No Read Addr Cmds","No Write Addr Cmds","No Write Addr Cmds","No Write Responses","No Write Responses","_","_","_","_","_","_","_","_","No Write Data Beats","No Write Data Beats"
321,321,0,0,1,1,0,0,0,8e5ffe20afb76fe31ba56e5faf65c9d2,0,3b9a3d13b8d6963fae1d8dc05a6037b2,0,1,0,1,fc696b1d,ffffffdb,0,1,0,0,2,00000000,"FIXED",3,00,"Data Secure Unprivileged","1 byte",0,0,00000000,"INCR",3,00,"Data Secure Unprivileged","4 bytes",0,2,c08d1dae,"SLVERR",00000000,0,2,1,0,0,0,0,0,0,0,2,0,1,6,0,1,1,2,0037e400,"INCR",3,ff,0,"Data Secure Unprivileged",0,"4 bytes",0,00000000,"FIXED",0,00,0,"Data Secure Unprivileged",0,"1 byte",0,"OKAY",2,133d9a3b,"OKAY",00000000,e,2,0,1,0,0,0,0,2,0,1,0,2,1,1,1,0,0,00000000,3,1,1,0,1,c08d1dae,3,f,0,0,0,"No Read Addr Cmds","No Read Addr Cmds","No Write Addr Cmds","No Write Addr Cmds","No Write Responses","No Write Responses","_","_","_","_","_","_","_","_","No Write Data Beats","No Write Data Beats"
322,322,0,0,1,1,0,0,0,8e5ffe20afb76fe31ba56e5faf65c9d2,0,3b9a3d13b8d6963fae1d8dc05a6037b2,0,1,0,1,fc696b1d,ffffffdb,0,1,0,0,2,00000000,"FIXED",3,00,"Data Secure Unprivileged","1 byte",0,0,00000000,"INCR",3,00,"Data Secure Unprivileged","4 bytes",0,2,c08d1dae,"SLVERR",00000000,0,2,1,0,0,0,0,0,0,0,2,0,1,6,0,1,1,2,0037e400,"INCR",3,ff,0,"Data Secure Unprivileged",0,"4 bytes",0,00000000,"FIXED",0,00,0,"Data Secure Unprivileged",0,"1 byte",0,"OKAY",2,133d9a3b,"OKAY",00000000,e,2,0,1,0,0,0,0,2,0,1,0,2,1,1,1,0,0,00000000,3,1,1,1,1,00000000,3,1,1,1,1,"No Read Addr Cmds","No Read Addr Cmds","No Write Addr Cmds","No Write Addr Cmds","No Write Responses","No Write Responses","_","_","Active","Active","_","_","Last Stream","Last Stream","No Write Data Beats","No Write Data Beats"
323,323,0,0,1,1,0,0,0,8e5ffe20afb76fe31ba56e5faf65c9d2,0,3b9a3d13b8d6963fae1d8dc05a6037b2,0,1,0,1,fc696b1d,ffffffdb,0,1,0,0,2,00000000,"FIXED",3,00,"Data Secure Unprivileged","1 byte",0,0,00000000,"INCR",3,00,"Data Secure Unprivileged","4 bytes",0,2,c08d1dae,"OKAY",00000000,0,2,1,0,0,0,0,0,0,0,2,0,1,3,1,1,0,2,0037e400,"INCR",3,ff,0,"Data Secure Unprivileged",0,"4 bytes",0,00000000,"FIXED",0,00,0,"Data Secure Unprivileged",0,"1 byte",0,"OKAY",2,133d9a3b,"OKAY",00000000,0,2,0,1,0,0,0,0,2,0,1,0,2,1,1,1,0,0,b237605a,3,f,0,0,0,00000000,3,1,0,0,1,"No Read Addr Cmds","No Read Addr Cmds","No Write Addr Cmds","No Write Addr Cmds","No Write Responses","No Write Responses","Active","_","_","_","Data Beat","_","_","_","No Write Data Beats","No Write Data Beats"
324,324,0,0,1,1,0,0,0,8e5ffe20afb76fe31ba56e5faf65c9d2,0,3b9a3d13b8d6963fae1d8dc05a6037b2,0,1,0,1,fc696b1d,ffffffdb,0,1,0,0,2,00000000,"FIXED",3,00,"Data Secure Unprivileged","1 byte",0,0,00000000,"INCR",3,00,"Data Secure Unprivileged","4 bytes",0,2,c08d1dae,"OKAY",00000000,0,2,1,0,0,0,0,0,0,0,2,0,1,2,0,1,0,2,0037e400,"INCR",3,ff,0,"Data Secure Unprivileged",0,"4 bytes",0,00000000,"FIXED",0,00,0,"Data Secure Unprivileged",0,"1 byte",0,"OKAY",2,133d9a3b,"OKAY",00000000,0,2,0,1,0,0,0,0,2,0,1,0,2,1,1,1,0,0,b237605a,3,f,1,0,0,00000000,3,1,0,0,1,"No Read Addr Cmds","No Read Addr Cmds","No Write Addr Cmds","No Write Addr Cmds","No Write Responses","No Write Responses","_","_","_","_","_","_","_","_","No Write Data Beats","No Write Data Beats"
325,325,0,0,1,1,0,0,0,8e5ffe20afb76fe31ba56e5faf65c9d2,0,3b9a3d13b8d6963fae1d8dc05a6037b2,0,1,0,1,fc696b1d,ffffffdb,0,1,0,0,2,00000000,"FIXED",3,00,"Data Secure Unprivileged","1 byte",0,0,00000000,"INCR",3,00,"Data Secure Unprivileged","4 bytes",0,2,c08d1dae,"OKAY",00000000,0,2,1,0,0,0,0,0,0,0,2,0,1,2,0,1,0,2,0037e400,"INCR",3,ff,0,"Data Secure Unprivileged",0,"4 bytes",0,00000000,"FIXED",0,00,0,"Data Secure Unprivileged",0,"1 byte",0,"OKAY",2,133d9a3b,"OKAY",00000000,0,2,0,1,0,0,0,0,2,0,1,0,2,1,1,1,0,0,b237605a,3,f,1,0,0,00000000,3,1,0,0,1,"No Read Addr Cmds","No Read Addr Cmds","No Write Addr Cmds","No Write Addr Cmds","No Write Responses","No Write Responses","_","_","_","_","_","_","_","_","No Write Data Beats","No Write Data Beats"
326,326,0,0,1,1,0,0,0,8e5ffe20afb76fe31ba56e5faf65c9d2,0,3b9a3d13b8d6963fae1d8dc05a6037b2,0,1,0,1,fc696b1d,ffffffdb,0,1,0,0,2,00000000,"FIXED",3,00,"Data Secure Unprivileged","1 byte",0,0,00000000,"INCR",3,00,"Data Secure Unprivileged","4 bytes",0,2,c08d1dae,"OKAY",00000000,0,2,1,0,0,0,0,0,0,0,2,0,1,2,0,1,0,2,0037e400,"INCR",3,ff,0,"Data Secure Unprivileged",0,"4 bytes",0,00000000,"FIXED",0,00,0,"Data Secure Unprivileged",0,"1 byte",0,"OKAY",2,133d9a3b,"OKAY",00000000,0,2,0,1,0,0,0,0,2,0,1,0,2,1,1,1,0,0,b237605a,3,f,1,1,0,b237605a,3,f,1,1,0,"No Read Addr Cmds","No Read Addr Cmds","No Write Addr Cmds","No Write Addr Cmds","No Write Responses","No Write Responses","_","_","Active","Active","_","_","Stream Beat","Stream Beat","No Write Data Beats","No Write Data Beats"
327,327,0,0,1,1,0,0,0,8e5ffe20afb76fe31ba56e5faf65c9d2,0,3b9a3d13b8d6963fae1d8dc05a6037b2,0,1,0,0,fc696b1d,ffffffdb,0,1,0,0,2,00000000,"FIXED",3,00,"Data Secure Unprivileged","1 byte",0,0,00000000,"INCR",3,00,"Data Secure Unprivileged","4 bytes",0,2,c08d1dae,"SLVERR",00000000,0,2,1,0,0,0,0,0,0,0,2,0,1,2,0,1,0,2,0037e400,"INCR",3,ff,0,"Data Secure Unprivileged",0,"4 bytes",0,00000000,"FIXED",0,00,0,"Data Secure Unprivileged",0,"1 byte",0,"OKAY",2,133d9a3b,"OKAY",00000000,a,2,0,1,4,0,0,1,2,0,1,0,2,1,1,3,1,0,00000000,3,1,1,0,1,b237605a,3,f,0,0,0,"No Read Addr Cmds","No Read Addr Cmds","No Write Addr Cmds","No Write Addr Cmds","No Write Responses","No Write Responses","_","Active","_","_","_","Data Beat","_","_","No Write Data Beats","No Write Data Beats"
328,328,0,0,1,1,0,0,0,8e5ffe20afb76fe31ba56e5faf65c9d2,0,3b9a3d13b8d6963fae1d8dc05a6037b2,0,1,0,1,03b1b875,ffffffdb,0,1,0,0,2,00000000,"FIXED",3,00,"Data Secure Unprivileged","1 byte",0,0,00000000,"INCR",3,00,"Data Secure Unprivileged","4 bytes",0,2,b237605a,"SLVERR",00000000,0,2,1,0,0,0,0,0,0,0,2,0,1,2,0,1,0,2,0037e400,"INCR",3,ff,0,"Data Secure Unprivileged",0,"4 bytes",0,00000000,"FIXED",0,00,0,"Data Secure Unprivileged",0,"1 byte",0,"OKAY",2,3f96d6b8,"OKAY",00000000,a,2,0,1,4,0,0,1,2,0,1,0,2,1,1,1,0,0,00000000,3,1,1,0,1,b237605a,3,f,0,0,0,"No Read Addr Cmds","No Read Addr Cmds","No Write Addr Cmds","No Write Addr Cmds","No Write Responses","No Write Responses","_","_","_","_","_","_","_","_","No Write Data Beats","No Write Data Beats"
329,329,0,0,1,1,0,0,0,8e5ffe20afb76fe31ba56e5faf65c9d2,0,3b9a3d13b8d6963fae1d8dc05a6037b2,0,1,0,1,03b1b875,ffffffdb,0,1,0,0,2,00000000,"FIXED",3,00,"Data Secure Unprivileged","1 byte",0,0,00000000,"INCR",3,00,"Data Secure Unprivileged","4 bytes",0,2,b237605a,"SLVERR",00000000,0,2,1,0,0,0,0,0,0,0,2,0,1,2,0,1,0,2,0037e400,"INCR",3,ff,0,"Data Secure Unprivileged",0,"4 bytes",0,00000000,"FIXED",0,00,0,"Data Secure Unprivileged",0,"1 byte",0,"OKAY",2,3f96d6b8,"OKAY",00000000,a,2,0,1,4,0,0,1,2,0,1,0,2,1,1,1,0,0,00000000,3,1,1,0,1,b237605a,3,f,0,0,0,"No Read Addr Cmds","No Read Addr Cmds","No Write Addr Cmds","No Write Addr Cmds","No Write Responses","No Write Responses","_","_","_","_","_","_","_","_","No Write Data Beats","No Write Data Beats"
330,330,0,0,1,1,0,0,0,8e5ffe20afb76fe31ba56e5faf65c9d2,0,3b9a3d13b8d6963fae1d8dc05a6037b2,0,1,0,1,03b1b875,ffffffdb,0,1,0,0,2,00000000,"FIXED",3,00,"Data Secure Unprivileged","1 byte",0,0,00000000,"INCR",3,00,"Data Secure Unprivileged","4 bytes",0,2,b237605a,"SLVERR",00000000,0,2,1,0,0,0,0,0,0,0,2,0,1,2,0,1,0,2,0037e400,"INCR",3,ff,0,"Data Secure Unprivileged",0,"4 bytes",0,00000000,"FIXED",0,00,0,"Data Secure Unprivileged",0,"1 byte",0,"OKAY",2,3f96d6b8,"OKAY",00000000,a,2,0,1,4,0,0,1,2,0,1,0,2,1,1,1,0,0,00000000,3,1,1,1,1,00000000,3,1,1,1,1,"No Read Addr Cmds","No Read Addr Cmds","No Write Addr Cmds","No Write Addr Cmds","No Write Responses","No Write Responses","_","_","Active","Active","_","_","Last Stream","Last Stream","No Write Data Beats","No Write Data Beats"
331,331,0,0,1,1,0,0,0,8e5ffe20afb76fe31ba56e5faf65c9d2,0,3b9a3d13b8d6963fae1d8dc05a6037b2,0,1,0,1,03b1b875,ffffffdb,0,1,0,0,2,00000000,"FIXED",3,00,"Data Secure Unprivileged","1 byte",0,0,00000000,"INCR",3,00,"Data Secure Unprivileged","4 bytes",0,2,b237605a,"OKAY",00000000,0,2,1,0,0,0,0,0,0,0,2,0,1,3,1,1,0,2,0037e400,"INCR",3,ff,0,"Data Secure Unprivileged",0,"4 bytes",0,00000000,"FIXED",0,00,0,"Data Secure Unprivileged",0,"1 byte",0,"OKAY",2,3f96d6b8,"OKAY",00000000,0,2,0,1,0,0,0,0,2,0,1,0,2,1,1,1,0,0,133d9a3b,3,f,0,0,0,00000000,3,1,0,0,1,"No Read Addr Cmds","No Read Addr Cmds","No Write Addr Cmds","No Write Addr Cmds","No Write Responses","No Write Responses","Active","_","_","_","Data Beat","_","_","_","No Write Data Beats","No Write Data Beats"
332,332,0,0,1,1,0,0,0,8e5ffe20afb76fe31ba56e5faf65c9d2,0,3b9a3d13b8d6963fae1d8dc05a6037b2,0,1,0,1,03b1b875,ffffffdb,0,1,0,0,2,00000000,"FIXED",3,00,"Data Secure Unprivileged","1 byte",0,0,00000000,"INCR",3,00,"Data Secure Unprivileged","4 bytes",0,2,b237605a,"OKAY",00000000,0,2,1,0,0,0,0,0,0,0,2,0,1,2,0,1,0,2,0037e400,"INCR",3,ff,0,"Data Secure Unprivileged",0,"4 bytes",0,00000000,"FIXED",0,00,0,"Data Secure Unprivileged",0,"1 byte",0,"OKAY",2,3f96d6b8,"OKAY",00000000,0,2,0,1,0,0,0,0,2,0,1,0,2,1,1,1,0,0,133d9a3b,3,f,1,0,0,00000000,3,1,0,0,1,"No Read Addr Cmds","No Read Addr Cmds","No Write Addr Cmds","No Write Addr Cmds","No Write Responses","No Write Responses","_","_","_","_","_","_","_","_","No Write Data Beats","No Write Data Beats"
333,333,0,0,1,1,0,0,0,8e5ffe20afb76fe31ba56e5faf65c9d2,0,3b9a3d13b8d6963fae1d8dc05a6037b2,0,1,0,1,03b1b875,ffffffdb,0,1,0,0,2,00000000,"FIXED",3,00,"Data Secure Unprivileged","1 byte",0,0,00000000,"INCR",3,00,"Data Secure Unprivileged","4 bytes",0,2,b237605a,"OKAY",00000000,0,2,1,0,0,0,0,0,0,0,2,0,1,2,0,1,0,2,0037e400,"INCR",3,ff,0,"Data Secure Unprivileged",0,"4 bytes",0,00000000,"FIXED",0,00,0,"Data Secure Unprivileged",0,"1 byte",0,"OKAY",2,3f96d6b8,"OKAY",00000000,0,2,0,1,0,0,0,0,2,0,1,0,2,1,1,1,0,0,133d9a3b,3,f,1,0,0,00000000,3,1,0,0,1,"No Read Addr Cmds","No Read Addr Cmds","No Write Addr Cmds","No Write Addr Cmds","No Write Responses","No Write Responses","_","_","_","_","_","_","_","_","No Write Data Beats","No Write Data Beats"
334,334,0,0,1,1,0,0,0,8e5ffe20afb76fe31ba56e5faf65c9d2,0,3b9a3d13b8d6963fae1d8dc05a6037b2,0,1,0,1,03b1b875,ffffffdb,0,1,0,0,2,00000000,"FIXED",3,00,"Data Secure Unprivileged","1 byte",0,0,00000000,"INCR",3,00,"Data Secure Unprivileged","4 bytes",0,2,b237605a,"OKAY",00000000,0,2,1,0,0,0,0,0,0,0,2,0,1,2,0,1,0,2,0037e400,"INCR",3,ff,0,"Data Secure Unprivileged",0,"4 bytes",0,00000000,"FIXED",0,00,0,"Data Secure Unprivileged",0,"1 byte",0,"OKAY",2,3f96d6b8,"OKAY",00000000,0,2,0,1,0,0,0,0,2,0,1,0,2,1,1,1,0,0,133d9a3b,3,f,1,1,0,133d9a3b,3,f,1,1,0,"No Read Addr Cmds","No Read Addr Cmds","No Write Addr Cmds","No Write Addr Cmds","No Write Responses","No Write Responses","_","_","Active","Active","_","_","Stream Beat","Stream Beat","No Write Data Beats","No Write Data Beats"
335,335,0,0,1,1,0,0,0,8e5ffe20afb76fe31ba56e5faf65c9d2,0,3b9a3d13b8d6963fae1d8dc05a6037b2,0,1,0,0,03b1b875,ffffffdb,0,1,0,0,2,00000000,"FIXED",3,00,"Data Secure Unprivileged","1 byte",0,0,00000000,"INCR",3,00,"Data Secure Unprivileged","4 bytes",0,2,b237605a,"DECERR",00000000,0,2,1,0,0,0,0,0,0,0,2,0,1,2,0,1,0,2,0037e400,"INCR",3,ff,0,"Data Secure Unprivileged",0,"4 bytes",0,00000000,"FIXED",0,00,0,"Data Secure Unprivileged",0,"1 byte",0,"OKAY",2,3f96d6b8,"OKAY",00000000,b,2,0,1,4,0,0,1,2,0,1,0,2,1,1,3,1,0,00000000,3,1,1,0,1,133d9a3b,3,f,0,0,0,"No Read Addr Cmds","No Read Addr Cmds","No Write Addr Cmds","No Write Addr Cmds","No Write Responses","No Write Responses","_","Active","_","_","_","Data Beat","_","_","No Write Data Beats","No Write Data Beats"
336,336,0,0,1,1,0,0,0,8e5ffe20afb76fe31ba56e5faf65c9d2,0,3b9a3d13b8d6963fae1d8dc05a6037b2,0,1,0,1,4dec065a,ffffffdb,0,1,0,0,2,00000000,"FIXED",3,00,"Data Secure Unprivileged","1 byte",0,0,00000000,"INCR",3,00,"Data Secure Unprivileged","4 bytes",0,2,133d9a3b,"DECERR",00000000,0,2,1,0,0,0,0,0,0,0,2,0,1,2,0,1,0,2,0037e400,"INCR",3,ff,0,"Data Secure Unprivileged",0,"4 bytes",0,00000000,"FIXED",0,00,0,"Data Secure Unprivileged",0,"1 byte",0,"OKAY",2,c08d1dae,"OKAY",00000000,b,2,0,1,4,0,0,1,2,0,1,0,2,1,1,1,0,0,00000000,3,1,1,0,1,133d9a3b,3,f,0,0,0,"No Read Addr Cmds","No Read Addr Cmds","No Write Addr Cmds","No Write Addr Cmds","No Write Responses","No Write Responses","_","_","_","_","_","_","_","_","No Write Data Beats","No Write Data Beats"
337,337,0,0,1,1,0,0,0,8e5ffe20afb76fe31ba56e5faf65c9d2,0,3b9a3d13b8d6963fae1d8dc05a6037b2,0,1,0,1,4dec065a,ffffffdb,0,1,0,0,2,00000000,"FIXED",3,00,"Data Secure Unprivileged","1 byte",0,0,00000000,"INCR",3,00,"Data Secure Unprivileged","4 bytes",0,2,133d9a3b,"DECERR",00000000,0,2,1,0,0,0,0,0,0,0,2,0,1,2,0,1,0,2,0037e400,"INCR",3,ff,0,"Data Secure Unprivileged",0,"4 bytes",0,00000000,"FIXED",0,00,0,"Data Secure Unprivileged",0,"1 byte",0,"OKAY",2,c08d1dae,"OKAY",00000000,b,2,0,1,4,0,0,1,2,0,1,0,2,1,1,1,0,0,00000000,3,1,1,0,1,133d9a3b,3,f,0,0,0,"No Read Addr Cmds","No Read Addr Cmds","No Write Addr Cmds","No Write Addr Cmds","No Write Responses","No Write Responses","_","_","_","_","_","_","_","_","No Write Data Beats","No Write Data Beats"
338,338,0,0,1,1,0,0,0,8e5ffe20afb76fe31ba56e5faf65c9d2,0,3b9a3d13b8d6963fae1d8dc05a6037b2,0,1,0,1,4dec065a,ffffffdb,0,1,0,0,2,00000000,"FIXED",3,00,"Data Secure Unprivileged","1 byte",0,0,00000000,"INCR",3,00,"Data Secure Unprivileged","4 bytes",0,2,133d9a3b,"DECERR",00000000,0,2,1,0,0,0,0,0,0,0,2,0,1,2,0,1,0,2,0037e400,"INCR",3,ff,0,"Data Secure Unprivileged",0,"4 bytes",0,00000000,"FIXED",0,00,0,"Data Secure Unprivileged",0,"1 byte",0,"OKAY",2,c08d1dae,"OKAY",00000000,b,2,0,1,4,0,0,1,2,0,1,0,2,1,1,1,0,0,00000000,3,1,1,1,1,00000000,3,1,1,1,1,"No Read Addr Cmds","No Read Addr Cmds","No Write Addr Cmds","No Write Addr Cmds","No Write Responses","No Write Responses","_","_","Active","Active","_","_","Last Stream","Last Stream","No Write Data Beats","No Write Data Beats"
339,339,0,0,1,1,0,0,0,8e5ffe20afb76fe31ba56e5faf65c9d2,0,3b9a3d13b8d6963fae1d8dc05a6037b2,0,1,0,1,4dec065a,ffffffdb,0,1,0,0,2,00000000,"FIXED",3,00,"Data Secure Unprivileged","1 byte",0,0,00000000,"INCR",3,00,"Data Secure Unprivileged","4 bytes",0,2,133d9a3b,"OKAY",00000000,0,2,1,0,0,0,0,0,0,0,2,0,1,3,1,1,0,2,0037e400,"INCR",3,ff,0,"Data Secure Unprivileged",0,"4 bytes",0,00000000,"FIXED",0,00,0,"Data Secure Unprivileged",0,"1 byte",0,"OKAY",2,c08d1dae,"OKAY",00000000,0,2,0,1,0,0,0,0,2,0,1,0,2,1,1,1,0,0,3f96d6b8,3,f,0,0,0,00000000,3,1,0,0,1,"No Read Addr Cmds","No Read Addr Cmds","No Write Addr Cmds","No Write Addr Cmds","No Write Responses","No Write Responses","Active","_","_","_","Data Beat","_","_","_","No Write Data Beats","No Write Data Beats"
340,340,0,0,1,1,0,0,0,8e5ffe20afb76fe31ba56e5faf65c9d2,0,3b9a3d13b8d6963fae1d8dc05a6037b2,0,1,0,1,4dec065a,ffffffdb,0,1,0,0,2,00000000,"FIXED",3,00,"Data Secure Unprivileged","1 byte",0,0,00000000,"INCR",3,00,"Data Secure Unprivileged","4 bytes",0,2,133d9a3b,"OKAY",00000000,0,2,1,0,0,0,0,0,0,0,2,0,1,2,0,1,0,2,0037e400,"INCR",3,ff,0,"Data Secure Unprivileged",0,"4 bytes",0,00000000,"FIXED",0,00,0,"Data Secure Unprivileged",0,"1 byte",0,"OKAY",2,c08d1dae,"OKAY",00000000,0,2,0,1,0,0,0,0,2,0,1,0,2,1,1,1,0,0,3f96d6b8,3,f,1,0,0,00000000,3,1,0,0,1,"No Read Addr Cmds","No Read Addr Cmds","No Write Addr Cmds","No Write Addr Cmds","No Write Responses","No Write Responses","_","_","_","_","_","_","_","_","No Write Data Beats","No Write Data Beats"
341,341,0,0,1,1,0,0,0,8e5ffe20afb76fe31ba56e5faf65c9d2,0,3b9a3d13b8d6963fae1d8dc05a6037b2,0,1,0,1,4dec065a,ffffffdb,0,1,0,0,2,00000000,"FIXED",3,00,"Data Secure Unprivileged","1 byte",0,0,00000000,"INCR",3,00,"Data Secure Unprivileged","4 bytes",0,2,133d9a3b,"OKAY",00000000,0,2,1,0,0,0,0,0,0,0,2,0,1,2,0,1,0,2,0037e400,"INCR",3,ff,0,"Data Secure Unprivileged",0,"4 bytes",0,00000000,"FIXED",0,00,0,"Data Secure Unprivileged",0,"1 byte",0,"OKAY",2,c08d1dae,"OKAY",00000000,0,2,0,1,0,0,0,0,2,0,1,0,2,1,1,1,0,0,3f96d6b8,3,f,1,0,0,00000000,3,1,0,0,1,"No Read Addr Cmds","No Read Addr Cmds","No Write Addr Cmds","No Write Addr Cmds","No Write Responses","No Write Responses","_","_","_","_","_","_","_","_","No Write Data Beats","No Write Data Beats"
342,342,0,0,1,1,0,0,0,8e5ffe20afb76fe31ba56e5faf65c9d2,0,3b9a3d13b8d6963fae1d8dc05a6037b2,0,1,0,1,4dec065a,ffffffdb,0,1,0,0,2,00000000,"FIXED",3,00,"Data Secure Unprivileged","1 byte",0,0,00000000,"INCR",3,00,"Data Secure Unprivileged","4 bytes",0,2,133d9a3b,"OKAY",00000000,0,2,1,0,0,0,0,0,0,0,2,0,1,2,0,1,0,2,0037e400,"INCR",3,ff,0,"Data Secure Unprivileged",0,"4 bytes",0,00000000,"FIXED",0,00,0,"Data Secure Unprivileged",0,"1 byte",0,"OKAY",2,c08d1dae,"OKAY",00000000,0,2,0,1,0,0,0,0,2,0,1,0,2,1,1,1,0,0,3f96d6b8,3,f,1,1,0,3f96d6b8,3,f,1,1,0,"No Read Addr Cmds","No Read Addr Cmds","No Write Addr Cmds","No Write Addr Cmds","No Write Responses","No Write Responses","_","_","Active","Active","_","_","Stream Beat","Stream Beat","No Write Data Beats","No Write Data Beats"
343,343,0,0,1,1,0,0,0,8e5ffe20afb76fe31ba56e5faf65c9d2,0,3b9a3d13b8d6963fae1d8dc05a6037b2,0,1,0,0,4dec065a,ffffffdb,0,1,0,0,2,00000000,"FIXED",3,00,"Data Secure Unprivileged","1 byte",0,0,00000000,"INCR",3,00,"Data Secure Unprivileged","4 bytes",0,2,133d9a3b,"OKAY",00000000,0,2,1,0,0,0,0,0,0,0,2,0,1,2,0,1,0,2,0037e400,"INCR",3,ff,0,"Data Secure Unprivileged",0,"4 bytes",0,00000000,"FIXED",0,00,0,"Data Secure Unprivileged",0,"1 byte",0,"OKAY",2,c08d1dae,"OKAY",00000000,8,2,0,1,4,0,0,1,2,0,1,0,2,1,1,3,1,0,00000000,3,1,1,0,1,3f96d6b8,3,f,0,0,0,"No Read Addr Cmds","No Read Addr Cmds","No Write Addr Cmds","No Write Addr Cmds","No Write Responses","No Write Responses","_","Active","_","_","_","Data Beat","_","_","No Write Data Beats","No Write Data Beats"
344,344,0,0,1,1,0,0,0,8e5ffe20afb76fe31ba56e5faf65c9d2,0,3b9a3d13b8d6963fae1d8dc05a6037b2,0,1,0,1,c8bc59dc,ffffffdb,0,1,0,0,2,00000000,"FIXED",3,00,"Data Secure Unprivileged","1 byte",0,0,00000000,"INCR",3,00,"Data Secure Unprivileged","4 bytes",0,2,3f96d6b8,"OKAY",00000000,0,2,1,0,0,0,0,0,0,0,2,0,1,2,0,1,0,2,0037e400,"INCR",3,ff,0,"Data Secure Unprivileged",0,"4 bytes",0,00000000,"FIXED",0,00,0,"Data Secure Unprivileged",0,"1 byte",0,"OKAY",2,b237605a,"OKAY",00000000,8,2,0,1,4,0,0,1,2,0,1,0,2,1,1,1,0,0,00000000,3,1,1,0,1,3f96d6b8,3,f,0,0,0,"No Read Addr Cmds","No Read Addr Cmds","No Write Addr Cmds","No Write Addr Cmds","No Write Responses","No Write Responses","_","_","_","_","_","_","_","_","No Write Data Beats","No Write Data Beats"
345,345,0,0,1,1,0,0,0,8e5ffe20afb76fe31ba56e5faf65c9d2,0,3b9a3d13b8d6963fae1d8dc05a6037b2,0,1,0,1,c8bc59dc,ffffffdb,0,1,0,0,2,00000000,"FIXED",3,00,"Data Secure Unprivileged","1 byte",0,0,00000000,"INCR",3,00,"Data Secure Unprivileged","4 bytes",0,2,3f96d6b8,"OKAY",00000000,0,2,1,0,0,0,0,0,0,0,2,0,1,2,0,1,0,2,0037e400,"INCR",3,ff,0,"Data Secure Unprivileged",0,"4 bytes",0,00000000,"FIXED",0,00,0,"Data Secure Unprivileged",0,"1 byte",0,"OKAY",2,b237605a,"OKAY",00000000,8,2,0,1,4,0,0,1,2,0,1,0,2,1,1,1,0,0,00000000,3,1,1,0,1,3f96d6b8,3,f,0,0,0,"No Read Addr Cmds","No Read Addr Cmds","No Write Addr Cmds","No Write Addr Cmds","No Write Responses","No Write Responses","_","_","_","_","_","_","_","_","No Write Data Beats","No Write Data Beats"
346,346,0,0,1,1,0,0,0,8e5ffe20afb76fe31ba56e5faf65c9d2,0,3b9a3d13b8d6963fae1d8dc05a6037b2,0,1,0,1,c8bc59dc,ffffffdb,0,1,0,0,2,00000000,"FIXED",3,00,"Data Secure Unprivileged","1 byte",0,0,00000000,"INCR",3,00,"Data Secure Unprivileged","4 bytes",0,2,3f96d6b8,"OKAY",00000000,0,2,1,0,0,0,0,0,0,0,2,0,1,2,0,1,0,2,0037e400,"INCR",3,ff,0,"Data Secure Unprivileged",0,"4 bytes",0,00000000,"FIXED",0,00,0,"Data Secure Unprivileged",0,"1 byte",0,"OKAY",2,b237605a,"OKAY",00000000,8,2,0,1,4,0,0,1,2,0,1,0,2,1,1,1,0,0,00000000,3,1,1,1,1,00000000,3,1,1,1,1,"No Read Addr Cmds","No Read Addr Cmds","No Write Addr Cmds","No Write Addr Cmds","No Write Responses","No Write Responses","_","_","Active","Active","_","_","Last Stream","Last Stream","No Write Data Beats","No Write Data Beats"
347,347,0,0,1,1,0,0,0,8e5ffe20afb76fe31ba56e5faf65c9d2,0,3b9a3d13b8d6963fae1d8dc05a6037b2,0,1,0,1,c8bc59dc,ffffffdb,0,1,0,0,2,00000000,"FIXED",3,00,"Data Secure Unprivileged","1 byte",0,0,00000000,"INCR",3,00,"Data Secure Unprivileged","4 bytes",0,2,3f96d6b8,"OKAY",00000000,0,2,1,0,0,0,0,0,0,0,2,0,1,3,1,1,0,2,0037e400,"INCR",3,ff,0,"Data Secure Unprivileged",0,"4 bytes",0,00000000,"FIXED",0,00,0,"Data Secure Unprivileged",0,"1 byte",0,"OKAY",2,b237605a,"OKAY",00000000,0,2,0,1,0,0,0,0,2,0,1,0,2,1,1,1,0,0,c08d1dae,3,f,0,0,0,00000000,3,1,0,0,1,"No Read Addr Cmds","No Read Addr Cmds","No Write Addr Cmds","No Write Addr Cmds","No Write Responses","No Write Responses","Active","_","_","_","Data Beat","_","_","_","No Write Data Beats","No Write Data Beats"
348,348,0,0,1,1,0,0,0,8e5ffe20afb76fe31ba56e5faf65c9d2,0,3b9a3d13b8d6963fae1d8dc05a6037b2,0,1,0,1,c8bc59dc,ffffffdb,0,1,0,0,2,00000000,"FIXED",3,00,"Data Secure Unprivileged","1 byte",0,0,00000000,"INCR",3,00,"Data Secure Unprivileged","4 bytes",0,2,3f96d6b8,"OKAY",00000000,0,2,1,0,0,0,0,0,0,0,2,0,1,2,0,1,0,2,0037e400,"INCR",3,ff,0,"Data Secure Unprivileged",0,"4 bytes",0,00000000,"FIXED",0,00,0,"Data Secure Unprivileged",0,"1 byte",0,"OKAY",2,b237605a,"OKAY",00000000,0,2,0,1,0,0,0,0,2,0,1,0,2,1,1,1,0,0,c08d1dae,3,f,1,0,0,00000000,3,1,0,0,1,"No Read Addr Cmds","No Read Addr Cmds","No Write Addr Cmds","No Write Addr Cmds","No Write Responses","No Write Responses","_","_","_","_","_","_","_","_","No Write Data Beats","No Write Data Beats"
349,349,0,0,1,1,0,0,0,8e5ffe20afb76fe31ba56e5faf65c9d2,0,3b9a3d13b8d6963fae1d8dc05a6037b2,0,1,0,1,c8bc59dc,ffffffdb,0,1,0,0,2,00000000,"FIXED",3,00,"Data Secure Unprivileged","1 byte",0,0,00000000,"INCR",3,00,"Data Secure Unprivileged","4 bytes",0,2,3f96d6b8,"OKAY",00000000,0,2,1,0,0,0,0,0,0,0,2,0,1,2,0,1,0,2,0037e400,"INCR",3,ff,0,"Data Secure Unprivileged",0,"4 bytes",0,00000000,"FIXED",0,00,0,"Data Secure Unprivileged",0,"1 byte",0,"OKAY",2,b237605a,"OKAY",00000000,0,2,0,1,0,0,0,0,2,0,1,0,2,1,1,1,0,0,c08d1dae,3,f,1,0,0,00000000,3,1,0,0,1,"No Read Addr Cmds","No Read Addr Cmds","No Write Addr Cmds","No Write Addr Cmds","No Write Responses","No Write Responses","_","_","_","_","_","_","_","_","No Write Data Beats","No Write Data Beats"
350,350,0,0,1,1,0,0,0,8e5ffe20afb76fe31ba56e5faf65c9d2,0,3b9a3d13b8d6963fae1d8dc05a6037b2,0,1,0,1,c8bc59dc,ffffffdb,0,1,0,0,2,00000000,"FIXED",3,00,"Data Secure Unprivileged","1 byte",0,0,00000000,"INCR",3,00,"Data Secure Unprivileged","4 bytes",0,2,3f96d6b8,"OKAY",00000000,0,2,1,0,0,0,0,0,0,0,2,0,1,2,0,1,0,2,0037e400,"INCR",3,ff,0,"Data Secure Unprivileged",0,"4 bytes",0,00000000,"FIXED",0,00,0,"Data Secure Unprivileged",0,"1 byte",0,"OKAY",2,b237605a,"OKAY",00000000,0,2,0,1,0,0,0,0,2,0,1,0,2,1,1,1,0,0,c08d1dae,3,f,1,1,0,c08d1dae,3,f,1,1,0,"No Read Addr Cmds","No Read Addr Cmds","No Write Addr Cmds","No Write Addr Cmds","No Write Responses","No Write Responses","_","_","Active","Active","_","_","Stream Beat","Stream Beat","No Write Data Beats","No Write Data Beats"
351,351,0,0,1,1,0,0,0,8e5ffe20afb76fe31ba56e5faf65c9d2,0,3b9a3d13b8d6963fae1d8dc05a6037b2,0,1,0,0,c8bc59dc,ffffffdb,0,1,0,0,2,00000000,"FIXED",3,00,"Data Secure Unprivileged","1 byte",0,0,00000000,"INCR",3,00,"Data Secure Unprivileged","4 bytes",0,2,3f96d6b8,"SLVERR",00000000,0,2,1,0,0,0,0,0,0,0,2,0,1,6,0,1,1,2,0037e400,"INCR",3,ff,0,"Data Secure Unprivileged",0,"4 bytes",0,00000000,"FIXED",0,00,0,"Data Secure Unprivileged",0,"1 byte",0,"OKAY",2,b237605a,"OKAY",00000000,e,2,0,1,0,0,0,0,2,0,1,0,2,1,1,3,1,0,00000000,3,1,1,0,1,c08d1dae,3,f,0,0,0,"No Read Addr Cmds","No Read Addr Cmds","No Write Addr Cmds","No Write Addr Cmds","No Write Responses","No Write Responses","_","Active","_","_","_","Data Beat","_","_","No Write Data Beats","No Write Data Beats"
352,352,0,0,1,1,0,0,0,8e5ffe20afb76fe31ba56e5faf65c9d2,0,3b9a3d13b8d6963fae1d8dc05a6037b2,0,1,0,1,fc696b1d,ffffffdb,0,1,0,0,2,00000000,"FIXED",3,00,"Data Secure Unprivileged","1 byte",0,0,00000000,"INCR",3,00,"Data Secure Unprivileged","4 bytes",0,2,c08d1dae,"SLVERR",00000000,0,2,1,0,0,0,0,0,0,0,2,0,1,6,0,1,1,2,0037e400,"INCR",3,ff,0,"Data Secure Unprivileged",0,"4 bytes",0,00000000,"FIXED",0,00,0,"Data Secure Unprivileged",0,"1 byte",0,"OKAY",2,133d9a3b,"OKAY",00000000,e,2,0,1,0,0,0,0,2,0,1,0,2,1,1,1,0,0,00000000,3,1,1,0,1,c08d1dae,3,f,0,0,0,"No Read Addr Cmds","No Read Addr Cmds","No Write Addr Cmds","No Write Addr Cmds","No Write Responses","No Write Responses","_","_","_","_","_","_","_","_","No Write Data Beats","No Write Data Beats"
353,353,0,0,1,1,0,0,0,8e5ffe20afb76fe31ba56e5faf65c9d2,0,3b9a3d13b8d6963fae1d8dc05a6037b2,0,1,0,1,fc696b1d,ffffffdb,0,1,0,0,2,00000000,"FIXED",3,00,"Data Secure Unprivileged","1 byte",0,0,00000000,"INCR",3,00,"Data Secure Unprivileged","4 bytes",0,2,c08d1dae,"SLVERR",00000000,0,2,1,0,0,0,0,0,0,0,2,0,1,6,0,1,1,2,0037e400,"INCR",3,ff,0,"Data Secure Unprivileged",0,"4 bytes",0,00000000,"FIXED",0,00,0,"Data Secure Unprivileged",0,"1 byte",0,"OKAY",2,133d9a3b,"OKAY",00000000,e,2,0,1,0,0,0,0,2,0,1,0,2,1,1,1,0,0,00000000,3,1,1,0,1,c08d1dae,3,f,0,0,0,"No Read Addr Cmds","No Read Addr Cmds","No Write Addr Cmds","No Write Addr Cmds","No Write Responses","No Write Responses","_","_","_","_","_","_","_","_","No Write Data Beats","No Write Data Beats"
354,354,0,0,1,1,0,0,0,8e5ffe20afb76fe31ba56e5faf65c9d2,0,3b9a3d13b8d6963fae1d8dc05a6037b2,0,1,0,1,fc696b1d,ffffffdb,0,1,0,0,2,00000000,"FIXED",3,00,"Data Secure Unprivileged","1 byte",0,0,00000000,"INCR",3,00,"Data Secure Unprivileged","4 bytes",0,2,c08d1dae,"SLVERR",00000000,0,2,1,0,0,0,0,0,0,0,2,0,1,6,0,1,1,2,0037e400,"INCR",3,ff,0,"Data Secure Unprivileged",0,"4 bytes",0,00000000,"FIXED",0,00,0,"Data Secure Unprivileged",0,"1 byte",0,"OKAY",2,133d9a3b,"OKAY",00000000,e,2,0,1,0,0,0,0,2,0,1,0,2,1,1,1,0,0,00000000,3,1,1,1,1,00000000,3,1,1,1,1,"No Read Addr Cmds","No Read Addr Cmds","No Write Addr Cmds","No Write Addr Cmds","No Write Responses","No Write Responses","_","_","Active","Active","_","_","Last Stream","Last Stream","No Write Data Beats","No Write Data Beats"
355,355,0,0,1,1,0,0,0,8e5ffe20afb76fe31ba56e5faf65c9d2,0,3b9a3d13b8d6963fae1d8dc05a6037b2,0,1,0,1,fc696b1d,ffffffdb,0,1,0,0,2,00000000,"FIXED",3,00,"Data Secure Unprivileged","1 byte",0,0,00000000,"INCR",3,00,"Data Secure Unprivileged","4 bytes",0,2,c08d1dae,"OKAY",00000000,0,2,1,0,0,0,0,0,0,0,2,0,1,3,1,1,0,2,0037e400,"INCR",3,ff,0,"Data Secure Unprivileged",0,"4 bytes",0,00000000,"FIXED",0,00,0,"Data Secure Unprivileged",0,"1 byte",0,"OKAY",2,133d9a3b,"OKAY",00000000,0,2,0,1,0,0,0,0,2,0,1,0,2,1,1,1,0,0,b237605a,3,f,0,0,0,00000000,3,1,0,0,1,"No Read Addr Cmds","No Read Addr Cmds","No Write Addr Cmds","No Write Addr Cmds","No Write Responses","No Write Responses","Active","_","_","_","Data Beat","_","_","_","No Write Data Beats","No Write Data Beats"
356,356,0,0,1,1,0,0,0,8e5ffe20afb76fe31ba56e5faf65c9d2,0,3b9a3d13b8d6963fae1d8dc05a6037b2,0,1,0,1,fc696b1d,ffffffdb,0,1,0,0,2,00000000,"FIXED",3,00,"Data Secure Unprivileged","1 byte",0,0,00000000,"INCR",3,00,"Data Secure Unprivileged","4 bytes",0,2,c08d1dae,"OKAY",00000000,0,2,1,0,0,0,0,0,0,0,2,0,1,2,0,1,0,2,0037e400,"INCR",3,ff,0,"Data Secure Unprivileged",0,"4 bytes",0,00000000,"FIXED",0,00,0,"Data Secure Unprivileged",0,"1 byte",0,"OKAY",2,133d9a3b,"OKAY",00000000,0,2,0,1,0,0,0,0,2,0,1,0,2,1,1,1,0,0,b237605a,3,f,1,0,0,00000000,3,1,0,0,1,"No Read Addr Cmds","No Read Addr Cmds","No Write Addr Cmds","No Write Addr Cmds","No Write Responses","No Write Responses","_","_","_","_","_","_","_","_","No Write Data Beats","No Write Data Beats"
357,357,0,0,1,1,0,0,0,8e5ffe20afb76fe31ba56e5faf65c9d2,0,3b9a3d13b8d6963fae1d8dc05a6037b2,0,1,0,1,fc696b1d,ffffffdb,0,1,0,0,2,00000000,"FIXED",3,00,"Data Secure Unprivileged","1 byte",0,0,00000000,"INCR",3,00,"Data Secure Unprivileged","4 bytes",0,2,c08d1dae,"OKAY",00000000,0,2,1,0,0,0,0,0,0,0,2,0,1,2,0,1,0,2,0037e400,"INCR",3,ff,0,"Data Secure Unprivileged",0,"4 bytes",0,00000000,"FIXED",0,00,0,"Data Secure Unprivileged",0,"1 byte",0,"OKAY",2,133d9a3b,"OKAY",00000000,0,2,0,1,0,0,0,0,2,0,1,0,2,1,1,1,0,0,b237605a,3,f,1,0,0,00000000,3,1,0,0,1,"No Read Addr Cmds","No Read Addr Cmds","No Write Addr Cmds","No Write Addr Cmds","No Write Responses","No Write Responses","_","_","_","_","_","_","_","_","No Write Data Beats","No Write Data Beats"
358,358,0,0,1,1,0,0,0,8e5ffe20afb76fe31ba56e5faf65c9d2,0,3b9a3d13b8d6963fae1d8dc05a6037b2,0,1,0,1,fc696b1d,ffffffdb,0,1,0,0,2,00000000,"FIXED",3,00,"Data Secure Unprivileged","1 byte",0,0,00000000,"INCR",3,00,"Data Secure Unprivileged","4 bytes",0,2,c08d1dae,"OKAY",00000000,0,2,1,0,0,0,0,0,0,0,2,0,1,2,0,1,0,2,0037e400,"INCR",3,ff,0,"Data Secure Unprivileged",0,"4 bytes",0,00000000,"FIXED",0,00,0,"Data Secure Unprivileged",0,"1 byte",0,"OKAY",2,133d9a3b,"OKAY",00000000,0,2,0,1,0,0,0,0,2,0,1,0,2,1,1,1,0,0,b237605a,3,f,1,1,0,b237605a,3,f,1,1,0,"No Read Addr Cmds","No Read Addr Cmds","No Write Addr Cmds","No Write Addr Cmds","No Write Responses","No Write Responses","_","_","Active","Active","_","_","Stream Beat","Stream Beat","No Write Data Beats","No Write Data Beats"
359,359,0,0,1,1,0,0,0,8e5ffe20afb76fe31ba56e5faf65c9d2,0,3b9a3d13b8d6963fae1d8dc05a6037b2,0,1,0,0,fc696b1d,ffffffdb,0,1,0,0,2,00000000,"FIXED",3,00,"Data Secure Unprivileged","1 byte",0,0,00000000,"INCR",3,00,"Data Secure Unprivileged","4 bytes",0,2,c08d1dae,"SLVERR",00000000,0,2,1,0,0,0,0,0,0,0,2,0,1,2,0,1,0,2,0037e400,"INCR",3,ff,0,"Data Secure Unprivileged",0,"4 bytes",0,00000000,"FIXED",0,00,0,"Data Secure Unprivileged",0,"1 byte",0,"OKAY",2,133d9a3b,"OKAY",00000000,a,2,0,1,4,0,0,1,2,0,1,0,2,1,1,3,1,0,00000000,3,1,1,0,1,b237605a,3,f,0,0,0,"No Read Addr Cmds","No Read Addr Cmds","No Write Addr Cmds","No Write Addr Cmds","No Write Responses","No Write Responses","_","Active","_","_","_","Data Beat","_","_","No Write Data Beats","No Write Data Beats"
360,360,0,0,1,1,0,0,0,8e5ffe20afb76fe31ba56e5faf65c9d2,0,3b9a3d13b8d6963fae1d8dc05a6037b2,0,1,0,1,03b1b875,ffffffdb,0,1,0,0,2,00000000,"FIXED",3,00,"Data Secure Unprivileged","1 byte",0,0,00000000,"INCR",3,00,"Data Secure Unprivileged","4 bytes",0,2,b237605a,"SLVERR",00000000,0,2,1,0,0,0,0,0,0,0,2,0,1,2,0,1,0,2,0037e400,"INCR",3,ff,0,"Data Secure Unprivileged",0,"4 bytes",0,00000000,"FIXED",0,00,0,"Data Secure Unprivileged",0,"1 byte",0,"OKAY",2,3f96d6b8,"OKAY",00000000,a,2,0,1,4,0,0,1,2,0,1,0,2,1,1,1,0,0,00000000,3,1,1,0,1,b237605a,3,f,0,0,0,"No Read Addr Cmds","No Read Addr Cmds","No Write Addr Cmds","No Write Addr Cmds","No Write Responses","No Write Responses","_","_","_","_","_","_","_","_","No Write Data Beats","No Write Data Beats"
361,361,0,0,1,1,0,0,0,8e5ffe20afb76fe31ba56e5faf65c9d2,0,3b9a3d13b8d6963fae1d8dc05a6037b2,0,1,0,1,03b1b875,ffffffdb,0,1,0,0,2,00000000,"FIXED",3,00,"Data Secure Unprivileged","1 byte",0,0,00000000,"INCR",3,00,"Data Secure Unprivileged","4 bytes",0,2,b237605a,"SLVERR",00000000,0,2,1,0,0,0,0,0,0,0,2,0,1,2,0,1,0,2,0037e400,"INCR",3,ff,0,"Data Secure Unprivileged",0,"4 bytes",0,00000000,"FIXED",0,00,0,"Data Secure Unprivileged",0,"1 byte",0,"OKAY",2,3f96d6b8,"OKAY",00000000,a,2,0,1,4,0,0,1,2,0,1,0,2,1,1,1,0,0,00000000,3,1,1,0,1,b237605a,3,f,0,0,0,"No Read Addr Cmds","No Read Addr Cmds","No Write Addr Cmds","No Write Addr Cmds","No Write Responses","No Write Responses","_","_","_","_","_","_","_","_","No Write Data Beats","No Write Data Beats"
362,362,0,0,1,1,0,0,0,8e5ffe20afb76fe31ba56e5faf65c9d2,0,3b9a3d13b8d6963fae1d8dc05a6037b2,0,1,0,1,03b1b875,ffffffdb,0,1,0,0,2,00000000,"FIXED",3,00,"Data Secure Unprivileged","1 byte",0,0,00000000,"INCR",3,00,"Data Secure Unprivileged","4 bytes",0,2,b237605a,"SLVERR",00000000,0,2,1,0,0,0,0,0,0,0,2,0,1,2,0,1,0,2,0037e400,"INCR",3,ff,0,"Data Secure Unprivileged",0,"4 bytes",0,00000000,"FIXED",0,00,0,"Data Secure Unprivileged",0,"1 byte",0,"OKAY",2,3f96d6b8,"OKAY",00000000,a,2,0,1,4,0,0,1,2,0,1,0,2,1,1,1,0,0,00000000,3,1,1,1,1,00000000,3,1,1,1,1,"No Read Addr Cmds","No Read Addr Cmds","No Write Addr Cmds","No Write Addr Cmds","No Write Responses","No Write Responses","_","_","Active","Active","_","_","Last Stream","Last Stream","No Write Data Beats","No Write Data Beats"
363,363,0,0,1,1,0,0,0,8e5ffe20afb76fe31ba56e5faf65c9d2,0,3b9a3d13b8d6963fae1d8dc05a6037b2,0,1,0,1,03b1b875,ffffffdb,0,1,0,0,2,00000000,"FIXED",3,00,"Data Secure Unprivileged","1 byte",0,0,00000000,"INCR",3,00,"Data Secure Unprivileged","4 bytes",0,2,b237605a,"OKAY",00000000,0,2,1,0,0,0,0,0,0,0,2,0,1,3,1,1,0,2,0037e400,"INCR",3,ff,0,"Data Secure Unprivileged",0,"4 bytes",0,00000000,"FIXED",0,00,0,"Data Secure Unprivileged",0,"1 byte",0,"OKAY",2,3f96d6b8,"OKAY",00000000,0,2,0,1,0,0,0,0,2,0,1,0,2,1,1,1,0,0,133d9a3b,3,f,0,0,0,00000000,3,1,0,0,1,"No Read Addr Cmds","No Read Addr Cmds","No Write Addr Cmds","No Write Addr Cmds","No Write Responses","No Write Responses","Active","_","_","_","Data Beat","_","_","_","No Write Data Beats","No Write Data Beats"
364,364,0,0,1,1,0,0,0,8e5ffe20afb76fe31ba56e5faf65c9d2,0,3b9a3d13b8d6963fae1d8dc05a6037b2,0,1,0,1,03b1b875,ffffffdb,0,1,0,0,2,00000000,"FIXED",3,00,"Data Secure Unprivileged","1 byte",0,0,00000000,"INCR",3,00,"Data Secure Unprivileged","4 bytes",0,2,b237605a,"OKAY",00000000,0,2,1,0,0,0,0,0,0,0,2,0,1,2,0,1,0,2,0037e400,"INCR",3,ff,0,"Data Secure Unprivileged",0,"4 bytes",0,00000000,"FIXED",0,00,0,"Data Secure Unprivileged",0,"1 byte",0,"OKAY",2,3f96d6b8,"OKAY",00000000,0,2,0,1,0,0,0,0,2,0,1,0,2,1,1,1,0,0,133d9a3b,3,f,1,0,0,00000000,3,1,0,0,1,"No Read Addr Cmds","No Read Addr Cmds","No Write Addr Cmds","No Write Addr Cmds","No Write Responses","No Write Responses","_","_","_","_","_","_","_","_","No Write Data Beats","No Write Data Beats"
365,365,0,0,1,1,0,0,0,8e5ffe20afb76fe31ba56e5faf65c9d2,0,3b9a3d13b8d6963fae1d8dc05a6037b2,0,1,0,1,03b1b875,ffffffdb,0,1,0,0,2,00000000,"FIXED",3,00,"Data Secure Unprivileged","1 byte",0,0,00000000,"INCR",3,00,"Data Secure Unprivileged","4 bytes",0,2,b237605a,"OKAY",00000000,0,2,1,0,0,0,0,0,0,0,2,0,1,2,0,1,0,2,0037e400,"INCR",3,ff,0,"Data Secure Unprivileged",0,"4 bytes",0,00000000,"FIXED",0,00,0,"Data Secure Unprivileged",0,"1 byte",0,"OKAY",2,3f96d6b8,"OKAY",00000000,0,2,0,1,0,0,0,0,2,0,1,0,2,1,1,1,0,0,133d9a3b,3,f,1,0,0,00000000,3,1,0,0,1,"No Read Addr Cmds","No Read Addr Cmds","No Write Addr Cmds","No Write Addr Cmds","No Write Responses","No Write Responses","_","_","_","_","_","_","_","_","No Write Data Beats","No Write Data Beats"
366,366,0,0,1,1,0,0,0,8e5ffe20afb76fe31ba56e5faf65c9d2,0,3b9a3d13b8d6963fae1d8dc05a6037b2,0,1,0,1,03b1b875,ffffffdb,0,1,0,0,2,00000000,"FIXED",3,00,"Data Secure Unprivileged","1 byte",0,0,00000000,"INCR",3,00,"Data Secure Unprivileged","4 bytes",0,2,b237605a,"OKAY",00000000,0,2,1,0,0,0,0,0,0,0,2,0,1,2,0,1,0,2,0037e400,"INCR",3,ff,0,"Data Secure Unprivileged",0,"4 bytes",0,00000000,"FIXED",0,00,0,"Data Secure Unprivileged",0,"1 byte",0,"OKAY",2,3f96d6b8,"OKAY",00000000,0,2,0,1,0,0,0,0,2,0,1,0,2,1,1,1,0,0,133d9a3b,3,f,1,1,0,133d9a3b,3,f,1,1,0,"No Read Addr Cmds","No Read Addr Cmds","No Write Addr Cmds","No Write Addr Cmds","No Write Responses","No Write Responses","_","_","Active","Active","_","_","Stream Beat","Stream Beat","No Write Data Beats","No Write Data Beats"
367,367,0,0,1,1,0,0,0,8e5ffe20afb76fe31ba56e5faf65c9d2,0,3b9a3d13b8d6963fae1d8dc05a6037b2,0,1,0,0,03b1b875,ffffffdb,0,1,0,0,2,00000000,"FIXED",3,00,"Data Secure Unprivileged","1 byte",0,0,00000000,"INCR",3,00,"Data Secure Unprivileged","4 bytes",0,2,b237605a,"DECERR",00000000,0,2,1,0,0,0,0,0,0,0,2,0,1,2,0,1,0,2,0037e400,"INCR",3,ff,0,"Data Secure Unprivileged",0,"4 bytes",0,00000000,"FIXED",0,00,0,"Data Secure Unprivileged",0,"1 byte",0,"OKAY",2,3f96d6b8,"OKAY",00000000,b,2,0,1,4,0,0,1,2,0,1,0,2,1,1,3,1,0,00000000,3,1,1,0,1,133d9a3b,3,f,0,0,0,"No Read Addr Cmds","No Read Addr Cmds","No Write Addr Cmds","No Write Addr Cmds","No Write Responses","No Write Responses","_","Active","_","_","_","Data Beat","_","_","No Write Data Beats","No Write Data Beats"
368,368,0,0,1,1,0,0,0,8e5ffe20afb76fe31ba56e5faf65c9d2,0,3b9a3d13b8d6963fae1d8dc05a6037b2,0,1,0,1,4dec065a,ffffffdb,0,1,0,0,2,00000000,"FIXED",3,00,"Data Secure Unprivileged","1 byte",0,0,00000000,"INCR",3,00,"Data Secure Unprivileged","4 bytes",0,2,133d9a3b,"DECERR",00000000,0,2,1,0,0,0,0,0,0,0,2,0,1,2,0,1,0,2,0037e400,"INCR",3,ff,0,"Data Secure Unprivileged",0,"4 bytes",0,00000000,"FIXED",0,00,0,"Data Secure Unprivileged",0,"1 byte",0,"OKAY",2,c08d1dae,"OKAY",00000000,b,2,0,1,4,0,0,1,2,0,1,0,2,1,1,1,0,0,00000000,3,1,1,0,1,133d9a3b,3,f,0,0,0,"No Read Addr Cmds","No Read Addr Cmds","No Write Addr Cmds","No Write Addr Cmds","No Write Responses","No Write Responses","_","_","_","_","_","_","_","_","No Write Data Beats","No Write Data Beats"
369,369,0,0,1,1,0,0,0,8e5ffe20afb76fe31ba56e5faf65c9d2,0,3b9a3d13b8d6963fae1d8dc05a6037b2,0,1,0,1,4dec065a,ffffffdb,0,1,0,0,2,00000000,"FIXED",3,00,"Data Secure Unprivileged","1 byte",0,0,00000000,"INCR",3,00,"Data Secure Unprivileged","4 bytes",0,2,133d9a3b,"DECERR",00000000,0,2,1,0,0,0,0,0,0,0,2,0,1,2,0,1,0,2,0037e400,"INCR",3,ff,0,"Data Secure Unprivileged",0,"4 bytes",0,00000000,"FIXED",0,00,0,"Data Secure Unprivileged",0,"1 byte",0,"OKAY",2,c08d1dae,"OKAY",00000000,b,2,0,1,4,0,0,1,2,0,1,0,2,1,1,1,0,0,00000000,3,1,1,0,1,133d9a3b,3,f,0,0,0,"No Read Addr Cmds","No Read Addr Cmds","No Write Addr Cmds","No Write Addr Cmds","No Write Responses","No Write Responses","_","_","_","_","_","_","_","_","No Write Data Beats","No Write Data Beats"
370,370,0,0,1,1,0,0,0,8e5ffe20afb76fe31ba56e5faf65c9d2,0,3b9a3d13b8d6963fae1d8dc05a6037b2,0,1,0,1,4dec065a,ffffffdb,0,1,0,0,2,00000000,"FIXED",3,00,"Data Secure Unprivileged","1 byte",0,0,00000000,"INCR",3,00,"Data Secure Unprivileged","4 bytes",0,2,133d9a3b,"DECERR",00000000,0,2,1,0,0,0,0,0,0,0,2,0,1,2,0,1,0,2,0037e400,"INCR",3,ff,0,"Data Secure Unprivileged",0,"4 bytes",0,00000000,"FIXED",0,00,0,"Data Secure Unprivileged",0,"1 byte",0,"OKAY",2,c08d1dae,"OKAY",00000000,b,2,0,1,4,0,0,1,2,0,1,0,2,1,1,1,0,0,00000000,3,1,1,1,1,00000000,3,1,1,1,1,"No Read Addr Cmds","No Read Addr Cmds","No Write Addr Cmds","No Write Addr Cmds","No Write Responses","No Write Responses","_","_","Active","Active","_","_","Last Stream","Last Stream","No Write Data Beats","No Write Data Beats"
371,371,0,0,1,1,0,0,0,8e5ffe20afb76fe31ba56e5faf65c9d2,0,3b9a3d13b8d6963fae1d8dc05a6037b2,0,1,0,1,4dec065a,ffffffdb,0,1,0,0,2,00000000,"FIXED",3,00,"Data Secure Unprivileged","1 byte",0,0,00000000,"INCR",3,00,"Data Secure Unprivileged","4 bytes",0,2,133d9a3b,"OKAY",00000000,0,2,1,0,0,0,0,0,0,0,2,0,1,3,1,1,0,2,0037e400,"INCR",3,ff,0,"Data Secure Unprivileged",0,"4 bytes",0,00000000,"FIXED",0,00,0,"Data Secure Unprivileged",0,"1 byte",0,"OKAY",2,c08d1dae,"OKAY",00000000,0,2,0,1,0,0,0,0,2,0,1,0,2,1,1,1,0,0,3f96d6b8,3,f,0,0,0,00000000,3,1,0,0,1,"No Read Addr Cmds","No Read Addr Cmds","No Write Addr Cmds","No Write Addr Cmds","No Write Responses","No Write Responses","Active","_","_","_","Data Beat","_","_","_","No Write Data Beats","No Write Data Beats"
372,372,0,0,1,1,0,0,0,8e5ffe20afb76fe31ba56e5faf65c9d2,0,3b9a3d13b8d6963fae1d8dc05a6037b2,0,1,0,1,4dec065a,ffffffdb,0,1,0,0,2,00000000,"FIXED",3,00,"Data Secure Unprivileged","1 byte",0,0,00000000,"INCR",3,00,"Data Secure Unprivileged","4 bytes",0,2,133d9a3b,"OKAY",00000000,0,2,1,0,0,0,0,0,0,0,2,0,1,2,0,1,0,2,0037e400,"INCR",3,ff,0,"Data Secure Unprivileged",0,"4 bytes",0,00000000,"FIXED",0,00,0,"Data Secure Unprivileged",0,"1 byte",0,"OKAY",2,c08d1dae,"OKAY",00000000,0,2,0,1,0,0,0,0,2,0,1,0,2,1,1,1,0,0,3f96d6b8,3,f,1,0,0,00000000,3,1,0,0,1,"No Read Addr Cmds","No Read Addr Cmds","No Write Addr Cmds","No Write Addr Cmds","No Write Responses","No Write Responses","_","_","_","_","_","_","_","_","No Write Data Beats","No Write Data Beats"
373,373,0,0,1,1,0,0,0,8e5ffe20afb76fe31ba56e5faf65c9d2,0,3b9a3d13b8d6963fae1d8dc05a6037b2,0,1,0,1,4dec065a,ffffffdb,0,1,0,0,2,00000000,"FIXED",3,00,"Data Secure Unprivileged","1 byte",0,0,00000000,"INCR",3,00,"Data Secure Unprivileged","4 bytes",0,2,133d9a3b,"OKAY",00000000,0,2,1,0,0,0,0,0,0,0,2,0,1,2,0,1,0,2,0037e400,"INCR",3,ff,0,"Data Secure Unprivileged",0,"4 bytes",0,00000000,"FIXED",0,00,0,"Data Secure Unprivileged",0,"1 byte",0,"OKAY",2,c08d1dae,"OKAY",00000000,0,2,0,1,0,0,0,0,2,0,1,0,2,1,1,1,0,0,3f96d6b8,3,f,1,0,0,00000000,3,1,0,0,1,"No Read Addr Cmds","No Read Addr Cmds","No Write Addr Cmds","No Write Addr Cmds","No Write Responses","No Write Responses","_","_","_","_","_","_","_","_","No Write Data Beats","No Write Data Beats"
374,374,0,0,1,1,0,0,0,8e5ffe20afb76fe31ba56e5faf65c9d2,0,3b9a3d13b8d6963fae1d8dc05a6037b2,0,1,0,1,4dec065a,ffffffdb,0,1,0,0,2,00000000,"FIXED",3,00,"Data Secure Unprivileged","1 byte",0,0,00000000,"INCR",3,00,"Data Secure Unprivileged","4 bytes",0,2,133d9a3b,"OKAY",00000000,0,2,1,0,0,0,0,0,0,0,2,0,1,2,0,1,0,2,0037e400,"INCR",3,ff,0,"Data Secure Unprivileged",0,"4 bytes",0,00000000,"FIXED",0,00,0,"Data Secure Unprivileged",0,"1 byte",0,"OKAY",2,c08d1dae,"OKAY",00000000,0,2,0,1,0,0,0,0,2,0,1,0,2,1,1,1,0,0,3f96d6b8,3,f,1,1,0,3f96d6b8,3,f,1,1,0,"No Read Addr Cmds","No Read Addr Cmds","No Write Addr Cmds","No Write Addr Cmds","No Write Responses","No Write Responses","_","_","Active","Active","_","_","Stream Beat","Stream Beat","No Write Data Beats","No Write Data Beats"
375,375,0,0,1,1,0,0,0,8e5ffe20afb76fe31ba56e5faf65c9d2,0,3b9a3d13b8d6963fae1d8dc05a6037b2,0,1,0,0,4dec065a,ffffffdb,0,1,0,0,2,00000000,"FIXED",3,00,"Data Secure Unprivileged","1 byte",0,0,00000000,"INCR",3,00,"Data Secure Unprivileged","4 bytes",0,2,133d9a3b,"OKAY",00000000,0,2,1,0,0,0,0,0,0,0,2,0,1,2,0,1,0,2,0037e400,"INCR",3,ff,0,"Data Secure Unprivileged",0,"4 bytes",0,00000000,"FIXED",0,00,0,"Data Secure Unprivileged",0,"1 byte",0,"OKAY",2,c08d1dae,"OKAY",00000000,8,2,0,1,4,0,0,1,2,0,1,0,2,1,1,3,1,0,00000000,3,1,1,0,1,3f96d6b8,3,f,0,0,0,"No Read Addr Cmds","No Read Addr Cmds","No Write Addr Cmds","No Write Addr Cmds","No Write Responses","No Write Responses","_","Active","_","_","_","Data Beat","_","_","No Write Data Beats","No Write Data Beats"
376,376,0,0,1,1,0,0,0,8e5ffe20afb76fe31ba56e5faf65c9d2,0,3b9a3d13b8d6963fae1d8dc05a6037b2,0,1,0,1,c8bc59dc,ffffffdb,0,1,0,0,2,00000000,"FIXED",3,00,"Data Secure Unprivileged","1 byte",0,0,00000000,"INCR",3,00,"Data Secure Unprivileged","4 bytes",0,2,3f96d6b8,"OKAY",00000000,0,2,1,0,0,0,0,0,0,0,2,0,1,2,0,1,0,2,0037e400,"INCR",3,ff,0,"Data Secure Unprivileged",0,"4 bytes",0,00000000,"FIXED",0,00,0,"Data Secure Unprivileged",0,"1 byte",0,"OKAY",2,b237605a,"OKAY",00000000,8,2,0,1,4,0,0,1,2,0,1,0,2,1,1,1,0,0,00000000,3,1,1,0,1,3f96d6b8,3,f,0,0,0,"No Read Addr Cmds","No Read Addr Cmds","No Write Addr Cmds","No Write Addr Cmds","No Write Responses","No Write Responses","_","_","_","_","_","_","_","_","No Write Data Beats","No Write Data Beats"
377,377,0,0,1,1,0,0,0,8e5ffe20afb76fe31ba56e5faf65c9d2,0,3b9a3d13b8d6963fae1d8dc05a6037b2,0,1,0,1,c8bc59dc,ffffffdb,0,1,0,0,2,00000000,"FIXED",3,00,"Data Secure Unprivileged","1 byte",0,0,00000000,"INCR",3,00,"Data Secure Unprivileged","4 bytes",0,2,3f96d6b8,"OKAY",00000000,0,2,1,0,0,0,0,0,0,0,2,0,1,2,0,1,0,2,0037e400,"INCR",3,ff,0,"Data Secure Unprivileged",0,"4 bytes",0,00000000,"FIXED",0,00,0,"Data Secure Unprivileged",0,"1 byte",0,"OKAY",2,b237605a,"OKAY",00000000,8,2,0,1,4,0,0,1,2,0,1,0,2,1,1,1,0,0,00000000,3,1,1,0,1,3f96d6b8,3,f,0,0,0,"No Read Addr Cmds","No Read Addr Cmds","No Write Addr Cmds","No Write Addr Cmds","No Write Responses","No Write Responses","_","_","_","_","_","_","_","_","No Write Data Beats","No Write Data Beats"
378,378,0,0,1,1,0,0,0,8e5ffe20afb76fe31ba56e5faf65c9d2,0,3b9a3d13b8d6963fae1d8dc05a6037b2,0,1,0,1,c8bc59dc,ffffffdb,0,1,0,0,2,00000000,"FIXED",3,00,"Data Secure Unprivileged","1 byte",0,0,00000000,"INCR",3,00,"Data Secure Unprivileged","4 bytes",0,2,3f96d6b8,"OKAY",00000000,0,2,1,0,0,0,0,0,0,0,2,0,1,2,0,1,0,2,0037e400,"INCR",3,ff,0,"Data Secure Unprivileged",0,"4 bytes",0,00000000,"FIXED",0,00,0,"Data Secure Unprivileged",0,"1 byte",0,"OKAY",2,b237605a,"OKAY",00000000,8,2,0,1,4,0,0,1,2,0,1,0,2,1,1,1,0,0,00000000,3,1,1,1,1,00000000,3,1,1,1,1,"No Read Addr Cmds","No Read Addr Cmds","No Write Addr Cmds","No Write Addr Cmds","No Write Responses","No Write Responses","_","_","Active","Active","_","_","Last Stream","Last Stream","No Write Data Beats","No Write Data Beats"
379,379,0,0,1,1,0,0,0,8e5ffe20afb76fe31ba56e5faf65c9d2,0,3b9a3d13b8d6963fae1d8dc05a6037b2,0,1,0,1,c8bc59dc,ffffffdb,0,1,0,0,2,00000000,"FIXED",3,00,"Data Secure Unprivileged","1 byte",0,0,00000000,"INCR",3,00,"Data Secure Unprivileged","4 bytes",0,2,3f96d6b8,"OKAY",00000000,0,2,1,0,0,0,0,0,0,0,2,0,1,3,1,1,0,2,0037e400,"INCR",3,ff,0,"Data Secure Unprivileged",0,"4 bytes",0,00000000,"FIXED",0,00,0,"Data Secure Unprivileged",0,"1 byte",0,"OKAY",2,b237605a,"OKAY",00000000,0,2,0,1,0,0,0,0,2,0,1,0,2,1,1,1,0,0,c08d1dae,3,f,0,0,0,00000000,3,1,0,0,1,"No Read Addr Cmds","No Read Addr Cmds","No Write Addr Cmds","No Write Addr Cmds","No Write Responses","No Write Responses","Active","_","_","_","Data Beat","_","_","_","No Write Data Beats","No Write Data Beats"
380,380,0,0,1,1,0,0,0,8e5ffe20afb76fe31ba56e5faf65c9d2,0,3b9a3d13b8d6963fae1d8dc05a6037b2,0,1,0,1,c8bc59dc,ffffffdb,0,1,0,0,2,00000000,"FIXED",3,00,"Data Secure Unprivileged","1 byte",0,0,00000000,"INCR",3,00,"Data Secure Unprivileged","4 bytes",0,2,3f96d6b8,"OKAY",00000000,0,2,1,0,0,0,0,0,0,0,2,0,1,2,0,1,0,2,0037e400,"INCR",3,ff,0,"Data Secure Unprivileged",0,"4 bytes",0,00000000,"FIXED",0,00,0,"Data Secure Unprivileged",0,"1 byte",0,"OKAY",2,b237605a,"OKAY",00000000,0,2,0,1,0,0,0,0,2,0,1,0,2,1,1,1,0,0,c08d1dae,3,f,1,0,0,00000000,3,1,0,0,1,"No Read Addr Cmds","No Read Addr Cmds","No Write Addr Cmds","No Write Addr Cmds","No Write Responses","No Write Responses","_","_","_","_","_","_","_","_","No Write Data Beats","No Write Data Beats"
381,381,0,0,1,1,0,0,0,8e5ffe20afb76fe31ba56e5faf65c9d2,0,3b9a3d13b8d6963fae1d8dc05a6037b2,0,1,0,1,c8bc59dc,ffffffdb,0,1,0,0,2,00000000,"FIXED",3,00,"Data Secure Unprivileged","1 byte",0,0,00000000,"INCR",3,00,"Data Secure Unprivileged","4 bytes",0,2,3f96d6b8,"OKAY",00000000,0,2,1,0,0,0,0,0,0,0,2,0,1,2,0,1,0,2,0037e400,"INCR",3,ff,0,"Data Secure Unprivileged",0,"4 bytes",0,00000000,"FIXED",0,00,0,"Data Secure Unprivileged",0,"1 byte",0,"OKAY",2,b237605a,"OKAY",00000000,0,2,0,1,0,0,0,0,2,0,1,0,2,1,1,1,0,0,c08d1dae,3,f,1,0,0,00000000,3,1,0,0,1,"No Read Addr Cmds","No Read Addr Cmds","No Write Addr Cmds","No Write Addr Cmds","No Write Responses","No Write Responses","_","_","_","_","_","_","_","_","No Write Data Beats","No Write Data Beats"
382,382,0,0,1,1,0,0,0,8e5ffe20afb76fe31ba56e5faf65c9d2,0,3b9a3d13b8d6963fae1d8dc05a6037b2,0,1,0,1,c8bc59dc,ffffffdb,0,1,0,0,2,00000000,"FIXED",3,00,"Data Secure Unprivileged","1 byte",0,0,00000000,"INCR",3,00,"Data Secure Unprivileged","4 bytes",0,2,3f96d6b8,"OKAY",00000000,0,2,1,0,0,0,0,0,0,0,2,0,1,2,0,1,0,2,0037e400,"INCR",3,ff,0,"Data Secure Unprivileged",0,"4 bytes",0,00000000,"FIXED",0,00,0,"Data Secure Unprivileged",0,"1 byte",0,"OKAY",2,b237605a,"OKAY",00000000,0,2,0,1,0,0,0,0,2,0,1,0,2,1,1,1,0,0,c08d1dae,3,f,1,1,0,c08d1dae,3,f,1,1,0,"No Read Addr Cmds","No Read Addr Cmds","No Write Addr Cmds","No Write Addr Cmds","No Write Responses","No Write Responses","_","_","Active","Active","_","_","Stream Beat","Stream Beat","No Write Data Beats","No Write Data Beats"
383,383,0,0,1,1,0,0,0,8e5ffe20afb76fe31ba56e5faf65c9d2,0,3b9a3d13b8d6963fae1d8dc05a6037b2,0,1,0,0,c8bc59dc,ffffffdb,0,1,0,0,2,00000000,"FIXED",3,00,"Data Secure Unprivileged","1 byte",0,0,00000000,"INCR",3,00,"Data Secure Unprivileged","4 bytes",0,2,3f96d6b8,"SLVERR",00000000,0,2,1,0,0,0,0,0,0,0,2,0,1,6,0,1,1,2,0037e400,"INCR",3,ff,0,"Data Secure Unprivileged",0,"4 bytes",0,00000000,"FIXED",0,00,0,"Data Secure Unprivileged",0,"1 byte",0,"OKAY",2,b237605a,"OKAY",00000000,e,2,0,1,0,0,0,0,2,0,1,0,2,1,1,3,1,0,00000000,3,1,1,0,1,c08d1dae,3,f,0,0,0,"No Read Addr Cmds","No Read Addr Cmds","No Write Addr Cmds","No Write Addr Cmds","No Write Responses","No Write Responses","_","Active","_","_","_","Data Beat","_","_","No Write Data Beats","No Write Data Beats"
384,384,0,0,1,1,0,0,0,8e5ffe20afb76fe31ba56e5faf65c9d2,0,3b9a3d13b8d6963fae1d8dc05a6037b2,0,1,0,1,fc696b1d,ffffffdb,0,1,0,0,2,00000000,"FIXED",3,00,"Data Secure Unprivileged","1 byte",0,0,00000000,"INCR",3,00,"Data Secure Unprivileged","4 bytes",0,2,c08d1dae,"SLVERR",00000000,0,2,1,0,0,0,0,0,0,0,2,0,1,6,0,1,1,2,0037e400,"INCR",3,ff,0,"Data Secure Unprivileged",0,"4 bytes",0,00000000,"FIXED",0,00,0,"Data Secure Unprivileged",0,"1 byte",0,"OKAY",2,133d9a3b,"OKAY",00000000,e,2,0,1,0,0,0,0,2,0,1,0,2,1,1,1,0,0,00000000,3,1,1,0,1,c08d1dae,3,f,0,0,0,"No Read Addr Cmds","No Read Addr Cmds","No Write Addr Cmds","No Write Addr Cmds","No Write Responses","No Write Responses","_","_","_","_","_","_","_","_","No Write Data Beats","No Write Data Beats"
385,385,0,0,1,1,0,0,0,8e5ffe20afb76fe31ba56e5faf65c9d2,0,3b9a3d13b8d6963fae1d8dc05a6037b2,0,1,0,1,fc696b1d,ffffffdb,0,1,0,0,2,00000000,"FIXED",3,00,"Data Secure Unprivileged","1 byte",0,0,00000000,"INCR",3,00,"Data Secure Unprivileged","4 bytes",0,2,c08d1dae,"SLVERR",00000000,0,2,1,0,0,0,0,0,0,0,2,0,1,6,0,1,1,2,0037e400,"INCR",3,ff,0,"Data Secure Unprivileged",0,"4 bytes",0,00000000,"FIXED",0,00,0,"Data Secure Unprivileged",0,"1 byte",0,"OKAY",2,133d9a3b,"OKAY",00000000,e,2,0,1,0,0,0,0,2,0,1,0,2,1,1,1,0,0,00000000,3,1,1,0,1,c08d1dae,3,f,0,0,0,"No Read Addr Cmds","No Read Addr Cmds","No Write Addr Cmds","No Write Addr Cmds","No Write Responses","No Write Responses","_","_","_","_","_","_","_","_","No Write Data Beats","No Write Data Beats"
386,386,0,0,1,1,0,0,0,8e5ffe20afb76fe31ba56e5faf65c9d2,0,3b9a3d13b8d6963fae1d8dc05a6037b2,0,1,0,1,fc696b1d,ffffffdb,0,1,0,0,2,00000000,"FIXED",3,00,"Data Secure Unprivileged","1 byte",0,0,00000000,"INCR",3,00,"Data Secure Unprivileged","4 bytes",0,2,c08d1dae,"SLVERR",00000000,0,2,1,0,0,0,0,0,0,0,2,0,1,6,0,1,1,2,0037e400,"INCR",3,ff,0,"Data Secure Unprivileged",0,"4 bytes",0,00000000,"FIXED",0,00,0,"Data Secure Unprivileged",0,"1 byte",0,"OKAY",2,133d9a3b,"OKAY",00000000,e,2,0,1,0,0,0,0,2,0,1,0,2,1,1,1,0,0,00000000,3,1,1,1,1,00000000,3,1,1,1,1,"No Read Addr Cmds","No Read Addr Cmds","No Write Addr Cmds","No Write Addr Cmds","No Write Responses","No Write Responses","_","_","Active","Active","_","_","Last Stream","Last Stream","No Write Data Beats","No Write Data Beats"
387,387,0,0,1,1,0,0,0,8e5ffe20afb76fe31ba56e5faf65c9d2,0,3b9a3d13b8d6963fae1d8dc05a6037b2,0,1,0,1,fc696b1d,ffffffdb,0,1,0,0,2,00000000,"FIXED",3,00,"Data Secure Unprivileged","1 byte",0,0,00000000,"INCR",3,00,"Data Secure Unprivileged","4 bytes",0,2,c08d1dae,"OKAY",00000000,0,2,1,0,0,0,0,0,0,0,2,0,1,3,1,1,0,2,0037e400,"INCR",3,ff,0,"Data Secure Unprivileged",0,"4 bytes",0,00000000,"FIXED",0,00,0,"Data Secure Unprivileged",0,"1 byte",0,"OKAY",2,133d9a3b,"OKAY",00000000,0,2,0,1,0,0,0,0,2,0,1,0,2,1,1,1,0,0,b237605a,3,f,0,0,0,00000000,3,1,0,0,1,"No Read Addr Cmds","No Read Addr Cmds","No Write Addr Cmds","No Write Addr Cmds","No Write Responses","No Write Responses","Active","_","_","_","Data Beat","_","_","_","No Write Data Beats","No Write Data Beats"
388,388,0,0,1,1,0,0,0,8e5ffe20afb76fe31ba56e5faf65c9d2,0,3b9a3d13b8d6963fae1d8dc05a6037b2,0,1,0,1,fc696b1d,ffffffdb,0,1,0,0,2,00000000,"FIXED",3,00,"Data Secure Unprivileged","1 byte",0,0,00000000,"INCR",3,00,"Data Secure Unprivileged","4 bytes",0,2,c08d1dae,"OKAY",00000000,0,2,1,0,0,0,0,0,0,0,2,0,1,2,0,1,0,2,0037e400,"INCR",3,ff,0,"Data Secure Unprivileged",0,"4 bytes",0,00000000,"FIXED",0,00,0,"Data Secure Unprivileged",0,"1 byte",0,"OKAY",2,133d9a3b,"OKAY",00000000,0,2,0,1,0,0,0,0,2,0,1,0,2,1,1,1,0,0,b237605a,3,f,1,0,0,00000000,3,1,0,0,1,"No Read Addr Cmds","No Read Addr Cmds","No Write Addr Cmds","No Write Addr Cmds","No Write Responses","No Write Responses","_","_","_","_","_","_","_","_","No Write Data Beats","No Write Data Beats"
389,389,0,0,1,1,0,0,0,8e5ffe20afb76fe31ba56e5faf65c9d2,0,3b9a3d13b8d6963fae1d8dc05a6037b2,0,1,0,1,fc696b1d,ffffffdb,0,1,0,0,2,00000000,"FIXED",3,00,"Data Secure Unprivileged","1 byte",0,0,00000000,"INCR",3,00,"Data Secure Unprivileged","4 bytes",0,2,c08d1dae,"OKAY",00000000,0,2,1,0,0,0,0,0,0,0,2,0,1,2,0,1,0,2,0037e400,"INCR",3,ff,0,"Data Secure Unprivileged",0,"4 bytes",0,00000000,"FIXED",0,00,0,"Data Secure Unprivileged",0,"1 byte",0,"OKAY",2,133d9a3b,"OKAY",00000000,0,2,0,1,0,0,0,0,2,0,1,0,2,1,1,1,0,0,b237605a,3,f,1,0,0,00000000,3,1,0,0,1,"No Read Addr Cmds","No Read Addr Cmds","No Write Addr Cmds","No Write Addr Cmds","No Write Responses","No Write Responses","_","_","_","_","_","_","_","_","No Write Data Beats","No Write Data Beats"
390,390,0,0,1,1,0,0,0,8e5ffe20afb76fe31ba56e5faf65c9d2,0,3b9a3d13b8d6963fae1d8dc05a6037b2,0,1,0,1,fc696b1d,ffffffdb,0,1,0,0,2,00000000,"FIXED",3,00,"Data Secure Unprivileged","1 byte",0,0,00000000,"INCR",3,00,"Data Secure Unprivileged","4 bytes",0,2,c08d1dae,"OKAY",00000000,0,2,1,0,0,0,0,0,0,0,2,0,1,2,0,1,0,2,0037e400,"INCR",3,ff,0,"Data Secure Unprivileged",0,"4 bytes",0,00000000,"FIXED",0,00,0,"Data Secure Unprivileged",0,"1 byte",0,"OKAY",2,133d9a3b,"OKAY",00000000,0,2,0,1,0,0,0,0,2,0,1,0,2,1,1,1,0,0,b237605a,3,f,1,1,0,b237605a,3,f,1,1,0,"No Read Addr Cmds","No Read Addr Cmds","No Write Addr Cmds","No Write Addr Cmds","No Write Responses","No Write Responses","_","_","Active","Active","_","_","Stream Beat","Stream Beat","No Write Data Beats","No Write Data Beats"
391,391,0,0,1,1,0,0,0,8e5ffe20afb76fe31ba56e5faf65c9d2,0,3b9a3d13b8d6963fae1d8dc05a6037b2,0,1,0,0,fc696b1d,ffffffdb,0,1,0,0,2,00000000,"FIXED",3,00,"Data Secure Unprivileged","1 byte",0,0,00000000,"INCR",3,00,"Data Secure Unprivileged","4 bytes",0,2,c08d1dae,"SLVERR",00000000,0,2,1,0,0,0,0,0,0,0,2,0,1,2,0,1,0,2,0037e400,"INCR",3,ff,0,"Data Secure Unprivileged",0,"4 bytes",0,00000000,"FIXED",0,00,0,"Data Secure Unprivileged",0,"1 byte",0,"OKAY",2,133d9a3b,"OKAY",00000000,a,2,0,1,4,0,0,1,2,0,1,0,2,1,1,3,1,0,00000000,3,1,1,0,1,b237605a,3,f,0,0,0,"No Read Addr Cmds","No Read Addr Cmds","No Write Addr Cmds","No Write Addr Cmds","No Write Responses","No Write Responses","_","Active","_","_","_","Data Beat","_","_","No Write Data Beats","No Write Data Beats"
392,392,0,0,1,1,0,0,0,8e5ffe20afb76fe31ba56e5faf65c9d2,0,3b9a3d13b8d6963fae1d8dc05a6037b2,0,1,0,1,03b1b875,ffffffdb,0,1,0,0,2,00000000,"FIXED",3,00,"Data Secure Unprivileged","1 byte",0,0,00000000,"INCR",3,00,"Data Secure Unprivileged","4 bytes",0,2,b237605a,"SLVERR",00000000,0,2,1,0,0,0,0,0,0,0,2,0,1,2,0,1,0,2,0037e400,"INCR",3,ff,0,"Data Secure Unprivileged",0,"4 bytes",0,00000000,"FIXED",0,00,0,"Data Secure Unprivileged",0,"1 byte",0,"OKAY",2,3f96d6b8,"OKAY",00000000,a,2,0,1,4,0,0,1,2,0,1,0,2,1,1,1,0,0,00000000,3,1,1,0,1,b237605a,3,f,0,0,0,"No Read Addr Cmds","No Read Addr Cmds","No Write Addr Cmds","No Write Addr Cmds","No Write Responses","No Write Responses","_","_","_","_","_","_","_","_","No Write Data Beats","No Write Data Beats"
393,393,0,0,1,1,0,0,0,8e5ffe20afb76fe31ba56e5faf65c9d2,0,3b9a3d13b8d6963fae1d8dc05a6037b2,0,1,0,1,03b1b875,ffffffdb,0,1,0,0,2,00000000,"FIXED",3,00,"Data Secure Unprivileged","1 byte",0,0,00000000,"INCR",3,00,"Data Secure Unprivileged","4 bytes",0,2,b237605a,"SLVERR",00000000,0,2,1,0,0,0,0,0,0,0,2,0,1,2,0,1,0,2,0037e400,"INCR",3,ff,0,"Data Secure Unprivileged",0,"4 bytes",0,00000000,"FIXED",0,00,0,"Data Secure Unprivileged",0,"1 byte",0,"OKAY",2,3f96d6b8,"OKAY",00000000,a,2,0,1,4,0,0,1,2,0,1,0,2,1,1,1,0,0,00000000,3,1,1,0,1,b237605a,3,f,0,0,0,"No Read Addr Cmds","No Read Addr Cmds","No Write Addr Cmds","No Write Addr Cmds","No Write Responses","No Write Responses","_","_","_","_","_","_","_","_","No Write Data Beats","No Write Data Beats"
394,394,0,0,1,1,0,0,0,8e5ffe20afb76fe31ba56e5faf65c9d2,0,3b9a3d13b8d6963fae1d8dc05a6037b2,0,1,0,1,03b1b875,ffffffdb,0,1,0,0,2,00000000,"FIXED",3,00,"Data Secure Unprivileged","1 byte",0,0,00000000,"INCR",3,00,"Data Secure Unprivileged","4 bytes",0,2,b237605a,"SLVERR",00000000,0,2,1,0,0,0,0,0,0,0,2,0,1,2,0,1,0,2,0037e400,"INCR",3,ff,0,"Data Secure Unprivileged",0,"4 bytes",0,00000000,"FIXED",0,00,0,"Data Secure Unprivileged",0,"1 byte",0,"OKAY",2,3f96d6b8,"OKAY",00000000,a,2,0,1,4,0,0,1,2,0,1,0,2,1,1,1,0,0,00000000,3,1,1,1,1,00000000,3,1,1,1,1,"No Read Addr Cmds","No Read Addr Cmds","No Write Addr Cmds","No Write Addr Cmds","No Write Responses","No Write Responses","_","_","Active","Active","_","_","Last Stream","Last Stream","No Write Data Beats","No Write Data Beats"
395,395,0,0,1,1,0,0,0,8e5ffe20afb76fe31ba56e5faf65c9d2,0,3b9a3d13b8d6963fae1d8dc05a6037b2,0,1,0,1,03b1b875,ffffffdb,0,1,0,0,2,00000000,"FIXED",3,00,"Data Secure Unprivileged","1 byte",0,0,00000000,"INCR",3,00,"Data Secure Unprivileged","4 bytes",0,2,b237605a,"OKAY",00000000,0,2,1,0,0,0,0,0,0,0,2,0,1,3,1,1,0,2,0037e400,"INCR",3,ff,0,"Data Secure Unprivileged",0,"4 bytes",0,00000000,"FIXED",0,00,0,"Data Secure Unprivileged",0,"1 byte",0,"OKAY",2,3f96d6b8,"OKAY",00000000,0,2,0,1,0,0,0,0,2,0,1,0,2,1,1,1,0,0,133d9a3b,3,f,0,0,0,00000000,3,1,0,0,1,"No Read Addr Cmds","No Read Addr Cmds","No Write Addr Cmds","No Write Addr Cmds","No Write Responses","No Write Responses","Active","_","_","_","Data Beat","_","_","_","No Write Data Beats","No Write Data Beats"
396,396,0,0,1,1,0,0,0,8e5ffe20afb76fe31ba56e5faf65c9d2,0,3b9a3d13b8d6963fae1d8dc05a6037b2,0,1,0,1,03b1b875,ffffffdb,0,1,0,0,2,00000000,"FIXED",3,00,"Data Secure Unprivileged","1 byte",0,0,00000000,"INCR",3,00,"Data Secure Unprivileged","4 bytes",0,2,b237605a,"OKAY",00000000,0,2,1,0,0,0,0,0,0,0,2,0,1,2,0,1,0,2,0037e400,"INCR",3,ff,0,"Data Secure Unprivileged",0,"4 bytes",0,00000000,"FIXED",0,00,0,"Data Secure Unprivileged",0,"1 byte",0,"OKAY",2,3f96d6b8,"OKAY",00000000,0,2,0,1,0,0,0,0,2,0,1,0,2,1,1,1,0,0,133d9a3b,3,f,1,0,0,00000000,3,1,0,0,1,"No Read Addr Cmds","No Read Addr Cmds","No Write Addr Cmds","No Write Addr Cmds","No Write Responses","No Write Responses","_","_","_","_","_","_","_","_","No Write Data Beats","No Write Data Beats"
397,397,0,0,1,1,0,0,0,8e5ffe20afb76fe31ba56e5faf65c9d2,0,3b9a3d13b8d6963fae1d8dc05a6037b2,0,1,0,1,03b1b875,ffffffdb,0,1,0,0,2,00000000,"FIXED",3,00,"Data Secure Unprivileged","1 byte",0,0,00000000,"INCR",3,00,"Data Secure Unprivileged","4 bytes",0,2,b237605a,"OKAY",00000000,0,2,1,0,0,0,0,0,0,0,2,0,1,2,0,1,0,2,0037e400,"INCR",3,ff,0,"Data Secure Unprivileged",0,"4 bytes",0,00000000,"FIXED",0,00,0,"Data Secure Unprivileged",0,"1 byte",0,"OKAY",2,3f96d6b8,"OKAY",00000000,0,2,0,1,0,0,0,0,2,0,1,0,2,1,1,1,0,0,133d9a3b,3,f,1,0,0,00000000,3,1,0,0,1,"No Read Addr Cmds","No Read Addr Cmds","No Write Addr Cmds","No Write Addr Cmds","No Write Responses","No Write Responses","_","_","_","_","_","_","_","_","No Write Data Beats","No Write Data Beats"
398,398,0,0,1,1,0,0,0,8e5ffe20afb76fe31ba56e5faf65c9d2,0,3b9a3d13b8d6963fae1d8dc05a6037b2,0,1,0,1,03b1b875,ffffffdb,0,1,0,0,2,00000000,"FIXED",3,00,"Data Secure Unprivileged","1 byte",0,0,00000000,"INCR",3,00,"Data Secure Unprivileged","4 bytes",0,2,b237605a,"OKAY",00000000,0,2,1,0,0,0,0,0,0,0,2,0,1,2,0,1,0,2,0037e400,"INCR",3,ff,0,"Data Secure Unprivileged",0,"4 bytes",0,00000000,"FIXED",0,00,0,"Data Secure Unprivileged",0,"1 byte",0,"OKAY",2,3f96d6b8,"OKAY",00000000,0,2,0,1,0,0,0,0,2,0,1,0,2,1,1,1,0,0,133d9a3b,3,f,1,1,0,133d9a3b,3,f,1,1,0,"No Read Addr Cmds","No Read Addr Cmds","No Write Addr Cmds","No Write Addr Cmds","No Write Responses","No Write Responses","_","_","Active","Active","_","_","Stream Beat","Stream Beat","No Write Data Beats","No Write Data Beats"
399,399,0,0,1,1,0,0,0,8e5ffe20afb76fe31ba56e5faf65c9d2,0,3b9a3d13b8d6963fae1d8dc05a6037b2,0,1,0,0,03b1b875,ffffffdb,0,1,0,0,2,00000000,"FIXED",3,00,"Data Secure Unprivileged","1 byte",0,0,00000000,"INCR",3,00,"Data Secure Unprivileged","4 bytes",0,2,b237605a,"DECERR",00000000,0,2,1,0,0,0,0,0,0,0,2,0,1,2,0,1,0,2,0037e400,"INCR",3,ff,0,"Data Secure Unprivileged",0,"4 bytes",0,00000000,"FIXED",0,00,0,"Data Secure Unprivileged",0,"1 byte",0,"OKAY",2,3f96d6b8,"OKAY",00000000,b,2,0,1,4,0,0,1,2,0,1,0,2,1,1,3,1,0,00000000,3,1,1,0,1,133d9a3b,3,f,0,0,0,"No Read Addr Cmds","No Read Addr Cmds","No Write Addr Cmds","No Write Addr Cmds","No Write Responses","No Write Responses","_","Active","_","_","_","Data Beat","_","_","No Write Data Beats","No Write Data Beats"
400,400,0,0,1,1,0,0,0,8e5ffe20afb76fe31ba56e5faf65c9d2,0,3b9a3d13b8d6963fae1d8dc05a6037b2,0,1,0,1,4dec065a,ffffffdb,0,1,0,0,2,00000000,"FIXED",3,00,"Data Secure Unprivileged","1 byte",0,0,00000000,"INCR",3,00,"Data Secure Unprivileged","4 bytes",0,2,133d9a3b,"DECERR",00000000,0,2,1,0,0,0,0,0,0,0,2,0,1,2,0,1,0,2,0037e400,"INCR",3,ff,0,"Data Secure Unprivileged",0,"4 bytes",0,00000000,"FIXED",0,00,0,"Data Secure Unprivileged",0,"1 byte",0,"OKAY",2,c08d1dae,"OKAY",00000000,b,2,0,1,4,0,0,1,2,0,1,0,2,1,1,1,0,0,00000000,3,1,1,0,1,133d9a3b,3,f,0,0,0,"No Read Addr Cmds","No Read Addr Cmds","No Write Addr Cmds","No Write Addr Cmds","No Write Responses","No Write Responses","_","_","_","_","_","_","_","_","No Write Data Beats","No Write Data Beats"
401,401,0,0,1,1,0,0,0,8e5ffe20afb76fe31ba56e5faf65c9d2,0,3b9a3d13b8d6963fae1d8dc05a6037b2,0,1,0,1,4dec065a,ffffffdb,0,1,0,0,2,00000000,"FIXED",3,00,"Data Secure Unprivileged","1 byte",0,0,00000000,"INCR",3,00,"Data Secure Unprivileged","4 bytes",0,2,133d9a3b,"DECERR",00000000,0,2,1,0,0,0,0,0,0,0,2,0,1,2,0,1,0,2,0037e400,"INCR",3,ff,0,"Data Secure Unprivileged",0,"4 bytes",0,00000000,"FIXED",0,00,0,"Data Secure Unprivileged",0,"1 byte",0,"OKAY",2,c08d1dae,"OKAY",00000000,b,2,0,1,4,0,0,1,2,0,1,0,2,1,1,1,0,0,00000000,3,1,1,0,1,133d9a3b,3,f,0,0,0,"No Read Addr Cmds","No Read Addr Cmds","No Write Addr Cmds","No Write Addr Cmds","No Write Responses","No Write Responses","_","_","_","_","_","_","_","_","No Write Data Beats","No Write Data Beats"
402,402,0,0,1,1,0,0,0,8e5ffe20afb76fe31ba56e5faf65c9d2,0,3b9a3d13b8d6963fae1d8dc05a6037b2,0,1,0,1,4dec065a,ffffffdb,0,1,0,0,2,00000000,"FIXED",3,00,"Data Secure Unprivileged","1 byte",0,0,00000000,"INCR",3,00,"Data Secure Unprivileged","4 bytes",0,2,133d9a3b,"DECERR",00000000,0,2,1,0,0,0,0,0,0,0,2,0,1,2,0,1,0,2,0037e400,"INCR",3,ff,0,"Data Secure Unprivileged",0,"4 bytes",0,00000000,"FIXED",0,00,0,"Data Secure Unprivileged",0,"1 byte",0,"OKAY",2,c08d1dae,"OKAY",00000000,b,2,0,1,4,0,0,1,2,0,1,0,2,1,1,1,0,0,00000000,3,1,1,1,1,00000000,3,1,1,1,1,"No Read Addr Cmds","No Read Addr Cmds","No Write Addr Cmds","No Write Addr Cmds","No Write Responses","No Write Responses","_","_","Active","Active","_","_","Last Stream","Last Stream","No Write Data Beats","No Write Data Beats"
403,403,0,0,1,1,0,0,0,8e5ffe20afb76fe31ba56e5faf65c9d2,0,3b9a3d13b8d6963fae1d8dc05a6037b2,0,1,0,1,4dec065a,ffffffdb,0,1,0,0,2,00000000,"FIXED",3,00,"Data Secure Unprivileged","1 byte",0,0,00000000,"INCR",3,00,"Data Secure Unprivileged","4 bytes",0,2,133d9a3b,"OKAY",00000000,0,2,1,0,0,0,0,0,0,0,2,0,1,3,1,1,0,2,0037e400,"INCR",3,ff,0,"Data Secure Unprivileged",0,"4 bytes",0,00000000,"FIXED",0,00,0,"Data Secure Unprivileged",0,"1 byte",0,"OKAY",2,c08d1dae,"OKAY",00000000,0,2,0,1,0,0,0,0,2,0,1,0,2,1,1,1,0,0,3f96d6b8,3,f,0,0,0,00000000,3,1,0,0,1,"No Read Addr Cmds","No Read Addr Cmds","No Write Addr Cmds","No Write Addr Cmds","No Write Responses","No Write Responses","Active","_","_","_","Data Beat","_","_","_","No Write Data Beats","No Write Data Beats"
404,404,0,0,1,1,0,0,0,8e5ffe20afb76fe31ba56e5faf65c9d2,0,3b9a3d13b8d6963fae1d8dc05a6037b2,0,1,0,1,4dec065a,ffffffdb,0,1,0,0,2,00000000,"FIXED",3,00,"Data Secure Unprivileged","1 byte",0,0,00000000,"INCR",3,00,"Data Secure Unprivileged","4 bytes",0,2,133d9a3b,"OKAY",00000000,0,2,1,0,0,0,0,0,0,0,2,0,1,2,0,1,0,2,0037e400,"INCR",3,ff,0,"Data Secure Unprivileged",0,"4 bytes",0,00000000,"FIXED",0,00,0,"Data Secure Unprivileged",0,"1 byte",0,"OKAY",2,c08d1dae,"OKAY",00000000,0,2,0,1,0,0,0,0,2,0,1,0,2,1,1,1,0,0,3f96d6b8,3,f,1,0,0,00000000,3,1,0,0,1,"No Read Addr Cmds","No Read Addr Cmds","No Write Addr Cmds","No Write Addr Cmds","No Write Responses","No Write Responses","_","_","_","_","_","_","_","_","No Write Data Beats","No Write Data Beats"
405,405,0,0,1,1,0,0,0,8e5ffe20afb76fe31ba56e5faf65c9d2,0,3b9a3d13b8d6963fae1d8dc05a6037b2,0,1,0,1,4dec065a,ffffffdb,0,1,0,0,2,00000000,"FIXED",3,00,"Data Secure Unprivileged","1 byte",0,0,00000000,"INCR",3,00,"Data Secure Unprivileged","4 bytes",0,2,133d9a3b,"OKAY",00000000,0,2,1,0,0,0,0,0,0,0,2,0,1,2,0,1,0,2,0037e400,"INCR",3,ff,0,"Data Secure Unprivileged",0,"4 bytes",0,00000000,"FIXED",0,00,0,"Data Secure Unprivileged",0,"1 byte",0,"OKAY",2,c08d1dae,"OKAY",00000000,0,2,0,1,0,0,0,0,2,0,1,0,2,1,1,1,0,0,3f96d6b8,3,f,1,0,0,00000000,3,1,0,0,1,"No Read Addr Cmds","No Read Addr Cmds","No Write Addr Cmds","No Write Addr Cmds","No Write Responses","No Write Responses","_","_","_","_","_","_","_","_","No Write Data Beats","No Write Data Beats"
406,406,0,0,1,1,0,0,0,8e5ffe20afb76fe31ba56e5faf65c9d2,0,3b9a3d13b8d6963fae1d8dc05a6037b2,0,1,0,1,4dec065a,ffffffdb,0,1,0,0,2,00000000,"FIXED",3,00,"Data Secure Unprivileged","1 byte",0,0,00000000,"INCR",3,00,"Data Secure Unprivileged","4 bytes",0,2,133d9a3b,"OKAY",00000000,0,2,1,0,0,0,0,0,0,0,2,0,1,2,0,1,0,2,0037e400,"INCR",3,ff,0,"Data Secure Unprivileged",0,"4 bytes",0,00000000,"FIXED",0,00,0,"Data Secure Unprivileged",0,"1 byte",0,"OKAY",2,c08d1dae,"OKAY",00000000,0,2,0,1,0,0,0,0,2,0,1,0,2,1,1,1,0,0,3f96d6b8,3,f,1,1,0,3f96d6b8,3,f,1,1,0,"No Read Addr Cmds","No Read Addr Cmds","No Write Addr Cmds","No Write Addr Cmds","No Write Responses","No Write Responses","_","_","Active","Active","_","_","Stream Beat","Stream Beat","No Write Data Beats","No Write Data Beats"
407,407,0,0,1,1,0,0,0,8e5ffe20afb76fe31ba56e5faf65c9d2,0,3b9a3d13b8d6963fae1d8dc05a6037b2,0,1,0,0,4dec065a,ffffffdb,0,1,0,0,2,00000000,"FIXED",3,00,"Data Secure Unprivileged","1 byte",0,0,00000000,"INCR",3,00,"Data Secure Unprivileged","4 bytes",0,2,133d9a3b,"OKAY",00000000,0,2,1,0,0,0,0,0,0,0,2,0,1,2,0,1,0,2,0037e400,"INCR",3,ff,0,"Data Secure Unprivileged",0,"4 bytes",0,00000000,"FIXED",0,00,0,"Data Secure Unprivileged",0,"1 byte",0,"OKAY",2,c08d1dae,"OKAY",00000000,8,2,0,1,4,0,0,1,2,0,1,0,2,1,1,3,1,0,00000000,3,1,1,0,1,3f96d6b8,3,f,0,0,0,"No Read Addr Cmds","No Read Addr Cmds","No Write Addr Cmds","No Write Addr Cmds","No Write Responses","No Write Responses","_","Active","_","_","_","Data Beat","_","_","No Write Data Beats","No Write Data Beats"
408,408,0,0,1,1,0,0,0,8e5ffe20afb76fe31ba56e5faf65c9d2,0,3b9a3d13b8d6963fae1d8dc05a6037b2,0,1,0,1,c8bc59dc,ffffffdb,0,1,0,0,2,00000000,"FIXED",3,00,"Data Secure Unprivileged","1 byte",0,0,00000000,"INCR",3,00,"Data Secure Unprivileged","4 bytes",0,2,3f96d6b8,"OKAY",00000000,0,2,1,0,0,0,0,0,0,0,2,0,1,2,0,1,0,2,0037e400,"INCR",3,ff,0,"Data Secure Unprivileged",0,"4 bytes",0,00000000,"FIXED",0,00,0,"Data Secure Unprivileged",0,"1 byte",0,"OKAY",2,b237605a,"OKAY",00000000,8,2,0,1,4,0,0,1,2,0,1,0,2,1,1,1,0,0,00000000,3,1,1,0,1,3f96d6b8,3,f,0,0,0,"No Read Addr Cmds","No Read Addr Cmds","No Write Addr Cmds","No Write Addr Cmds","No Write Responses","No Write Responses","_","_","_","_","_","_","_","_","No Write Data Beats","No Write Data Beats"
409,409,0,0,1,1,0,0,0,8e5ffe20afb76fe31ba56e5faf65c9d2,0,3b9a3d13b8d6963fae1d8dc05a6037b2,0,1,0,1,c8bc59dc,ffffffdb,0,1,0,0,2,00000000,"FIXED",3,00,"Data Secure Unprivileged","1 byte",0,0,00000000,"INCR",3,00,"Data Secure Unprivileged","4 bytes",0,2,3f96d6b8,"OKAY",00000000,0,2,1,0,0,0,0,0,0,0,2,0,1,2,0,1,0,2,0037e400,"INCR",3,ff,0,"Data Secure Unprivileged",0,"4 bytes",0,00000000,"FIXED",0,00,0,"Data Secure Unprivileged",0,"1 byte",0,"OKAY",2,b237605a,"OKAY",00000000,8,2,0,1,4,0,0,1,2,0,1,0,2,1,1,1,0,0,00000000,3,1,1,0,1,3f96d6b8,3,f,0,0,0,"No Read Addr Cmds","No Read Addr Cmds","No Write Addr Cmds","No Write Addr Cmds","No Write Responses","No Write Responses","_","_","_","_","_","_","_","_","No Write Data Beats","No Write Data Beats"
410,410,0,0,1,1,0,0,0,8e5ffe20afb76fe31ba56e5faf65c9d2,0,3b9a3d13b8d6963fae1d8dc05a6037b2,0,1,0,1,c8bc59dc,ffffffdb,0,1,0,0,2,00000000,"FIXED",3,00,"Data Secure Unprivileged","1 byte",0,0,00000000,"INCR",3,00,"Data Secure Unprivileged","4 bytes",0,2,3f96d6b8,"OKAY",00000000,0,2,1,0,0,0,0,0,0,0,2,0,1,2,0,1,0,2,0037e400,"INCR",3,ff,0,"Data Secure Unprivileged",0,"4 bytes",0,00000000,"FIXED",0,00,0,"Data Secure Unprivileged",0,"1 byte",0,"OKAY",2,b237605a,"OKAY",00000000,8,2,0,1,4,0,0,1,2,0,1,0,2,1,1,1,0,0,00000000,3,1,1,1,1,00000000,3,1,1,1,1,"No Read Addr Cmds","No Read Addr Cmds","No Write Addr Cmds","No Write Addr Cmds","No Write Responses","No Write Responses","_","_","Active","Active","_","_","Last Stream","Last Stream","No Write Data Beats","No Write Data Beats"
411,411,0,0,1,1,0,0,0,8e5ffe20afb76fe31ba56e5faf65c9d2,0,3b9a3d13b8d6963fae1d8dc05a6037b2,0,1,0,1,c8bc59dc,ffffffdb,0,1,0,0,2,00000000,"FIXED",3,00,"Data Secure Unprivileged","1 byte",0,0,00000000,"INCR",3,00,"Data Secure Unprivileged","4 bytes",0,2,3f96d6b8,"OKAY",00000000,0,2,1,0,0,0,0,0,0,0,2,0,1,3,1,1,0,2,0037e400,"INCR",3,ff,0,"Data Secure Unprivileged",0,"4 bytes",0,00000000,"FIXED",0,00,0,"Data Secure Unprivileged",0,"1 byte",0,"OKAY",2,b237605a,"OKAY",00000000,0,2,0,1,0,0,0,0,2,0,1,0,2,1,1,1,0,0,c08d1dae,3,f,0,0,0,00000000,3,1,0,0,1,"No Read Addr Cmds","No Read Addr Cmds","No Write Addr Cmds","No Write Addr Cmds","No Write Responses","No Write Responses","Active","_","_","_","Data Beat","_","_","_","No Write Data Beats","No Write Data Beats"
412,412,0,0,1,1,0,0,0,8e5ffe20afb76fe31ba56e5faf65c9d2,0,3b9a3d13b8d6963fae1d8dc05a6037b2,0,1,0,1,c8bc59dc,ffffffdb,0,1,0,0,2,00000000,"FIXED",3,00,"Data Secure Unprivileged","1 byte",0,0,00000000,"INCR",3,00,"Data Secure Unprivileged","4 bytes",0,2,3f96d6b8,"OKAY",00000000,0,2,1,0,0,0,0,0,0,0,2,0,1,2,0,1,0,2,0037e400,"INCR",3,ff,0,"Data Secure Unprivileged",0,"4 bytes",0,00000000,"FIXED",0,00,0,"Data Secure Unprivileged",0,"1 byte",0,"OKAY",2,b237605a,"OKAY",00000000,0,2,0,1,0,0,0,0,2,0,1,0,2,1,1,1,0,0,c08d1dae,3,f,1,0,0,00000000,3,1,0,0,1,"No Read Addr Cmds","No Read Addr Cmds","No Write Addr Cmds","No Write Addr Cmds","No Write Responses","No Write Responses","_","_","_","_","_","_","_","_","No Write Data Beats","No Write Data Beats"
413,413,0,0,1,1,0,0,0,8e5ffe20afb76fe31ba56e5faf65c9d2,0,3b9a3d13b8d6963fae1d8dc05a6037b2,0,1,0,1,c8bc59dc,ffffffdb,0,1,0,0,2,00000000,"FIXED",3,00,"Data Secure Unprivileged","1 byte",0,0,00000000,"INCR",3,00,"Data Secure Unprivileged","4 bytes",0,2,3f96d6b8,"OKAY",00000000,0,2,1,0,0,0,0,0,0,0,2,0,1,2,0,1,0,2,0037e400,"INCR",3,ff,0,"Data Secure Unprivileged",0,"4 bytes",0,00000000,"FIXED",0,00,0,"Data Secure Unprivileged",0,"1 byte",0,"OKAY",2,b237605a,"OKAY",00000000,0,2,0,1,0,0,0,0,2,0,1,0,2,1,1,1,0,0,c08d1dae,3,f,1,0,0,00000000,3,1,0,0,1,"No Read Addr Cmds","No Read Addr Cmds","No Write Addr Cmds","No Write Addr Cmds","No Write Responses","No Write Responses","_","_","_","_","_","_","_","_","No Write Data Beats","No Write Data Beats"
414,414,0,0,1,1,0,0,0,8e5ffe20afb76fe31ba56e5faf65c9d2,0,3b9a3d13b8d6963fae1d8dc05a6037b2,0,1,0,1,c8bc59dc,ffffffdb,0,1,0,0,2,00000000,"FIXED",3,00,"Data Secure Unprivileged","1 byte",0,0,00000000,"INCR",3,00,"Data Secure Unprivileged","4 bytes",0,2,3f96d6b8,"OKAY",00000000,0,2,1,0,0,0,0,0,0,0,2,0,1,2,0,1,0,2,0037e400,"INCR",3,ff,0,"Data Secure Unprivileged",0,"4 bytes",0,00000000,"FIXED",0,00,0,"Data Secure Unprivileged",0,"1 byte",0,"OKAY",2,b237605a,"OKAY",00000000,0,2,0,1,0,0,0,0,2,0,1,0,2,1,1,1,0,0,c08d1dae,3,f,1,1,0,c08d1dae,3,f,1,1,0,"No Read Addr Cmds","No Read Addr Cmds","No Write Addr Cmds","No Write Addr Cmds","No Write Responses","No Write Responses","_","_","Active","Active","_","_","Stream Beat","Stream Beat","No Write Data Beats","No Write Data Beats"
415,415,0,0,1,1,0,0,0,8e5ffe20afb76fe31ba56e5faf65c9d2,0,3b9a3d13b8d6963fae1d8dc05a6037b2,0,1,0,0,c8bc59dc,ffffffdb,0,1,0,0,2,00000000,"FIXED",3,00,"Data Secure Unprivileged","1 byte",0,0,00000000,"INCR",3,00,"Data Secure Unprivileged","4 bytes",0,2,3f96d6b8,"SLVERR",00000000,0,2,1,0,0,0,0,0,0,0,2,0,1,6,0,1,1,2,0037e400,"INCR",3,ff,0,"Data Secure Unprivileged",0,"4 bytes",0,00000000,"FIXED",0,00,0,"Data Secure Unprivileged",0,"1 byte",0,"OKAY",2,b237605a,"OKAY",00000000,e,2,0,1,0,0,0,0,2,0,1,0,2,1,1,3,1,0,00000000,3,1,1,0,1,c08d1dae,3,f,0,0,0,"No Read Addr Cmds","No Read Addr Cmds","No Write Addr Cmds","No Write Addr Cmds","No Write Responses","No Write Responses","_","Active","_","_","_","Data Beat","_","_","No Write Data Beats","No Write Data Beats"
416,416,0,0,1,1,0,0,0,8e5ffe20afb76fe31ba56e5faf65c9d2,0,3b9a3d13b8d6963fae1d8dc05a6037b2,0,1,0,1,fc696b1d,ffffffdb,0,1,0,0,2,00000000,"FIXED",3,00,"Data Secure Unprivileged","1 byte",0,0,00000000,"INCR",3,00,"Data Secure Unprivileged","4 bytes",0,2,c08d1dae,"SLVERR",00000000,0,2,1,0,0,0,0,0,0,0,2,0,1,6,0,1,1,2,0037e400,"INCR",3,ff,0,"Data Secure Unprivileged",0,"4 bytes",0,00000000,"FIXED",0,00,0,"Data Secure Unprivileged",0,"1 byte",0,"OKAY",2,133d9a3b,"OKAY",00000000,e,2,0,1,0,0,0,0,2,0,1,0,2,1,1,1,0,0,00000000,3,1,1,0,1,c08d1dae,3,f,0,0,0,"No Read Addr Cmds","No Read Addr Cmds","No Write Addr Cmds","No Write Addr Cmds","No Write Responses","No Write Responses","_","_","_","_","_","_","_","_","No Write Data Beats","No Write Data Beats"
417,417,0,0,1,1,0,0,0,8e5ffe20afb76fe31ba56e5faf65c9d2,0,3b9a3d13b8d6963fae1d8dc05a6037b2,0,1,0,1,fc696b1d,ffffffdb,0,1,0,0,2,00000000,"FIXED",3,00,"Data Secure Unprivileged","1 byte",0,0,00000000,"INCR",3,00,"Data Secure Unprivileged","4 bytes",0,2,c08d1dae,"SLVERR",00000000,0,2,1,0,0,0,0,0,0,0,2,0,1,6,0,1,1,2,0037e400,"INCR",3,ff,0,"Data Secure Unprivileged",0,"4 bytes",0,00000000,"FIXED",0,00,0,"Data Secure Unprivileged",0,"1 byte",0,"OKAY",2,133d9a3b,"OKAY",00000000,e,2,0,1,0,0,0,0,2,0,1,0,2,1,1,1,0,0,00000000,3,1,1,0,1,c08d1dae,3,f,0,0,0,"No Read Addr Cmds","No Read Addr Cmds","No Write Addr Cmds","No Write Addr Cmds","No Write Responses","No Write Responses","_","_","_","_","_","_","_","_","No Write Data Beats","No Write Data Beats"
418,418,0,0,1,1,0,0,0,8e5ffe20afb76fe31ba56e5faf65c9d2,0,3b9a3d13b8d6963fae1d8dc05a6037b2,0,1,0,1,fc696b1d,ffffffdb,0,1,0,0,2,00000000,"FIXED",3,00,"Data Secure Unprivileged","1 byte",0,0,00000000,"INCR",3,00,"Data Secure Unprivileged","4 bytes",0,2,c08d1dae,"SLVERR",00000000,0,2,1,0,0,0,0,0,0,0,2,0,1,6,0,1,1,2,0037e400,"INCR",3,ff,0,"Data Secure Unprivileged",0,"4 bytes",0,00000000,"FIXED",0,00,0,"Data Secure Unprivileged",0,"1 byte",0,"OKAY",2,133d9a3b,"OKAY",00000000,e,2,0,1,0,0,0,0,2,0,1,0,2,1,1,1,0,0,00000000,3,1,1,1,1,00000000,3,1,1,1,1,"No Read Addr Cmds","No Read Addr Cmds","No Write Addr Cmds","No Write Addr Cmds","No Write Responses","No Write Responses","_","_","Active","Active","_","_","Last Stream","Last Stream","No Write Data Beats","No Write Data Beats"
419,419,0,0,1,1,0,0,0,8e5ffe20afb76fe31ba56e5faf65c9d2,0,3b9a3d13b8d6963fae1d8dc05a6037b2,0,1,0,1,fc696b1d,ffffffdb,0,1,0,0,2,00000000,"FIXED",3,00,"Data Secure Unprivileged","1 byte",0,0,00000000,"INCR",3,00,"Data Secure Unprivileged","4 bytes",0,2,c08d1dae,"OKAY",00000000,0,2,1,0,0,0,0,0,0,0,2,0,1,3,1,1,0,2,0037e400,"INCR",3,ff,0,"Data Secure Unprivileged",0,"4 bytes",0,00000000,"FIXED",0,00,0,"Data Secure Unprivileged",0,"1 byte",0,"OKAY",2,133d9a3b,"OKAY",00000000,0,2,0,1,0,0,0,0,2,0,1,0,2,1,1,1,0,0,b237605a,3,f,0,0,0,00000000,3,1,0,0,1,"No Read Addr Cmds","No Read Addr Cmds","No Write Addr Cmds","No Write Addr Cmds","No Write Responses","No Write Responses","Active","_","_","_","Data Beat","_","_","_","No Write Data Beats","No Write Data Beats"
420,420,0,0,1,1,0,0,0,8e5ffe20afb76fe31ba56e5faf65c9d2,0,3b9a3d13b8d6963fae1d8dc05a6037b2,0,1,0,1,fc696b1d,ffffffdb,0,1,0,0,2,00000000,"FIXED",3,00,"Data Secure Unprivileged","1 byte",0,0,00000000,"INCR",3,00,"Data Secure Unprivileged","4 bytes",0,2,c08d1dae,"OKAY",00000000,0,2,1,0,0,0,0,0,0,0,2,0,1,2,0,1,0,2,0037e400,"INCR",3,ff,0,"Data Secure Unprivileged",0,"4 bytes",0,00000000,"FIXED",0,00,0,"Data Secure Unprivileged",0,"1 byte",0,"OKAY",2,133d9a3b,"OKAY",00000000,0,2,0,1,0,0,0,0,2,0,1,0,2,1,1,1,0,0,b237605a,3,f,1,0,0,00000000,3,1,0,0,1,"No Read Addr Cmds","No Read Addr Cmds","No Write Addr Cmds","No Write Addr Cmds","No Write Responses","No Write Responses","_","_","_","_","_","_","_","_","No Write Data Beats","No Write Data Beats"
421,421,0,0,1,1,0,0,0,8e5ffe20afb76fe31ba56e5faf65c9d2,0,3b9a3d13b8d6963fae1d8dc05a6037b2,0,1,0,1,fc696b1d,ffffffdb,0,1,0,0,2,00000000,"FIXED",3,00,"Data Secure Unprivileged","1 byte",0,0,00000000,"INCR",3,00,"Data Secure Unprivileged","4 bytes",0,2,c08d1dae,"OKAY",00000000,0,2,1,0,0,0,0,0,0,0,2,0,1,2,0,1,0,2,0037e400,"INCR",3,ff,0,"Data Secure Unprivileged",0,"4 bytes",0,00000000,"FIXED",0,00,0,"Data Secure Unprivileged",0,"1 byte",0,"OKAY",2,133d9a3b,"OKAY",00000000,0,2,0,1,0,0,0,0,2,0,1,0,2,1,1,1,0,0,b237605a,3,f,1,0,0,00000000,3,1,0,0,1,"No Read Addr Cmds","No Read Addr Cmds","No Write Addr Cmds","No Write Addr Cmds","No Write Responses","No Write Responses","_","_","_","_","_","_","_","_","No Write Data Beats","No Write Data Beats"
422,422,0,0,1,1,0,0,0,8e5ffe20afb76fe31ba56e5faf65c9d2,0,3b9a3d13b8d6963fae1d8dc05a6037b2,0,1,0,1,fc696b1d,ffffffdb,0,1,0,0,2,00000000,"FIXED",3,00,"Data Secure Unprivileged","1 byte",0,0,00000000,"INCR",3,00,"Data Secure Unprivileged","4 bytes",0,2,c08d1dae,"OKAY",00000000,0,2,1,0,0,0,0,0,0,0,2,0,1,2,0,1,0,2,0037e400,"INCR",3,ff,0,"Data Secure Unprivileged",0,"4 bytes",0,00000000,"FIXED",0,00,0,"Data Secure Unprivileged",0,"1 byte",0,"OKAY",2,133d9a3b,"OKAY",00000000,0,2,0,1,0,0,0,0,2,0,1,0,2,1,1,1,0,0,b237605a,3,f,1,1,0,b237605a,3,f,1,1,0,"No Read Addr Cmds","No Read Addr Cmds","No Write Addr Cmds","No Write Addr Cmds","No Write Responses","No Write Responses","_","_","Active","Active","_","_","Stream Beat","Stream Beat","No Write Data Beats","No Write Data Beats"
423,423,0,0,1,1,0,0,0,8e5ffe20afb76fe31ba56e5faf65c9d2,0,3b9a3d13b8d6963fae1d8dc05a6037b2,0,1,0,0,fc696b1d,ffffffdb,0,1,0,0,2,00000000,"FIXED",3,00,"Data Secure Unprivileged","1 byte",0,0,00000000,"INCR",3,00,"Data Secure Unprivileged","4 bytes",0,2,c08d1dae,"SLVERR",00000000,0,2,1,0,0,0,0,0,0,0,2,0,1,2,0,1,0,2,0037e400,"INCR",3,ff,0,"Data Secure Unprivileged",0,"4 bytes",0,00000000,"FIXED",0,00,0,"Data Secure Unprivileged",0,"1 byte",0,"OKAY",2,133d9a3b,"OKAY",00000000,a,2,0,1,4,0,0,1,2,0,1,0,2,1,1,3,1,0,00000000,3,1,1,0,1,b237605a,3,f,0,0,0,"No Read Addr Cmds","No Read Addr Cmds","No Write Addr Cmds","No Write Addr Cmds","No Write Responses","No Write Responses","_","Active","_","_","_","Data Beat","_","_","No Write Data Beats","No Write Data Beats"
424,424,0,0,1,1,0,0,0,8e5ffe20afb76fe31ba56e5faf65c9d2,0,3b9a3d13b8d6963fae1d8dc05a6037b2,0,1,0,1,03b1b875,ffffffdb,0,1,0,0,2,00000000,"FIXED",3,00,"Data Secure Unprivileged","1 byte",0,0,00000000,"INCR",3,00,"Data Secure Unprivileged","4 bytes",0,2,b237605a,"SLVERR",00000000,0,2,1,0,0,0,0,0,0,0,2,0,1,2,0,1,0,2,0037e400,"INCR",3,ff,0,"Data Secure Unprivileged",0,"4 bytes",0,00000000,"FIXED",0,00,0,"Data Secure Unprivileged",0,"1 byte",0,"OKAY",2,3f96d6b8,"OKAY",00000000,a,2,0,1,4,0,0,1,2,0,1,0,2,1,1,1,0,0,00000000,3,1,1,0,1,b237605a,3,f,0,0,0,"No Read Addr Cmds","No Read Addr Cmds","No Write Addr Cmds","No Write Addr Cmds","No Write Responses","No Write Responses","_","_","_","_","_","_","_","_","No Write Data Beats","No Write Data Beats"
425,425,0,0,1,1,0,0,0,8e5ffe20afb76fe31ba56e5faf65c9d2,0,3b9a3d13b8d6963fae1d8dc05a6037b2,0,1,0,1,03b1b875,ffffffdb,0,1,0,0,2,00000000,"FIXED",3,00,"Data Secure Unprivileged","1 byte",0,0,00000000,"INCR",3,00,"Data Secure Unprivileged","4 bytes",0,2,b237605a,"SLVERR",00000000,0,2,1,0,0,0,0,0,0,0,2,0,1,2,0,1,0,2,0037e400,"INCR",3,ff,0,"Data Secure Unprivileged",0,"4 bytes",0,00000000,"FIXED",0,00,0,"Data Secure Unprivileged",0,"1 byte",0,"OKAY",2,3f96d6b8,"OKAY",00000000,a,2,0,1,4,0,0,1,2,0,1,0,2,1,1,1,0,0,00000000,3,1,1,0,1,b237605a,3,f,0,0,0,"No Read Addr Cmds","No Read Addr Cmds","No Write Addr Cmds","No Write Addr Cmds","No Write Responses","No Write Responses","_","_","_","_","_","_","_","_","No Write Data Beats","No Write Data Beats"
426,426,0,0,1,1,0,0,0,8e5ffe20afb76fe31ba56e5faf65c9d2,0,3b9a3d13b8d6963fae1d8dc05a6037b2,0,1,0,1,03b1b875,ffffffdb,0,1,0,0,2,00000000,"FIXED",3,00,"Data Secure Unprivileged","1 byte",0,0,00000000,"INCR",3,00,"Data Secure Unprivileged","4 bytes",0,2,b237605a,"SLVERR",00000000,0,2,1,0,0,0,0,0,0,0,2,0,1,2,0,1,0,2,0037e400,"INCR",3,ff,0,"Data Secure Unprivileged",0,"4 bytes",0,00000000,"FIXED",0,00,0,"Data Secure Unprivileged",0,"1 byte",0,"OKAY",2,3f96d6b8,"OKAY",00000000,a,2,0,1,4,0,0,1,2,0,1,0,2,1,1,1,0,0,00000000,3,1,1,1,1,00000000,3,1,1,1,1,"No Read Addr Cmds","No Read Addr Cmds","No Write Addr Cmds","No Write Addr Cmds","No Write Responses","No Write Responses","_","_","Active","Active","_","_","Last Stream","Last Stream","No Write Data Beats","No Write Data Beats"
427,427,0,0,1,1,0,0,0,8e5ffe20afb76fe31ba56e5faf65c9d2,0,3b9a3d13b8d6963fae1d8dc05a6037b2,0,1,0,1,03b1b875,ffffffdb,0,1,0,0,2,00000000,"FIXED",3,00,"Data Secure Unprivileged","1 byte",0,0,00000000,"INCR",3,00,"Data Secure Unprivileged","4 bytes",0,2,b237605a,"OKAY",00000000,0,2,1,0,0,0,0,0,0,0,2,0,1,3,1,1,0,2,0037e400,"INCR",3,ff,0,"Data Secure Unprivileged",0,"4 bytes",0,00000000,"FIXED",0,00,0,"Data Secure Unprivileged",0,"1 byte",0,"OKAY",2,3f96d6b8,"OKAY",00000000,0,2,0,1,0,0,0,0,2,0,1,0,2,1,1,1,0,0,133d9a3b,3,f,0,0,0,00000000,3,1,0,0,1,"No Read Addr Cmds","No Read Addr Cmds","No Write Addr Cmds","No Write Addr Cmds","No Write Responses","No Write Responses","Active","_","_","_","Data Beat","_","_","_","No Write Data Beats","No Write Data Beats"
428,428,0,0,1,1,0,0,0,8e5ffe20afb76fe31ba56e5faf65c9d2,0,3b9a3d13b8d6963fae1d8dc05a6037b2,0,1,0,1,03b1b875,ffffffdb,0,1,0,0,2,00000000,"FIXED",3,00,"Data Secure Unprivileged","1 byte",0,0,00000000,"INCR",3,00,"Data Secure Unprivileged","4 bytes",0,2,b237605a,"OKAY",00000000,0,2,1,0,0,0,0,0,0,0,2,0,1,2,0,1,0,2,0037e400,"INCR",3,ff,0,"Data Secure Unprivileged",0,"4 bytes",0,00000000,"FIXED",0,00,0,"Data Secure Unprivileged",0,"1 byte",0,"OKAY",2,3f96d6b8,"OKAY",00000000,0,2,0,1,0,0,0,0,2,0,1,0,2,1,1,1,0,0,133d9a3b,3,f,1,0,0,00000000,3,1,0,0,1,"No Read Addr Cmds","No Read Addr Cmds","No Write Addr Cmds","No Write Addr Cmds","No Write Responses","No Write Responses","_","_","_","_","_","_","_","_","No Write Data Beats","No Write Data Beats"
429,429,0,0,1,1,0,0,0,8e5ffe20afb76fe31ba56e5faf65c9d2,0,3b9a3d13b8d6963fae1d8dc05a6037b2,0,1,0,1,03b1b875,ffffffdb,0,1,0,0,2,00000000,"FIXED",3,00,"Data Secure Unprivileged","1 byte",0,0,00000000,"INCR",3,00,"Data Secure Unprivileged","4 bytes",0,2,b237605a,"OKAY",00000000,0,2,1,0,0,0,0,0,0,0,2,0,1,2,0,1,0,2,0037e400,"INCR",3,ff,0,"Data Secure Unprivileged",0,"4 bytes",0,00000000,"FIXED",0,00,0,"Data Secure Unprivileged",0,"1 byte",0,"OKAY",2,3f96d6b8,"OKAY",00000000,0,2,0,1,0,0,0,0,2,0,1,0,2,1,1,1,0,0,133d9a3b,3,f,1,0,0,00000000,3,1,0,0,1,"No Read Addr Cmds","No Read Addr Cmds","No Write Addr Cmds","No Write Addr Cmds","No Write Responses","No Write Responses","_","_","_","_","_","_","_","_","No Write Data Beats","No Write Data Beats"
430,430,0,0,1,1,0,0,0,8e5ffe20afb76fe31ba56e5faf65c9d2,0,3b9a3d13b8d6963fae1d8dc05a6037b2,0,1,0,1,03b1b875,ffffffdb,0,1,0,0,2,00000000,"FIXED",3,00,"Data Secure Unprivileged","1 byte",0,0,00000000,"INCR",3,00,"Data Secure Unprivileged","4 bytes",0,2,b237605a,"OKAY",00000000,0,2,1,0,0,0,0,0,0,0,2,0,1,2,0,1,0,2,0037e400,"INCR",3,ff,0,"Data Secure Unprivileged",0,"4 bytes",0,00000000,"FIXED",0,00,0,"Data Secure Unprivileged",0,"1 byte",0,"OKAY",2,3f96d6b8,"OKAY",00000000,0,2,0,1,0,0,0,0,2,0,1,0,2,1,1,1,0,0,133d9a3b,3,f,1,1,0,133d9a3b,3,f,1,1,0,"No Read Addr Cmds","No Read Addr Cmds","No Write Addr Cmds","No Write Addr Cmds","No Write Responses","No Write Responses","_","_","Active","Active","_","_","Stream Beat","Stream Beat","No Write Data Beats","No Write Data Beats"
431,431,0,0,1,1,0,0,0,8e5ffe20afb76fe31ba56e5faf65c9d2,0,3b9a3d13b8d6963fae1d8dc05a6037b2,0,1,0,0,03b1b875,ffffffdb,0,1,0,0,2,00000000,"FIXED",3,00,"Data Secure Unprivileged","1 byte",0,0,00000000,"INCR",3,00,"Data Secure Unprivileged","4 bytes",0,2,b237605a,"DECERR",00000000,0,2,1,0,0,0,0,0,0,0,2,0,1,2,0,1,0,2,0037e400,"INCR",3,ff,0,"Data Secure Unprivileged",0,"4 bytes",0,00000000,"FIXED",0,00,0,"Data Secure Unprivileged",0,"1 byte",0,"OKAY",2,3f96d6b8,"OKAY",00000000,b,2,0,1,4,0,0,1,2,0,1,0,2,1,1,3,1,0,00000000,3,1,1,0,1,133d9a3b,3,f,0,0,0,"No Read Addr Cmds","No Read Addr Cmds","No Write Addr Cmds","No Write Addr Cmds","No Write Responses","No Write Responses","_","Active","_","_","_","Data Beat","_","_","No Write Data Beats","No Write Data Beats"
432,432,0,0,1,1,0,0,0,8e5ffe20afb76fe31ba56e5faf65c9d2,0,3b9a3d13b8d6963fae1d8dc05a6037b2,0,1,0,1,4dec065a,ffffffdb,0,1,0,0,2,00000000,"FIXED",3,00,"Data Secure Unprivileged","1 byte",0,0,00000000,"INCR",3,00,"Data Secure Unprivileged","4 bytes",0,2,133d9a3b,"DECERR",00000000,0,2,1,0,0,0,0,0,0,0,2,0,1,2,0,1,0,2,0037e400,"INCR",3,ff,0,"Data Secure Unprivileged",0,"4 bytes",0,00000000,"FIXED",0,00,0,"Data Secure Unprivileged",0,"1 byte",0,"OKAY",2,c08d1dae,"OKAY",00000000,b,2,0,1,4,0,0,1,2,0,1,0,2,1,1,1,0,0,00000000,3,1,1,0,1,133d9a3b,3,f,0,0,0,"No Read Addr Cmds","No Read Addr Cmds","No Write Addr Cmds","No Write Addr Cmds","No Write Responses","No Write Responses","_","_","_","_","_","_","_","_","No Write Data Beats","No Write Data Beats"
433,433,0,0,1,1,0,0,0,8e5ffe20afb76fe31ba56e5faf65c9d2,0,3b9a3d13b8d6963fae1d8dc05a6037b2,0,1,0,1,4dec065a,ffffffdb,0,1,0,0,2,00000000,"FIXED",3,00,"Data Secure Unprivileged","1 byte",0,0,00000000,"INCR",3,00,"Data Secure Unprivileged","4 bytes",0,2,133d9a3b,"DECERR",00000000,0,2,1,0,0,0,0,0,0,0,2,0,1,2,0,1,0,2,0037e400,"INCR",3,ff,0,"Data Secure Unprivileged",0,"4 bytes",0,00000000,"FIXED",0,00,0,"Data Secure Unprivileged",0,"1 byte",0,"OKAY",2,c08d1dae,"OKAY",00000000,b,2,0,1,4,0,0,1,2,0,1,0,2,1,1,1,0,0,00000000,3,1,1,0,1,133d9a3b,3,f,0,0,0,"No Read Addr Cmds","No Read Addr Cmds","No Write Addr Cmds","No Write Addr Cmds","No Write Responses","No Write Responses","_","_","_","_","_","_","_","_","No Write Data Beats","No Write Data Beats"
434,434,0,0,1,1,0,0,0,8e5ffe20afb76fe31ba56e5faf65c9d2,0,3b9a3d13b8d6963fae1d8dc05a6037b2,0,1,0,1,4dec065a,ffffffdb,0,1,0,0,2,00000000,"FIXED",3,00,"Data Secure Unprivileged","1 byte",0,0,00000000,"INCR",3,00,"Data Secure Unprivileged","4 bytes",0,2,133d9a3b,"DECERR",00000000,0,2,1,0,0,0,0,0,0,0,2,0,1,2,0,1,0,2,0037e400,"INCR",3,ff,0,"Data Secure Unprivileged",0,"4 bytes",0,00000000,"FIXED",0,00,0,"Data Secure Unprivileged",0,"1 byte",0,"OKAY",2,c08d1dae,"OKAY",00000000,b,2,0,1,4,0,0,1,2,0,1,0,2,1,1,1,0,0,00000000,3,1,1,1,1,00000000,3,1,1,1,1,"No Read Addr Cmds","No Read Addr Cmds","No Write Addr Cmds","No Write Addr Cmds","No Write Responses","No Write Responses","_","_","Active","Active","_","_","Last Stream","Last Stream","No Write Data Beats","No Write Data Beats"
435,435,0,0,1,1,0,0,0,8e5ffe20afb76fe31ba56e5faf65c9d2,0,3b9a3d13b8d6963fae1d8dc05a6037b2,0,1,0,1,4dec065a,ffffffdb,0,1,0,0,2,00000000,"FIXED",3,00,"Data Secure Unprivileged","1 byte",0,0,00000000,"INCR",3,00,"Data Secure Unprivileged","4 bytes",0,2,133d9a3b,"OKAY",00000000,0,2,1,0,0,0,0,0,0,0,2,0,1,3,1,1,0,2,0037e400,"INCR",3,ff,0,"Data Secure Unprivileged",0,"4 bytes",0,00000000,"FIXED",0,00,0,"Data Secure Unprivileged",0,"1 byte",0,"OKAY",2,c08d1dae,"OKAY",00000000,0,2,0,1,0,0,0,0,2,0,1,0,2,1,1,1,0,0,3f96d6b8,3,f,0,0,0,00000000,3,1,0,0,1,"No Read Addr Cmds","No Read Addr Cmds","No Write Addr Cmds","No Write Addr Cmds","No Write Responses","No Write Responses","Active","_","_","_","Data Beat","_","_","_","No Write Data Beats","No Write Data Beats"
436,436,0,0,1,1,0,0,0,8e5ffe20afb76fe31ba56e5faf65c9d2,0,3b9a3d13b8d6963fae1d8dc05a6037b2,0,1,0,1,4dec065a,ffffffdb,0,1,0,0,2,00000000,"FIXED",3,00,"Data Secure Unprivileged","1 byte",0,0,00000000,"INCR",3,00,"Data Secure Unprivileged","4 bytes",0,2,133d9a3b,"OKAY",00000000,0,2,1,0,0,0,0,0,0,0,2,0,1,2,0,1,0,2,0037e400,"INCR",3,ff,0,"Data Secure Unprivileged",0,"4 bytes",0,00000000,"FIXED",0,00,0,"Data Secure Unprivileged",0,"1 byte",0,"OKAY",2,c08d1dae,"OKAY",00000000,0,2,0,1,0,0,0,0,2,0,1,0,2,1,1,1,0,0,3f96d6b8,3,f,1,0,0,00000000,3,1,0,0,1,"No Read Addr Cmds","No Read Addr Cmds","No Write Addr Cmds","No Write Addr Cmds","No Write Responses","No Write Responses","_","_","_","_","_","_","_","_","No Write Data Beats","No Write Data Beats"
437,437,0,0,1,1,0,0,0,8e5ffe20afb76fe31ba56e5faf65c9d2,0,3b9a3d13b8d6963fae1d8dc05a6037b2,0,1,0,1,4dec065a,ffffffdb,0,1,0,0,2,00000000,"FIXED",3,00,"Data Secure Unprivileged","1 byte",0,0,00000000,"INCR",3,00,"Data Secure Unprivileged","4 bytes",0,2,133d9a3b,"OKAY",00000000,0,2,1,0,0,0,0,0,0,0,2,0,1,2,0,1,0,2,0037e400,"INCR",3,ff,0,"Data Secure Unprivileged",0,"4 bytes",0,00000000,"FIXED",0,00,0,"Data Secure Unprivileged",0,"1 byte",0,"OKAY",2,c08d1dae,"OKAY",00000000,0,2,0,1,0,0,0,0,2,0,1,0,2,1,1,1,0,0,3f96d6b8,3,f,1,0,0,00000000,3,1,0,0,1,"No Read Addr Cmds","No Read Addr Cmds","No Write Addr Cmds","No Write Addr Cmds","No Write Responses","No Write Responses","_","_","_","_","_","_","_","_","No Write Data Beats","No Write Data Beats"
438,438,0,0,1,1,0,0,0,8e5ffe20afb76fe31ba56e5faf65c9d2,0,3b9a3d13b8d6963fae1d8dc05a6037b2,0,1,0,1,4dec065a,ffffffdb,0,1,0,0,2,00000000,"FIXED",3,00,"Data Secure Unprivileged","1 byte",0,0,00000000,"INCR",3,00,"Data Secure Unprivileged","4 bytes",0,2,133d9a3b,"OKAY",00000000,0,2,1,0,0,0,0,0,0,0,2,0,1,2,0,1,0,2,0037e400,"INCR",3,ff,0,"Data Secure Unprivileged",0,"4 bytes",0,00000000,"FIXED",0,00,0,"Data Secure Unprivileged",0,"1 byte",0,"OKAY",2,c08d1dae,"OKAY",00000000,0,2,0,1,0,0,0,0,2,0,1,0,2,1,1,1,0,0,3f96d6b8,3,f,1,1,0,3f96d6b8,3,f,1,1,0,"No Read Addr Cmds","No Read Addr Cmds","No Write Addr Cmds","No Write Addr Cmds","No Write Responses","No Write Responses","_","_","Active","Active","_","_","Stream Beat","Stream Beat","No Write Data Beats","No Write Data Beats"
439,439,0,0,1,1,0,0,0,8e5ffe20afb76fe31ba56e5faf65c9d2,0,3b9a3d13b8d6963fae1d8dc05a6037b2,0,1,0,0,4dec065a,ffffffdb,0,1,0,0,2,00000000,"FIXED",3,00,"Data Secure Unprivileged","1 byte",0,0,00000000,"INCR",3,00,"Data Secure Unprivileged","4 bytes",0,2,133d9a3b,"OKAY",00000000,0,2,1,0,0,0,0,0,0,0,2,0,1,2,0,1,0,2,0037e400,"INCR",3,ff,0,"Data Secure Unprivileged",0,"4 bytes",0,00000000,"FIXED",0,00,0,"Data Secure Unprivileged",0,"1 byte",0,"OKAY",2,c08d1dae,"OKAY",00000000,8,2,0,1,4,0,0,1,2,0,1,0,2,1,1,3,1,0,00000000,3,1,1,0,1,3f96d6b8,3,f,0,0,0,"No Read Addr Cmds","No Read Addr Cmds","No Write Addr Cmds","No Write Addr Cmds","No Write Responses","No Write Responses","_","Active","_","_","_","Data Beat","_","_","No Write Data Beats","No Write Data Beats"
440,440,0,0,1,1,0,0,0,8e5ffe20afb76fe31ba56e5faf65c9d2,0,3b9a3d13b8d6963fae1d8dc05a6037b2,0,1,0,1,c8bc59dc,ffffffdb,0,1,0,0,2,00000000,"FIXED",3,00,"Data Secure Unprivileged","1 byte",0,0,00000000,"INCR",3,00,"Data Secure Unprivileged","4 bytes",0,2,3f96d6b8,"OKAY",00000000,0,2,1,0,0,0,0,0,0,0,2,0,1,2,0,1,0,2,0037e400,"INCR",3,ff,0,"Data Secure Unprivileged",0,"4 bytes",0,00000000,"FIXED",0,00,0,"Data Secure Unprivileged",0,"1 byte",0,"OKAY",2,b237605a,"OKAY",00000000,8,2,0,1,4,0,0,1,2,0,1,0,2,1,1,1,0,0,00000000,3,1,1,0,1,3f96d6b8,3,f,0,0,0,"No Read Addr Cmds","No Read Addr Cmds","No Write Addr Cmds","No Write Addr Cmds","No Write Responses","No Write Responses","_","_","_","_","_","_","_","_","No Write Data Beats","No Write Data Beats"
441,441,0,0,1,1,0,0,0,8e5ffe20afb76fe31ba56e5faf65c9d2,0,3b9a3d13b8d6963fae1d8dc05a6037b2,0,1,0,1,c8bc59dc,ffffffdb,0,1,0,0,2,00000000,"FIXED",3,00,"Data Secure Unprivileged","1 byte",0,0,00000000,"INCR",3,00,"Data Secure Unprivileged","4 bytes",0,2,3f96d6b8,"OKAY",00000000,0,2,1,0,0,0,0,0,0,0,2,0,1,2,0,1,0,2,0037e400,"INCR",3,ff,0,"Data Secure Unprivileged",0,"4 bytes",0,00000000,"FIXED",0,00,0,"Data Secure Unprivileged",0,"1 byte",0,"OKAY",2,b237605a,"OKAY",00000000,8,2,0,1,4,0,0,1,2,0,1,0,2,1,1,1,0,0,00000000,3,1,1,0,1,3f96d6b8,3,f,0,0,0,"No Read Addr Cmds","No Read Addr Cmds","No Write Addr Cmds","No Write Addr Cmds","No Write Responses","No Write Responses","_","_","_","_","_","_","_","_","No Write Data Beats","No Write Data Beats"
442,442,0,0,1,1,0,0,0,8e5ffe20afb76fe31ba56e5faf65c9d2,0,3b9a3d13b8d6963fae1d8dc05a6037b2,0,1,0,1,c8bc59dc,ffffffdb,0,1,0,0,2,00000000,"FIXED",3,00,"Data Secure Unprivileged","1 byte",0,0,00000000,"INCR",3,00,"Data Secure Unprivileged","4 bytes",0,2,3f96d6b8,"OKAY",00000000,0,2,1,0,0,0,0,0,0,0,2,0,1,2,0,1,0,2,0037e400,"INCR",3,ff,0,"Data Secure Unprivileged",0,"4 bytes",0,00000000,"FIXED",0,00,0,"Data Secure Unprivileged",0,"1 byte",0,"OKAY",2,b237605a,"OKAY",00000000,8,2,0,1,4,0,0,1,2,0,1,0,2,1,1,1,0,0,00000000,3,1,1,1,1,00000000,3,1,1,1,1,"No Read Addr Cmds","No Read Addr Cmds","No Write Addr Cmds","No Write Addr Cmds","No Write Responses","No Write Responses","_","_","Active","Active","_","_","Last Stream","Last Stream","No Write Data Beats","No Write Data Beats"
443,443,0,0,1,1,0,0,0,8e5ffe20afb76fe31ba56e5faf65c9d2,0,3b9a3d13b8d6963fae1d8dc05a6037b2,0,1,0,1,c8bc59dc,ffffffdb,0,1,0,0,2,00000000,"FIXED",3,00,"Data Secure Unprivileged","1 byte",0,0,00000000,"INCR",3,00,"Data Secure Unprivileged","4 bytes",0,2,3f96d6b8,"OKAY",00000000,0,2,1,0,0,0,0,0,0,0,2,0,1,3,1,1,0,2,0037e400,"INCR",3,ff,0,"Data Secure Unprivileged",0,"4 bytes",0,00000000,"FIXED",0,00,0,"Data Secure Unprivileged",0,"1 byte",0,"OKAY",2,b237605a,"OKAY",00000000,0,2,0,1,0,0,0,0,2,0,1,0,2,1,1,1,0,0,c08d1dae,3,f,0,0,0,00000000,3,1,0,0,1,"No Read Addr Cmds","No Read Addr Cmds","No Write Addr Cmds","No Write Addr Cmds","No Write Responses","No Write Responses","Active","_","_","_","Data Beat","_","_","_","No Write Data Beats","No Write Data Beats"
444,444,0,0,1,1,0,0,0,8e5ffe20afb76fe31ba56e5faf65c9d2,0,3b9a3d13b8d6963fae1d8dc05a6037b2,0,1,0,1,c8bc59dc,ffffffdb,0,1,0,0,2,00000000,"FIXED",3,00,"Data Secure Unprivileged","1 byte",0,0,00000000,"INCR",3,00,"Data Secure Unprivileged","4 bytes",0,2,3f96d6b8,"OKAY",00000000,0,2,1,0,0,0,0,0,0,0,2,0,1,2,0,1,0,2,0037e400,"INCR",3,ff,0,"Data Secure Unprivileged",0,"4 bytes",0,00000000,"FIXED",0,00,0,"Data Secure Unprivileged",0,"1 byte",0,"OKAY",2,b237605a,"OKAY",00000000,0,2,0,1,0,0,0,0,2,0,1,0,2,1,1,1,0,0,c08d1dae,3,f,1,0,0,00000000,3,1,0,0,1,"No Read Addr Cmds","No Read Addr Cmds","No Write Addr Cmds","No Write Addr Cmds","No Write Responses","No Write Responses","_","_","_","_","_","_","_","_","No Write Data Beats","No Write Data Beats"
445,445,0,0,1,1,0,0,0,8e5ffe20afb76fe31ba56e5faf65c9d2,0,3b9a3d13b8d6963fae1d8dc05a6037b2,0,1,0,1,c8bc59dc,ffffffdb,0,1,0,0,2,00000000,"FIXED",3,00,"Data Secure Unprivileged","1 byte",0,0,00000000,"INCR",3,00,"Data Secure Unprivileged","4 bytes",0,2,3f96d6b8,"OKAY",00000000,0,2,1,0,0,0,0,0,0,0,2,0,1,2,0,1,0,2,0037e400,"INCR",3,ff,0,"Data Secure Unprivileged",0,"4 bytes",0,00000000,"FIXED",0,00,0,"Data Secure Unprivileged",0,"1 byte",0,"OKAY",2,b237605a,"OKAY",00000000,0,2,0,1,0,0,0,0,2,0,1,0,2,1,1,1,0,0,c08d1dae,3,f,1,0,0,00000000,3,1,0,0,1,"No Read Addr Cmds","No Read Addr Cmds","No Write Addr Cmds","No Write Addr Cmds","No Write Responses","No Write Responses","_","_","_","_","_","_","_","_","No Write Data Beats","No Write Data Beats"
446,446,0,0,1,1,0,0,0,8e5ffe20afb76fe31ba56e5faf65c9d2,0,3b9a3d13b8d6963fae1d8dc05a6037b2,0,1,0,1,c8bc59dc,ffffffdb,0,1,0,0,2,00000000,"FIXED",3,00,"Data Secure Unprivileged","1 byte",0,0,00000000,"INCR",3,00,"Data Secure Unprivileged","4 bytes",0,2,3f96d6b8,"OKAY",00000000,0,2,1,0,0,0,0,0,0,0,2,0,1,2,0,1,0,2,0037e400,"INCR",3,ff,0,"Data Secure Unprivileged",0,"4 bytes",0,00000000,"FIXED",0,00,0,"Data Secure Unprivileged",0,"1 byte",0,"OKAY",2,b237605a,"OKAY",00000000,0,2,0,1,0,0,0,0,2,0,1,0,2,1,1,1,0,0,c08d1dae,3,f,1,1,0,c08d1dae,3,f,1,1,0,"No Read Addr Cmds","No Read Addr Cmds","No Write Addr Cmds","No Write Addr Cmds","No Write Responses","No Write Responses","_","_","Active","Active","_","_","Stream Beat","Stream Beat","No Write Data Beats","No Write Data Beats"
447,447,0,0,1,1,0,0,0,8e5ffe20afb76fe31ba56e5faf65c9d2,0,3b9a3d13b8d6963fae1d8dc05a6037b2,0,1,0,0,c8bc59dc,ffffffdb,0,1,0,0,2,00000000,"FIXED",3,00,"Data Secure Unprivileged","1 byte",0,0,00000000,"INCR",3,00,"Data Secure Unprivileged","4 bytes",0,2,3f96d6b8,"SLVERR",00000000,0,2,1,0,0,0,0,0,0,0,2,0,1,6,0,1,1,2,0037e400,"INCR",3,ff,0,"Data Secure Unprivileged",0,"4 bytes",0,00000000,"FIXED",0,00,0,"Data Secure Unprivileged",0,"1 byte",0,"OKAY",2,b237605a,"OKAY",00000000,e,2,0,1,0,0,0,0,2,0,1,0,2,1,1,3,1,0,00000000,3,1,1,0,1,c08d1dae,3,f,0,0,0,"No Read Addr Cmds","No Read Addr Cmds","No Write Addr Cmds","No Write Addr Cmds","No Write Responses","No Write Responses","_","Active","_","_","_","Data Beat","_","_","No Write Data Beats","No Write Data Beats"
448,448,0,0,1,1,0,0,0,8e5ffe20afb76fe31ba56e5faf65c9d2,0,3b9a3d13b8d6963fae1d8dc05a6037b2,0,1,0,1,fc696b1d,ffffffdb,0,1,0,0,2,00000000,"FIXED",3,00,"Data Secure Unprivileged","1 byte",0,0,00000000,"INCR",3,00,"Data Secure Unprivileged","4 bytes",0,2,c08d1dae,"SLVERR",00000000,0,2,1,0,0,0,0,0,0,0,2,0,1,6,0,1,1,2,0037e400,"INCR",3,ff,0,"Data Secure Unprivileged",0,"4 bytes",0,00000000,"FIXED",0,00,0,"Data Secure Unprivileged",0,"1 byte",0,"OKAY",2,133d9a3b,"OKAY",00000000,e,2,0,1,0,0,0,0,2,0,1,0,2,1,1,1,0,0,00000000,3,1,1,0,1,c08d1dae,3,f,0,0,0,"No Read Addr Cmds","No Read Addr Cmds","No Write Addr Cmds","No Write Addr Cmds","No Write Responses","No Write Responses","_","_","_","_","_","_","_","_","No Write Data Beats","No Write Data Beats"
449,449,0,0,1,1,0,0,0,8e5ffe20afb76fe31ba56e5faf65c9d2,0,3b9a3d13b8d6963fae1d8dc05a6037b2,0,1,0,1,fc696b1d,ffffffdb,0,1,0,0,2,00000000,"FIXED",3,00,"Data Secure Unprivileged","1 byte",0,0,00000000,"INCR",3,00,"Data Secure Unprivileged","4 bytes",0,2,c08d1dae,"SLVERR",00000000,0,2,1,0,0,0,0,0,0,0,2,0,1,6,0,1,1,2,0037e400,"INCR",3,ff,0,"Data Secure Unprivileged",0,"4 bytes",0,00000000,"FIXED",0,00,0,"Data Secure Unprivileged",0,"1 byte",0,"OKAY",2,133d9a3b,"OKAY",00000000,e,2,0,1,0,0,0,0,2,0,1,0,2,1,1,1,0,0,00000000,3,1,1,0,1,c08d1dae,3,f,0,0,0,"No Read Addr Cmds","No Read Addr Cmds","No Write Addr Cmds","No Write Addr Cmds","No Write Responses","No Write Responses","_","_","_","_","_","_","_","_","No Write Data Beats","No Write Data Beats"
450,450,0,0,1,1,0,0,0,8e5ffe20afb76fe31ba56e5faf65c9d2,0,3b9a3d13b8d6963fae1d8dc05a6037b2,0,1,0,1,fc696b1d,ffffffdb,0,1,0,0,2,00000000,"FIXED",3,00,"Data Secure Unprivileged","1 byte",0,0,00000000,"INCR",3,00,"Data Secure Unprivileged","4 bytes",0,2,c08d1dae,"SLVERR",00000000,0,2,1,0,0,0,0,0,0,0,2,0,1,6,0,1,1,2,0037e400,"INCR",3,ff,0,"Data Secure Unprivileged",0,"4 bytes",0,00000000,"FIXED",0,00,0,"Data Secure Unprivileged",0,"1 byte",0,"OKAY",2,133d9a3b,"OKAY",00000000,e,2,0,1,0,0,0,0,2,0,1,0,2,1,1,1,0,0,00000000,3,1,1,1,1,00000000,3,1,1,1,1,"No Read Addr Cmds","No Read Addr Cmds","No Write Addr Cmds","No Write Addr Cmds","No Write Responses","No Write Responses","_","_","Active","Active","_","_","Last Stream","Last Stream","No Write Data Beats","No Write Data Beats"
451,451,0,0,1,1,0,0,0,8e5ffe20afb76fe31ba56e5faf65c9d2,0,3b9a3d13b8d6963fae1d8dc05a6037b2,0,1,0,1,fc696b1d,ffffffdb,0,1,0,0,2,00000000,"FIXED",3,00,"Data Secure Unprivileged","1 byte",0,0,00000000,"INCR",3,00,"Data Secure Unprivileged","4 bytes",0,2,c08d1dae,"OKAY",00000000,0,2,1,0,0,0,0,0,0,0,2,0,1,3,1,1,0,2,0037e400,"INCR",3,ff,0,"Data Secure Unprivileged",0,"4 bytes",0,00000000,"FIXED",0,00,0,"Data Secure Unprivileged",0,"1 byte",0,"OKAY",2,133d9a3b,"OKAY",00000000,0,2,0,1,0,0,0,0,2,0,1,0,2,1,1,1,0,0,b237605a,3,f,0,0,0,00000000,3,1,0,0,1,"No Read Addr Cmds","No Read Addr Cmds","No Write Addr Cmds","No Write Addr Cmds","No Write Responses","No Write Responses","Active","_","_","_","Data Beat","_","_","_","No Write Data Beats","No Write Data Beats"
452,452,0,0,1,1,0,0,0,8e5ffe20afb76fe31ba56e5faf65c9d2,0,3b9a3d13b8d6963fae1d8dc05a6037b2,0,1,0,1,fc696b1d,ffffffdb,0,1,0,0,2,00000000,"FIXED",3,00,"Data Secure Unprivileged","1 byte",0,0,00000000,"INCR",3,00,"Data Secure Unprivileged","4 bytes",0,2,c08d1dae,"OKAY",00000000,0,2,1,0,0,0,0,0,0,0,2,0,1,2,0,1,0,2,0037e400,"INCR",3,ff,0,"Data Secure Unprivileged",0,"4 bytes",0,00000000,"FIXED",0,00,0,"Data Secure Unprivileged",0,"1 byte",0,"OKAY",2,133d9a3b,"OKAY",00000000,0,2,0,1,0,0,0,0,2,0,1,0,2,1,1,1,0,0,b237605a,3,f,1,0,0,00000000,3,1,0,0,1,"No Read Addr Cmds","No Read Addr Cmds","No Write Addr Cmds","No Write Addr Cmds","No Write Responses","No Write Responses","_","_","_","_","_","_","_","_","No Write Data Beats","No Write Data Beats"
453,453,0,0,1,1,0,0,0,8e5ffe20afb76fe31ba56e5faf65c9d2,0,3b9a3d13b8d6963fae1d8dc05a6037b2,0,1,0,1,fc696b1d,ffffffdb,0,1,0,0,2,00000000,"FIXED",3,00,"Data Secure Unprivileged","1 byte",0,0,00000000,"INCR",3,00,"Data Secure Unprivileged","4 bytes",0,2,c08d1dae,"OKAY",00000000,0,2,1,0,0,0,0,0,0,0,2,0,1,2,0,1,0,2,0037e400,"INCR",3,ff,0,"Data Secure Unprivileged",0,"4 bytes",0,00000000,"FIXED",0,00,0,"Data Secure Unprivileged",0,"1 byte",0,"OKAY",2,133d9a3b,"OKAY",00000000,0,2,0,1,0,0,0,0,2,0,1,0,2,1,1,1,0,0,b237605a,3,f,1,0,0,00000000,3,1,0,0,1,"No Read Addr Cmds","No Read Addr Cmds","No Write Addr Cmds","No Write Addr Cmds","No Write Responses","No Write Responses","_","_","_","_","_","_","_","_","No Write Data Beats","No Write Data Beats"
454,454,0,0,1,1,0,0,0,8e5ffe20afb76fe31ba56e5faf65c9d2,0,3b9a3d13b8d6963fae1d8dc05a6037b2,0,1,0,1,fc696b1d,ffffffdb,0,1,0,0,2,00000000,"FIXED",3,00,"Data Secure Unprivileged","1 byte",0,0,00000000,"INCR",3,00,"Data Secure Unprivileged","4 bytes",0,2,c08d1dae,"OKAY",00000000,0,2,1,0,0,0,0,0,0,0,2,0,1,2,0,1,0,2,0037e400,"INCR",3,ff,0,"Data Secure Unprivileged",0,"4 bytes",0,00000000,"FIXED",0,00,0,"Data Secure Unprivileged",0,"1 byte",0,"OKAY",2,133d9a3b,"OKAY",00000000,0,2,0,1,0,0,0,0,2,0,1,0,2,1,1,1,0,0,b237605a,3,f,1,1,0,b237605a,3,f,1,1,0,"No Read Addr Cmds","No Read Addr Cmds","No Write Addr Cmds","No Write Addr Cmds","No Write Responses","No Write Responses","_","_","Active","Active","_","_","Stream Beat","Stream Beat","No Write Data Beats","No Write Data Beats"
455,455,0,0,1,1,0,0,0,8e5ffe20afb76fe31ba56e5faf65c9d2,0,3b9a3d13b8d6963fae1d8dc05a6037b2,0,1,0,0,fc696b1d,ffffffdb,0,1,0,0,2,00000000,"FIXED",3,00,"Data Secure Unprivileged","1 byte",0,0,00000000,"INCR",3,00,"Data Secure Unprivileged","4 bytes",0,2,c08d1dae,"SLVERR",00000000,0,2,1,0,0,0,0,0,0,0,2,0,1,2,0,1,0,2,0037e400,"INCR",3,ff,0,"Data Secure Unprivileged",0,"4 bytes",0,00000000,"FIXED",0,00,0,"Data Secure Unprivileged",0,"1 byte",0,"OKAY",2,133d9a3b,"OKAY",00000000,a,2,0,1,4,0,0,1,2,0,1,0,2,1,1,3,1,0,00000000,3,1,1,0,1,b237605a,3,f,0,0,0,"No Read Addr Cmds","No Read Addr Cmds","No Write Addr Cmds","No Write Addr Cmds","No Write Responses","No Write Responses","_","Active","_","_","_","Data Beat","_","_","No Write Data Beats","No Write Data Beats"
456,456,0,0,1,1,0,0,0,8e5ffe20afb76fe31ba56e5faf65c9d2,0,3b9a3d13b8d6963fae1d8dc05a6037b2,0,1,0,1,03b1b875,ffffffdb,0,1,0,0,2,00000000,"FIXED",3,00,"Data Secure Unprivileged","1 byte",0,0,00000000,"INCR",3,00,"Data Secure Unprivileged","4 bytes",0,2,b237605a,"SLVERR",00000000,0,2,1,0,0,0,0,0,0,0,2,0,1,2,0,1,0,2,0037e400,"INCR",3,ff,0,"Data Secure Unprivileged",0,"4 bytes",0,00000000,"FIXED",0,00,0,"Data Secure Unprivileged",0,"1 byte",0,"OKAY",2,3f96d6b8,"OKAY",00000000,a,2,0,1,4,0,0,1,2,0,1,0,2,1,1,1,0,0,00000000,3,1,1,0,1,b237605a,3,f,0,0,0,"No Read Addr Cmds","No Read Addr Cmds","No Write Addr Cmds","No Write Addr Cmds","No Write Responses","No Write Responses","_","_","_","_","_","_","_","_","No Write Data Beats","No Write Data Beats"
457,457,0,0,1,1,0,0,0,8e5ffe20afb76fe31ba56e5faf65c9d2,0,3b9a3d13b8d6963fae1d8dc05a6037b2,0,1,0,1,03b1b875,ffffffdb,0,1,0,0,2,00000000,"FIXED",3,00,"Data Secure Unprivileged","1 byte",0,0,00000000,"INCR",3,00,"Data Secure Unprivileged","4 bytes",0,2,b237605a,"SLVERR",00000000,0,2,1,0,0,0,0,0,0,0,2,0,1,2,0,1,0,2,0037e400,"INCR",3,ff,0,"Data Secure Unprivileged",0,"4 bytes",0,00000000,"FIXED",0,00,0,"Data Secure Unprivileged",0,"1 byte",0,"OKAY",2,3f96d6b8,"OKAY",00000000,a,2,0,1,4,0,0,1,2,0,1,0,2,1,1,1,0,0,00000000,3,1,1,0,1,b237605a,3,f,0,0,0,"No Read Addr Cmds","No Read Addr Cmds","No Write Addr Cmds","No Write Addr Cmds","No Write Responses","No Write Responses","_","_","_","_","_","_","_","_","No Write Data Beats","No Write Data Beats"
458,458,0,0,1,1,0,0,0,8e5ffe20afb76fe31ba56e5faf65c9d2,0,3b9a3d13b8d6963fae1d8dc05a6037b2,0,1,0,1,03b1b875,ffffffdb,0,1,0,0,2,00000000,"FIXED",3,00,"Data Secure Unprivileged","1 byte",0,0,00000000,"INCR",3,00,"Data Secure Unprivileged","4 bytes",0,2,b237605a,"SLVERR",00000000,0,2,1,0,0,0,0,0,0,0,2,0,1,2,0,1,0,2,0037e400,"INCR",3,ff,0,"Data Secure Unprivileged",0,"4 bytes",0,00000000,"FIXED",0,00,0,"Data Secure Unprivileged",0,"1 byte",0,"OKAY",2,3f96d6b8,"OKAY",00000000,a,2,0,1,4,0,0,1,2,0,1,0,2,1,1,1,0,0,00000000,3,1,1,1,1,00000000,3,1,1,1,1,"No Read Addr Cmds","No Read Addr Cmds","No Write Addr Cmds","No Write Addr Cmds","No Write Responses","No Write Responses","_","_","Active","Active","_","_","Last Stream","Last Stream","No Write Data Beats","No Write Data Beats"
459,459,0,0,1,1,0,0,0,8e5ffe20afb76fe31ba56e5faf65c9d2,0,3b9a3d13b8d6963fae1d8dc05a6037b2,0,1,0,1,03b1b875,ffffffdb,0,1,0,0,2,00000000,"FIXED",3,00,"Data Secure Unprivileged","1 byte",0,0,00000000,"INCR",3,00,"Data Secure Unprivileged","4 bytes",0,2,b237605a,"OKAY",00000000,0,2,1,0,0,0,0,0,0,0,2,0,1,3,1,1,0,2,0037e400,"INCR",3,ff,0,"Data Secure Unprivileged",0,"4 bytes",0,00000000,"FIXED",0,00,0,"Data Secure Unprivileged",0,"1 byte",0,"OKAY",2,3f96d6b8,"OKAY",00000000,0,2,0,1,0,0,0,0,2,0,1,0,2,1,1,1,0,0,133d9a3b,3,f,0,0,0,00000000,3,1,0,0,1,"No Read Addr Cmds","No Read Addr Cmds","No Write Addr Cmds","No Write Addr Cmds","No Write Responses","No Write Responses","Active","_","_","_","Data Beat","_","_","_","No Write Data Beats","No Write Data Beats"
460,460,0,0,1,1,0,0,0,8e5ffe20afb76fe31ba56e5faf65c9d2,0,3b9a3d13b8d6963fae1d8dc05a6037b2,0,1,0,1,03b1b875,ffffffdb,0,1,0,0,2,00000000,"FIXED",3,00,"Data Secure Unprivileged","1 byte",0,0,00000000,"INCR",3,00,"Data Secure Unprivileged","4 bytes",0,2,b237605a,"OKAY",00000000,0,2,1,0,0,0,0,0,0,0,2,0,1,2,0,1,0,2,0037e400,"INCR",3,ff,0,"Data Secure Unprivileged",0,"4 bytes",0,00000000,"FIXED",0,00,0,"Data Secure Unprivileged",0,"1 byte",0,"OKAY",2,3f96d6b8,"OKAY",00000000,0,2,0,1,0,0,0,0,2,0,1,0,2,1,1,1,0,0,133d9a3b,3,f,1,0,0,00000000,3,1,0,0,1,"No Read Addr Cmds","No Read Addr Cmds","No Write Addr Cmds","No Write Addr Cmds","No Write Responses","No Write Responses","_","_","_","_","_","_","_","_","No Write Data Beats","No Write Data Beats"
461,461,0,0,1,1,0,0,0,8e5ffe20afb76fe31ba56e5faf65c9d2,0,3b9a3d13b8d6963fae1d8dc05a6037b2,0,1,0,1,03b1b875,ffffffdb,0,1,0,0,2,00000000,"FIXED",3,00,"Data Secure Unprivileged","1 byte",0,0,00000000,"INCR",3,00,"Data Secure Unprivileged","4 bytes",0,2,b237605a,"OKAY",00000000,0,2,1,0,0,0,0,0,0,0,2,0,1,2,0,1,0,2,0037e400,"INCR",3,ff,0,"Data Secure Unprivileged",0,"4 bytes",0,00000000,"FIXED",0,00,0,"Data Secure Unprivileged",0,"1 byte",0,"OKAY",2,3f96d6b8,"OKAY",00000000,0,2,0,1,0,0,0,0,2,0,1,0,2,1,1,1,0,0,133d9a3b,3,f,1,0,0,00000000,3,1,0,0,1,"No Read Addr Cmds","No Read Addr Cmds","No Write Addr Cmds","No Write Addr Cmds","No Write Responses","No Write Responses","_","_","_","_","_","_","_","_","No Write Data Beats","No Write Data Beats"
462,462,0,0,1,1,0,0,0,8e5ffe20afb76fe31ba56e5faf65c9d2,0,3b9a3d13b8d6963fae1d8dc05a6037b2,0,1,0,1,03b1b875,ffffffdb,0,1,0,0,2,00000000,"FIXED",3,00,"Data Secure Unprivileged","1 byte",0,0,00000000,"INCR",3,00,"Data Secure Unprivileged","4 bytes",0,2,b237605a,"OKAY",00000000,0,2,1,0,0,0,0,0,0,0,2,0,1,2,0,1,0,2,0037e400,"INCR",3,ff,0,"Data Secure Unprivileged",0,"4 bytes",0,00000000,"FIXED",0,00,0,"Data Secure Unprivileged",0,"1 byte",0,"OKAY",2,3f96d6b8,"OKAY",00000000,0,2,0,1,0,0,0,0,2,0,1,0,2,1,1,1,0,0,133d9a3b,3,f,1,1,0,133d9a3b,3,f,1,1,0,"No Read Addr Cmds","No Read Addr Cmds","No Write Addr Cmds","No Write Addr Cmds","No Write Responses","No Write Responses","_","_","Active","Active","_","_","Stream Beat","Stream Beat","No Write Data Beats","No Write Data Beats"
463,463,0,0,1,1,0,0,0,8e5ffe20afb76fe31ba56e5faf65c9d2,0,3b9a3d13b8d6963fae1d8dc05a6037b2,0,1,0,0,03b1b875,ffffffdb,0,1,0,0,2,00000000,"FIXED",3,00,"Data Secure Unprivileged","1 byte",0,0,00000000,"INCR",3,00,"Data Secure Unprivileged","4 bytes",0,2,b237605a,"DECERR",00000000,0,2,1,0,0,0,0,0,0,0,2,0,1,2,0,1,0,2,0037e400,"INCR",3,ff,0,"Data Secure Unprivileged",0,"4 bytes",0,00000000,"FIXED",0,00,0,"Data Secure Unprivileged",0,"1 byte",0,"OKAY",2,3f96d6b8,"OKAY",00000000,b,2,0,1,4,0,0,1,2,0,1,0,2,1,1,3,1,0,00000000,3,1,1,0,1,133d9a3b,3,f,0,0,0,"No Read Addr Cmds","No Read Addr Cmds","No Write Addr Cmds","No Write Addr Cmds","No Write Responses","No Write Responses","_","Active","_","_","_","Data Beat","_","_","No Write Data Beats","No Write Data Beats"
464,464,0,0,1,1,0,0,0,8e5ffe20afb76fe31ba56e5faf65c9d2,0,3b9a3d13b8d6963fae1d8dc05a6037b2,0,1,0,1,4dec065a,ffffffdb,0,1,0,0,2,00000000,"FIXED",3,00,"Data Secure Unprivileged","1 byte",0,0,00000000,"INCR",3,00,"Data Secure Unprivileged","4 bytes",0,2,133d9a3b,"DECERR",00000000,0,2,1,0,0,0,0,0,0,0,2,0,1,2,0,1,0,2,0037e400,"INCR",3,ff,0,"Data Secure Unprivileged",0,"4 bytes",0,00000000,"FIXED",0,00,0,"Data Secure Unprivileged",0,"1 byte",0,"OKAY",2,c08d1dae,"OKAY",00000000,b,2,0,1,4,0,0,1,2,0,1,0,2,1,1,1,0,0,00000000,3,1,1,0,1,133d9a3b,3,f,0,0,0,"No Read Addr Cmds","No Read Addr Cmds","No Write Addr Cmds","No Write Addr Cmds","No Write Responses","No Write Responses","_","_","_","_","_","_","_","_","No Write Data Beats","No Write Data Beats"
465,465,0,0,1,1,0,0,0,8e5ffe20afb76fe31ba56e5faf65c9d2,0,3b9a3d13b8d6963fae1d8dc05a6037b2,0,1,0,1,4dec065a,ffffffdb,0,1,0,0,2,00000000,"FIXED",3,00,"Data Secure Unprivileged","1 byte",0,0,00000000,"INCR",3,00,"Data Secure Unprivileged","4 bytes",0,2,133d9a3b,"DECERR",00000000,0,2,1,0,0,0,0,0,0,0,2,0,1,2,0,1,0,2,0037e400,"INCR",3,ff,0,"Data Secure Unprivileged",0,"4 bytes",0,00000000,"FIXED",0,00,0,"Data Secure Unprivileged",0,"1 byte",0,"OKAY",2,c08d1dae,"OKAY",00000000,b,2,0,1,4,0,0,1,2,0,1,0,2,1,1,1,0,0,00000000,3,1,1,0,1,133d9a3b,3,f,0,0,0,"No Read Addr Cmds","No Read Addr Cmds","No Write Addr Cmds","No Write Addr Cmds","No Write Responses","No Write Responses","_","_","_","_","_","_","_","_","No Write Data Beats","No Write Data Beats"
466,466,0,0,1,1,0,0,0,8e5ffe20afb76fe31ba56e5faf65c9d2,0,3b9a3d13b8d6963fae1d8dc05a6037b2,0,1,0,1,4dec065a,ffffffdb,0,1,0,0,2,00000000,"FIXED",3,00,"Data Secure Unprivileged","1 byte",0,0,00000000,"INCR",3,00,"Data Secure Unprivileged","4 bytes",0,2,133d9a3b,"DECERR",00000000,0,2,1,0,0,0,0,0,0,0,2,0,1,2,0,1,0,2,0037e400,"INCR",3,ff,0,"Data Secure Unprivileged",0,"4 bytes",0,00000000,"FIXED",0,00,0,"Data Secure Unprivileged",0,"1 byte",0,"OKAY",2,c08d1dae,"OKAY",00000000,b,2,0,1,4,0,0,1,2,0,1,0,2,1,1,1,0,0,00000000,3,1,1,1,1,00000000,3,1,1,1,1,"No Read Addr Cmds","No Read Addr Cmds","No Write Addr Cmds","No Write Addr Cmds","No Write Responses","No Write Responses","_","_","Active","Active","_","_","Last Stream","Last Stream","No Write Data Beats","No Write Data Beats"
467,467,0,0,1,1,0,0,0,8e5ffe20afb76fe31ba56e5faf65c9d2,0,3b9a3d13b8d6963fae1d8dc05a6037b2,0,1,0,1,4dec065a,ffffffdb,0,1,0,0,2,00000000,"FIXED",3,00,"Data Secure Unprivileged","1 byte",0,0,00000000,"INCR",3,00,"Data Secure Unprivileged","4 bytes",0,2,133d9a3b,"OKAY",00000000,0,2,1,0,0,0,0,0,0,0,2,0,1,3,1,1,0,2,0037e400,"INCR",3,ff,0,"Data Secure Unprivileged",0,"4 bytes",0,00000000,"FIXED",0,00,0,"Data Secure Unprivileged",0,"1 byte",0,"OKAY",2,c08d1dae,"OKAY",00000000,0,2,0,1,0,0,0,0,2,0,1,0,2,1,1,1,0,0,3f96d6b8,3,f,0,0,0,00000000,3,1,0,0,1,"No Read Addr Cmds","No Read Addr Cmds","No Write Addr Cmds","No Write Addr Cmds","No Write Responses","No Write Responses","Active","_","_","_","Data Beat","_","_","_","No Write Data Beats","No Write Data Beats"
468,468,0,0,1,1,0,0,0,8e5ffe20afb76fe31ba56e5faf65c9d2,0,3b9a3d13b8d6963fae1d8dc05a6037b2,0,1,0,1,4dec065a,ffffffdb,0,1,0,0,2,00000000,"FIXED",3,00,"Data Secure Unprivileged","1 byte",0,0,00000000,"INCR",3,00,"Data Secure Unprivileged","4 bytes",0,2,133d9a3b,"OKAY",00000000,0,2,1,0,0,0,0,0,0,0,2,0,1,2,0,1,0,2,0037e400,"INCR",3,ff,0,"Data Secure Unprivileged",0,"4 bytes",0,00000000,"FIXED",0,00,0,"Data Secure Unprivileged",0,"1 byte",0,"OKAY",2,c08d1dae,"OKAY",00000000,0,2,0,1,0,0,0,0,2,0,1,0,2,1,1,1,0,0,3f96d6b8,3,f,1,0,0,00000000,3,1,0,0,1,"No Read Addr Cmds","No Read Addr Cmds","No Write Addr Cmds","No Write Addr Cmds","No Write Responses","No Write Responses","_","_","_","_","_","_","_","_","No Write Data Beats","No Write Data Beats"
469,469,0,0,1,1,0,0,0,8e5ffe20afb76fe31ba56e5faf65c9d2,0,3b9a3d13b8d6963fae1d8dc05a6037b2,0,1,0,1,4dec065a,ffffffdb,0,1,0,0,2,00000000,"FIXED",3,00,"Data Secure Unprivileged","1 byte",0,0,00000000,"INCR",3,00,"Data Secure Unprivileged","4 bytes",0,2,133d9a3b,"OKAY",00000000,0,2,1,0,0,0,0,0,0,0,2,0,1,2,0,1,0,2,0037e400,"INCR",3,ff,0,"Data Secure Unprivileged",0,"4 bytes",0,00000000,"FIXED",0,00,0,"Data Secure Unprivileged",0,"1 byte",0,"OKAY",2,c08d1dae,"OKAY",00000000,0,2,0,1,0,0,0,0,2,0,1,0,2,1,1,1,0,0,3f96d6b8,3,f,1,0,0,00000000,3,1,0,0,1,"No Read Addr Cmds","No Read Addr Cmds","No Write Addr Cmds","No Write Addr Cmds","No Write Responses","No Write Responses","_","_","_","_","_","_","_","_","No Write Data Beats","No Write Data Beats"
470,470,0,0,1,1,0,0,0,8e5ffe20afb76fe31ba56e5faf65c9d2,0,3b9a3d13b8d6963fae1d8dc05a6037b2,0,1,0,1,4dec065a,ffffffdb,0,1,0,0,2,00000000,"FIXED",3,00,"Data Secure Unprivileged","1 byte",0,0,00000000,"INCR",3,00,"Data Secure Unprivileged","4 bytes",0,2,133d9a3b,"OKAY",00000000,0,2,1,0,0,0,0,0,0,0,2,0,1,2,0,1,0,2,0037e400,"INCR",3,ff,0,"Data Secure Unprivileged",0,"4 bytes",0,00000000,"FIXED",0,00,0,"Data Secure Unprivileged",0,"1 byte",0,"OKAY",2,c08d1dae,"OKAY",00000000,0,2,0,1,0,0,0,0,2,0,1,0,2,1,1,1,0,0,3f96d6b8,3,f,1,1,0,3f96d6b8,3,f,1,1,0,"No Read Addr Cmds","No Read Addr Cmds","No Write Addr Cmds","No Write Addr Cmds","No Write Responses","No Write Responses","_","_","Active","Active","_","_","Stream Beat","Stream Beat","No Write Data Beats","No Write Data Beats"
471,471,0,0,1,1,0,0,0,8e5ffe20afb76fe31ba56e5faf65c9d2,0,3b9a3d13b8d6963fae1d8dc05a6037b2,0,1,0,0,4dec065a,ffffffdb,0,1,0,0,2,00000000,"FIXED",3,00,"Data Secure Unprivileged","1 byte",0,0,00000000,"INCR",3,00,"Data Secure Unprivileged","4 bytes",0,2,133d9a3b,"OKAY",00000000,0,2,1,0,0,0,0,0,0,0,2,0,1,2,0,1,0,2,0037e400,"INCR",3,ff,0,"Data Secure Unprivileged",0,"4 bytes",0,00000000,"FIXED",0,00,0,"Data Secure Unprivileged",0,"1 byte",0,"OKAY",2,c08d1dae,"OKAY",00000000,8,2,0,1,4,0,0,1,2,0,1,0,2,1,1,3,1,0,00000000,3,1,1,0,1,3f96d6b8,3,f,0,0,0,"No Read Addr Cmds","No Read Addr Cmds","No Write Addr Cmds","No Write Addr Cmds","No Write Responses","No Write Responses","_","Active","_","_","_","Data Beat","_","_","No Write Data Beats","No Write Data Beats"
472,472,0,0,1,1,0,0,0,8e5ffe20afb76fe31ba56e5faf65c9d2,0,3b9a3d13b8d6963fae1d8dc05a6037b2,0,1,0,1,c8bc59dc,ffffffdb,0,1,0,0,2,00000000,"FIXED",3,00,"Data Secure Unprivileged","1 byte",0,0,00000000,"INCR",3,00,"Data Secure Unprivileged","4 bytes",0,2,3f96d6b8,"OKAY",00000000,0,2,1,0,0,0,0,0,0,0,2,0,1,2,0,1,0,2,0037e400,"INCR",3,ff,0,"Data Secure Unprivileged",0,"4 bytes",0,00000000,"FIXED",0,00,0,"Data Secure Unprivileged",0,"1 byte",0,"OKAY",2,b237605a,"OKAY",00000000,8,2,0,1,4,0,0,1,2,0,1,0,2,1,1,1,0,0,00000000,3,1,1,0,1,3f96d6b8,3,f,0,0,0,"No Read Addr Cmds","No Read Addr Cmds","No Write Addr Cmds","No Write Addr Cmds","No Write Responses","No Write Responses","_","_","_","_","_","_","_","_","No Write Data Beats","No Write Data Beats"
473,473,0,0,1,1,0,0,0,8e5ffe20afb76fe31ba56e5faf65c9d2,0,3b9a3d13b8d6963fae1d8dc05a6037b2,0,1,0,1,c8bc59dc,ffffffdb,0,1,0,0,2,00000000,"FIXED",3,00,"Data Secure Unprivileged","1 byte",0,0,00000000,"INCR",3,00,"Data Secure Unprivileged","4 bytes",0,2,3f96d6b8,"OKAY",00000000,0,2,1,0,0,0,0,0,0,0,2,0,1,2,0,1,0,2,0037e400,"INCR",3,ff,0,"Data Secure Unprivileged",0,"4 bytes",0,00000000,"FIXED",0,00,0,"Data Secure Unprivileged",0,"1 byte",0,"OKAY",2,b237605a,"OKAY",00000000,8,2,0,1,4,0,0,1,2,0,1,0,2,1,1,1,0,0,00000000,3,1,1,0,1,3f96d6b8,3,f,0,0,0,"No Read Addr Cmds","No Read Addr Cmds","No Write Addr Cmds","No Write Addr Cmds","No Write Responses","No Write Responses","_","_","_","_","_","_","_","_","No Write Data Beats","No Write Data Beats"
474,474,0,0,1,1,0,0,0,8e5ffe20afb76fe31ba56e5faf65c9d2,0,3b9a3d13b8d6963fae1d8dc05a6037b2,0,1,0,1,c8bc59dc,ffffffdb,0,1,0,0,2,00000000,"FIXED",3,00,"Data Secure Unprivileged","1 byte",0,0,00000000,"INCR",3,00,"Data Secure Unprivileged","4 bytes",0,2,3f96d6b8,"OKAY",00000000,0,2,1,0,0,0,0,0,0,0,2,0,1,2,0,1,0,2,0037e400,"INCR",3,ff,0,"Data Secure Unprivileged",0,"4 bytes",0,00000000,"FIXED",0,00,0,"Data Secure Unprivileged",0,"1 byte",0,"OKAY",2,b237605a,"OKAY",00000000,8,2,0,1,4,0,0,1,2,0,1,0,2,1,1,1,0,0,00000000,3,1,1,1,1,00000000,3,1,1,1,1,"No Read Addr Cmds","No Read Addr Cmds","No Write Addr Cmds","No Write Addr Cmds","No Write Responses","No Write Responses","_","_","Active","Active","_","_","Last Stream","Last Stream","No Write Data Beats","No Write Data Beats"
475,475,0,0,1,1,0,0,0,8e5ffe20afb76fe31ba56e5faf65c9d2,0,3b9a3d13b8d6963fae1d8dc05a6037b2,0,1,0,1,c8bc59dc,ffffffdb,0,1,0,0,2,00000000,"FIXED",3,00,"Data Secure Unprivileged","1 byte",0,0,00000000,"INCR",3,00,"Data Secure Unprivileged","4 bytes",0,2,3f96d6b8,"OKAY",00000000,0,2,1,0,0,0,0,0,0,0,2,0,1,3,1,1,0,2,0037e400,"INCR",3,ff,0,"Data Secure Unprivileged",0,"4 bytes",0,00000000,"FIXED",0,00,0,"Data Secure Unprivileged",0,"1 byte",0,"OKAY",2,b237605a,"OKAY",00000000,0,2,0,1,0,0,0,0,2,0,1,0,2,1,1,1,0,0,c08d1dae,3,f,0,0,0,00000000,3,1,0,0,1,"No Read Addr Cmds","No Read Addr Cmds","No Write Addr Cmds","No Write Addr Cmds","No Write Responses","No Write Responses","Active","_","_","_","Data Beat","_","_","_","No Write Data Beats","No Write Data Beats"
476,476,0,0,1,1,0,0,0,8e5ffe20afb76fe31ba56e5faf65c9d2,0,3b9a3d13b8d6963fae1d8dc05a6037b2,0,1,0,1,c8bc59dc,ffffffdb,0,1,0,0,2,00000000,"FIXED",3,00,"Data Secure Unprivileged","1 byte",0,0,00000000,"INCR",3,00,"Data Secure Unprivileged","4 bytes",0,2,3f96d6b8,"OKAY",00000000,0,2,1,0,0,0,0,0,0,0,2,0,1,2,0,1,0,2,0037e400,"INCR",3,ff,0,"Data Secure Unprivileged",0,"4 bytes",0,00000000,"FIXED",0,00,0,"Data Secure Unprivileged",0,"1 byte",0,"OKAY",2,b237605a,"OKAY",00000000,0,2,0,1,0,0,0,0,2,0,1,0,2,1,1,1,0,0,c08d1dae,3,f,1,0,0,00000000,3,1,0,0,1,"No Read Addr Cmds","No Read Addr Cmds","No Write Addr Cmds","No Write Addr Cmds","No Write Responses","No Write Responses","_","_","_","_","_","_","_","_","No Write Data Beats","No Write Data Beats"
477,477,0,0,1,1,0,0,0,8e5ffe20afb76fe31ba56e5faf65c9d2,0,3b9a3d13b8d6963fae1d8dc05a6037b2,0,1,0,1,c8bc59dc,ffffffdb,0,1,0,0,2,00000000,"FIXED",3,00,"Data Secure Unprivileged","1 byte",0,0,00000000,"INCR",3,00,"Data Secure Unprivileged","4 bytes",0,2,3f96d6b8,"OKAY",00000000,0,2,1,0,0,0,0,0,0,0,2,0,1,2,0,1,0,2,0037e400,"INCR",3,ff,0,"Data Secure Unprivileged",0,"4 bytes",0,00000000,"FIXED",0,00,0,"Data Secure Unprivileged",0,"1 byte",0,"OKAY",2,b237605a,"OKAY",00000000,0,2,0,1,0,0,0,0,2,0,1,0,2,1,1,1,0,0,c08d1dae,3,f,1,0,0,00000000,3,1,0,0,1,"No Read Addr Cmds","No Read Addr Cmds","No Write Addr Cmds","No Write Addr Cmds","No Write Responses","No Write Responses","_","_","_","_","_","_","_","_","No Write Data Beats","No Write Data Beats"
478,478,0,0,1,1,0,0,0,8e5ffe20afb76fe31ba56e5faf65c9d2,0,3b9a3d13b8d6963fae1d8dc05a6037b2,0,1,0,1,c8bc59dc,ffffffdb,0,1,0,0,2,00000000,"FIXED",3,00,"Data Secure Unprivileged","1 byte",0,0,00000000,"INCR",3,00,"Data Secure Unprivileged","4 bytes",0,2,3f96d6b8,"OKAY",00000000,0,2,1,0,0,0,0,0,0,0,2,0,1,2,0,1,0,2,0037e400,"INCR",3,ff,0,"Data Secure Unprivileged",0,"4 bytes",0,00000000,"FIXED",0,00,0,"Data Secure Unprivileged",0,"1 byte",0,"OKAY",2,b237605a,"OKAY",00000000,0,2,0,1,0,0,0,0,2,0,1,0,2,1,1,1,0,0,c08d1dae,3,f,1,1,0,c08d1dae,3,f,1,1,0,"No Read Addr Cmds","No Read Addr Cmds","No Write Addr Cmds","No Write Addr Cmds","No Write Responses","No Write Responses","_","_","Active","Active","_","_","Stream Beat","Stream Beat","No Write Data Beats","No Write Data Beats"
479,479,0,0,1,1,0,0,0,8e5ffe20afb76fe31ba56e5faf65c9d2,0,3b9a3d13b8d6963fae1d8dc05a6037b2,0,1,0,0,c8bc59dc,ffffffdb,0,1,0,0,2,00000000,"FIXED",3,00,"Data Secure Unprivileged","1 byte",0,0,00000000,"INCR",3,00,"Data Secure Unprivileged","4 bytes",0,2,3f96d6b8,"SLVERR",00000000,0,2,1,0,0,0,0,0,0,0,2,0,1,6,0,1,1,2,0037e400,"INCR",3,ff,0,"Data Secure Unprivileged",0,"4 bytes",0,00000000,"FIXED",0,00,0,"Data Secure Unprivileged",0,"1 byte",0,"OKAY",2,b237605a,"OKAY",00000000,e,2,0,1,0,0,0,0,2,0,1,0,2,1,1,3,1,0,00000000,3,1,1,0,1,c08d1dae,3,f,0,0,0,"No Read Addr Cmds","No Read Addr Cmds","No Write Addr Cmds","No Write Addr Cmds","No Write Responses","No Write Responses","_","Active","_","_","_","Data Beat","_","_","No Write Data Beats","No Write Data Beats"
480,480,0,0,1,1,0,0,0,8e5ffe20afb76fe31ba56e5faf65c9d2,0,3b9a3d13b8d6963fae1d8dc05a6037b2,0,1,0,1,fc696b1d,ffffffdb,0,1,0,0,2,00000000,"FIXED",3,00,"Data Secure Unprivileged","1 byte",0,0,00000000,"INCR",3,00,"Data Secure Unprivileged","4 bytes",0,2,c08d1dae,"SLVERR",00000000,0,2,1,0,0,0,0,0,0,0,2,0,1,6,0,1,1,2,0037e400,"INCR",3,ff,0,"Data Secure Unprivileged",0,"4 bytes",0,00000000,"FIXED",0,00,0,"Data Secure Unprivileged",0,"1 byte",0,"OKAY",2,133d9a3b,"OKAY",00000000,e,2,0,1,0,0,0,0,2,0,1,0,2,1,1,1,0,0,00000000,3,1,1,0,1,c08d1dae,3,f,0,0,0,"No Read Addr Cmds","No Read Addr Cmds","No Write Addr Cmds","No Write Addr Cmds","No Write Responses","No Write Responses","_","_","_","_","_","_","_","_","No Write Data Beats","No Write Data Beats"
481,481,0,0,1,1,0,0,0,8e5ffe20afb76fe31ba56e5faf65c9d2,0,3b9a3d13b8d6963fae1d8dc05a6037b2,0,1,0,1,fc696b1d,ffffffdb,0,1,0,0,2,00000000,"FIXED",3,00,"Data Secure Unprivileged","1 byte",0,0,00000000,"INCR",3,00,"Data Secure Unprivileged","4 bytes",0,2,c08d1dae,"SLVERR",00000000,0,2,1,0,0,0,0,0,0,0,2,0,1,6,0,1,1,2,0037e400,"INCR",3,ff,0,"Data Secure Unprivileged",0,"4 bytes",0,00000000,"FIXED",0,00,0,"Data Secure Unprivileged",0,"1 byte",0,"OKAY",2,133d9a3b,"OKAY",00000000,e,2,0,1,0,0,0,0,2,0,1,0,2,1,1,1,0,0,00000000,3,1,1,0,1,c08d1dae,3,f,0,0,0,"No Read Addr Cmds","No Read Addr Cmds","No Write Addr Cmds","No Write Addr Cmds","No Write Responses","No Write Responses","_","_","_","_","_","_","_","_","No Write Data Beats","No Write Data Beats"
482,482,0,0,1,1,0,0,0,8e5ffe20afb76fe31ba56e5faf65c9d2,0,3b9a3d13b8d6963fae1d8dc05a6037b2,0,1,0,1,fc696b1d,ffffffdb,0,1,0,0,2,00000000,"FIXED",3,00,"Data Secure Unprivileged","1 byte",0,0,00000000,"INCR",3,00,"Data Secure Unprivileged","4 bytes",0,2,c08d1dae,"SLVERR",00000000,0,2,1,0,0,0,0,0,0,0,2,0,1,6,0,1,1,2,0037e400,"INCR",3,ff,0,"Data Secure Unprivileged",0,"4 bytes",0,00000000,"FIXED",0,00,0,"Data Secure Unprivileged",0,"1 byte",0,"OKAY",2,133d9a3b,"OKAY",00000000,e,2,0,1,0,0,0,0,2,0,1,0,2,1,1,1,0,0,00000000,3,1,1,1,1,00000000,3,1,1,1,1,"No Read Addr Cmds","No Read Addr Cmds","No Write Addr Cmds","No Write Addr Cmds","No Write Responses","No Write Responses","_","_","Active","Active","_","_","Last Stream","Last Stream","No Write Data Beats","No Write Data Beats"
483,483,0,0,1,1,0,0,0,8e5ffe20afb76fe31ba56e5faf65c9d2,0,3b9a3d13b8d6963fae1d8dc05a6037b2,0,1,0,1,fc696b1d,ffffffdb,0,1,0,0,2,00000000,"FIXED",3,00,"Data Secure Unprivileged","1 byte",0,0,00000000,"INCR",3,00,"Data Secure Unprivileged","4 bytes",0,2,c08d1dae,"OKAY",00000000,0,2,1,0,0,0,0,0,0,0,2,0,1,3,1,1,0,2,0037e400,"INCR",3,ff,0,"Data Secure Unprivileged",0,"4 bytes",0,00000000,"FIXED",0,00,0,"Data Secure Unprivileged",0,"1 byte",0,"OKAY",2,133d9a3b,"OKAY",00000000,0,2,0,1,0,0,0,0,2,0,1,0,2,1,1,1,0,0,b237605a,3,f,0,0,0,00000000,3,1,0,0,1,"No Read Addr Cmds","No Read Addr Cmds","No Write Addr Cmds","No Write Addr Cmds","No Write Responses","No Write Responses","Active","_","_","_","Data Beat","_","_","_","No Write Data Beats","No Write Data Beats"
484,484,0,0,1,1,0,0,0,8e5ffe20afb76fe31ba56e5faf65c9d2,0,3b9a3d13b8d6963fae1d8dc05a6037b2,0,1,0,1,fc696b1d,ffffffdb,0,1,0,0,2,00000000,"FIXED",3,00,"Data Secure Unprivileged","1 byte",0,0,00000000,"INCR",3,00,"Data Secure Unprivileged","4 bytes",0,2,c08d1dae,"OKAY",00000000,0,2,1,0,0,0,0,0,0,0,2,0,1,2,0,1,0,2,0037e400,"INCR",3,ff,0,"Data Secure Unprivileged",0,"4 bytes",0,00000000,"FIXED",0,00,0,"Data Secure Unprivileged",0,"1 byte",0,"OKAY",2,133d9a3b,"OKAY",00000000,0,2,0,1,0,0,0,0,2,0,1,0,2,1,1,1,0,0,b237605a,3,f,1,0,0,00000000,3,1,0,0,1,"No Read Addr Cmds","No Read Addr Cmds","No Write Addr Cmds","No Write Addr Cmds","No Write Responses","No Write Responses","_","_","_","_","_","_","_","_","No Write Data Beats","No Write Data Beats"
485,485,0,0,1,1,0,0,0,8e5ffe20afb76fe31ba56e5faf65c9d2,0,3b9a3d13b8d6963fae1d8dc05a6037b2,0,1,0,1,fc696b1d,ffffffdb,0,1,0,0,2,00000000,"FIXED",3,00,"Data Secure Unprivileged","1 byte",0,0,00000000,"INCR",3,00,"Data Secure Unprivileged","4 bytes",0,2,c08d1dae,"OKAY",00000000,0,2,1,0,0,0,0,0,0,0,2,0,1,2,0,1,0,2,0037e400,"INCR",3,ff,0,"Data Secure Unprivileged",0,"4 bytes",0,00000000,"FIXED",0,00,0,"Data Secure Unprivileged",0,"1 byte",0,"OKAY",2,133d9a3b,"OKAY",00000000,0,2,0,1,0,0,0,0,2,0,1,0,2,1,1,1,0,0,b237605a,3,f,1,0,0,00000000,3,1,0,0,1,"No Read Addr Cmds","No Read Addr Cmds","No Write Addr Cmds","No Write Addr Cmds","No Write Responses","No Write Responses","_","_","_","_","_","_","_","_","No Write Data Beats","No Write Data Beats"
486,486,0,0,1,1,0,0,0,8e5ffe20afb76fe31ba56e5faf65c9d2,0,3b9a3d13b8d6963fae1d8dc05a6037b2,0,1,0,1,fc696b1d,ffffffdb,0,1,0,0,2,00000000,"FIXED",3,00,"Data Secure Unprivileged","1 byte",0,0,00000000,"INCR",3,00,"Data Secure Unprivileged","4 bytes",0,2,c08d1dae,"OKAY",00000000,0,2,1,0,0,0,0,0,0,0,2,0,1,2,0,1,0,2,0037e400,"INCR",3,ff,0,"Data Secure Unprivileged",0,"4 bytes",0,00000000,"FIXED",0,00,0,"Data Secure Unprivileged",0,"1 byte",0,"OKAY",2,133d9a3b,"OKAY",00000000,0,2,0,1,0,0,0,0,2,0,1,0,2,1,1,1,0,0,b237605a,3,f,1,1,0,b237605a,3,f,1,1,0,"No Read Addr Cmds","No Read Addr Cmds","No Write Addr Cmds","No Write Addr Cmds","No Write Responses","No Write Responses","_","_","Active","Active","_","_","Stream Beat","Stream Beat","No Write Data Beats","No Write Data Beats"
487,487,0,0,1,1,0,0,0,8e5ffe20afb76fe31ba56e5faf65c9d2,0,3b9a3d13b8d6963fae1d8dc05a6037b2,0,1,0,0,fc696b1d,ffffffdb,0,1,0,0,2,00000000,"FIXED",3,00,"Data Secure Unprivileged","1 byte",0,0,00000000,"INCR",3,00,"Data Secure Unprivileged","4 bytes",0,2,c08d1dae,"SLVERR",00000000,0,2,1,0,0,0,0,0,0,0,2,0,1,2,0,1,0,2,0037e400,"INCR",3,ff,0,"Data Secure Unprivileged",0,"4 bytes",0,00000000,"FIXED",0,00,0,"Data Secure Unprivileged",0,"1 byte",0,"OKAY",2,133d9a3b,"OKAY",00000000,a,2,0,1,4,0,0,1,2,0,1,0,2,1,1,3,1,0,00000000,3,1,1,0,1,b237605a,3,f,0,0,0,"No Read Addr Cmds","No Read Addr Cmds","No Write Addr Cmds","No Write Addr Cmds","No Write Responses","No Write Responses","_","Active","_","_","_","Data Beat","_","_","No Write Data Beats","No Write Data Beats"
488,488,0,0,1,1,0,0,0,8e5ffe20afb76fe31ba56e5faf65c9d2,0,3b9a3d13b8d6963fae1d8dc05a6037b2,0,1,0,1,03b1b875,ffffffdb,0,1,0,0,2,00000000,"FIXED",3,00,"Data Secure Unprivileged","1 byte",0,0,00000000,"INCR",3,00,"Data Secure Unprivileged","4 bytes",0,2,b237605a,"SLVERR",00000000,0,2,1,0,0,0,0,0,0,0,2,0,1,2,0,1,0,2,0037e400,"INCR",3,ff,0,"Data Secure Unprivileged",0,"4 bytes",0,00000000,"FIXED",0,00,0,"Data Secure Unprivileged",0,"1 byte",0,"OKAY",2,3f96d6b8,"OKAY",00000000,a,2,0,1,4,0,0,1,2,0,1,0,2,1,1,1,0,0,00000000,3,1,1,0,1,b237605a,3,f,0,0,0,"No Read Addr Cmds","No Read Addr Cmds","No Write Addr Cmds","No Write Addr Cmds","No Write Responses","No Write Responses","_","_","_","_","_","_","_","_","No Write Data Beats","No Write Data Beats"
489,489,0,0,1,1,0,0,0,8e5ffe20afb76fe31ba56e5faf65c9d2,0,3b9a3d13b8d6963fae1d8dc05a6037b2,0,1,0,1,03b1b875,ffffffdb,0,1,0,0,2,00000000,"FIXED",3,00,"Data Secure Unprivileged","1 byte",0,0,00000000,"INCR",3,00,"Data Secure Unprivileged","4 bytes",0,2,b237605a,"SLVERR",00000000,0,2,1,0,0,0,0,0,0,0,2,0,1,2,0,1,0,2,0037e400,"INCR",3,ff,0,"Data Secure Unprivileged",0,"4 bytes",0,00000000,"FIXED",0,00,0,"Data Secure Unprivileged",0,"1 byte",0,"OKAY",2,3f96d6b8,"OKAY",00000000,a,2,0,1,4,0,0,1,2,0,1,0,2,1,1,1,0,0,00000000,3,1,1,0,1,b237605a,3,f,0,0,0,"No Read Addr Cmds","No Read Addr Cmds","No Write Addr Cmds","No Write Addr Cmds","No Write Responses","No Write Responses","_","_","_","_","_","_","_","_","No Write Data Beats","No Write Data Beats"
490,490,0,0,1,1,0,0,0,8e5ffe20afb76fe31ba56e5faf65c9d2,0,3b9a3d13b8d6963fae1d8dc05a6037b2,0,1,0,1,03b1b875,ffffffdb,0,1,0,0,2,00000000,"FIXED",3,00,"Data Secure Unprivileged","1 byte",0,0,00000000,"INCR",3,00,"Data Secure Unprivileged","4 bytes",0,2,b237605a,"SLVERR",00000000,0,2,1,0,0,0,0,0,0,0,2,0,1,2,0,1,0,2,0037e400,"INCR",3,ff,0,"Data Secure Unprivileged",0,"4 bytes",0,00000000,"FIXED",0,00,0,"Data Secure Unprivileged",0,"1 byte",0,"OKAY",2,3f96d6b8,"OKAY",00000000,a,2,0,1,4,0,0,1,2,0,1,0,2,1,1,1,0,0,00000000,3,1,1,1,1,00000000,3,1,1,1,1,"No Read Addr Cmds","No Read Addr Cmds","No Write Addr Cmds","No Write Addr Cmds","No Write Responses","No Write Responses","_","_","Active","Active","_","_","Last Stream","Last Stream","No Write Data Beats","No Write Data Beats"
491,491,0,0,1,1,0,0,0,8e5ffe20afb76fe31ba56e5faf65c9d2,0,3b9a3d13b8d6963fae1d8dc05a6037b2,0,1,0,1,03b1b875,ffffffdb,0,1,0,0,2,00000000,"FIXED",3,00,"Data Secure Unprivileged","1 byte",0,0,00000000,"INCR",3,00,"Data Secure Unprivileged","4 bytes",0,2,b237605a,"OKAY",00000000,0,2,1,0,0,0,0,0,0,0,2,0,1,3,1,1,0,2,0037e400,"INCR",3,ff,0,"Data Secure Unprivileged",0,"4 bytes",0,00000000,"FIXED",0,00,0,"Data Secure Unprivileged",0,"1 byte",0,"OKAY",2,3f96d6b8,"OKAY",00000000,0,2,0,1,0,0,0,0,2,0,1,0,2,1,1,1,0,0,133d9a3b,3,f,0,0,0,00000000,3,1,0,0,1,"No Read Addr Cmds","No Read Addr Cmds","No Write Addr Cmds","No Write Addr Cmds","No Write Responses","No Write Responses","Active","_","_","_","Data Beat","_","_","_","No Write Data Beats","No Write Data Beats"
492,492,0,0,1,1,0,0,0,8e5ffe20afb76fe31ba56e5faf65c9d2,0,3b9a3d13b8d6963fae1d8dc05a6037b2,0,1,0,1,03b1b875,ffffffdb,0,1,0,0,2,00000000,"FIXED",3,00,"Data Secure Unprivileged","1 byte",0,0,00000000,"INCR",3,00,"Data Secure Unprivileged","4 bytes",0,2,b237605a,"OKAY",00000000,0,2,1,0,0,0,0,0,0,0,2,0,1,2,0,1,0,2,0037e400,"INCR",3,ff,0,"Data Secure Unprivileged",0,"4 bytes",0,00000000,"FIXED",0,00,0,"Data Secure Unprivileged",0,"1 byte",0,"OKAY",2,3f96d6b8,"OKAY",00000000,0,2,0,1,0,0,0,0,2,0,1,0,2,1,1,1,0,0,133d9a3b,3,f,1,0,0,00000000,3,1,0,0,1,"No Read Addr Cmds","No Read Addr Cmds","No Write Addr Cmds","No Write Addr Cmds","No Write Responses","No Write Responses","_","_","_","_","_","_","_","_","No Write Data Beats","No Write Data Beats"
493,493,0,0,1,1,0,0,0,8e5ffe20afb76fe31ba56e5faf65c9d2,0,3b9a3d13b8d6963fae1d8dc05a6037b2,0,1,0,1,03b1b875,ffffffdb,0,1,0,0,2,00000000,"FIXED",3,00,"Data Secure Unprivileged","1 byte",0,0,00000000,"INCR",3,00,"Data Secure Unprivileged","4 bytes",0,2,b237605a,"OKAY",00000000,0,2,1,0,0,0,0,0,0,0,2,0,1,2,0,1,0,2,0037e400,"INCR",3,ff,0,"Data Secure Unprivileged",0,"4 bytes",0,00000000,"FIXED",0,00,0,"Data Secure Unprivileged",0,"1 byte",0,"OKAY",2,3f96d6b8,"OKAY",00000000,0,2,0,1,0,0,0,0,2,0,1,0,2,1,1,1,0,0,133d9a3b,3,f,1,0,0,00000000,3,1,0,0,1,"No Read Addr Cmds","No Read Addr Cmds","No Write Addr Cmds","No Write Addr Cmds","No Write Responses","No Write Responses","_","_","_","_","_","_","_","_","No Write Data Beats","No Write Data Beats"
494,494,0,0,1,1,0,0,0,8e5ffe20afb76fe31ba56e5faf65c9d2,0,3b9a3d13b8d6963fae1d8dc05a6037b2,0,1,0,1,03b1b875,ffffffdb,0,1,0,0,2,00000000,"FIXED",3,00,"Data Secure Unprivileged","1 byte",0,0,00000000,"INCR",3,00,"Data Secure Unprivileged","4 bytes",0,2,b237605a,"OKAY",00000000,0,2,1,0,0,0,0,0,0,0,2,0,1,2,0,1,0,2,0037e400,"INCR",3,ff,0,"Data Secure Unprivileged",0,"4 bytes",0,00000000,"FIXED",0,00,0,"Data Secure Unprivileged",0,"1 byte",0,"OKAY",2,3f96d6b8,"OKAY",00000000,0,2,0,1,0,0,0,0,2,0,1,0,2,1,1,1,0,0,133d9a3b,3,f,1,1,0,133d9a3b,3,f,1,1,0,"No Read Addr Cmds","No Read Addr Cmds","No Write Addr Cmds","No Write Addr Cmds","No Write Responses","No Write Responses","_","_","Active","Active","_","_","Stream Beat","Stream Beat","No Write Data Beats","No Write Data Beats"
495,495,0,0,1,1,0,0,0,8e5ffe20afb76fe31ba56e5faf65c9d2,0,3b9a3d13b8d6963fae1d8dc05a6037b2,0,1,0,0,03b1b875,ffffffdb,0,1,0,0,2,00000000,"FIXED",3,00,"Data Secure Unprivileged","1 byte",0,0,00000000,"INCR",3,00,"Data Secure Unprivileged","4 bytes",0,2,b237605a,"DECERR",00000000,0,2,1,0,0,0,0,0,0,0,2,0,1,2,0,1,0,2,0037e400,"INCR",3,ff,0,"Data Secure Unprivileged",0,"4 bytes",0,00000000,"FIXED",0,00,0,"Data Secure Unprivileged",0,"1 byte",0,"OKAY",2,3f96d6b8,"OKAY",00000000,b,2,0,1,4,0,0,1,2,0,1,0,2,1,1,3,1,0,00000000,3,1,1,0,1,133d9a3b,3,f,0,0,0,"No Read Addr Cmds","No Read Addr Cmds","No Write Addr Cmds","No Write Addr Cmds","No Write Responses","No Write Responses","_","Active","_","_","_","Data Beat","_","_","No Write Data Beats","No Write Data Beats"
496,496,0,0,1,1,0,0,0,8e5ffe20afb76fe31ba56e5faf65c9d2,0,3b9a3d13b8d6963fae1d8dc05a6037b2,0,1,0,1,4dec065a,ffffffdb,0,1,0,0,2,00000000,"FIXED",3,00,"Data Secure Unprivileged","1 byte",0,0,00000000,"INCR",3,00,"Data Secure Unprivileged","4 bytes",0,2,133d9a3b,"DECERR",00000000,0,2,1,0,0,0,0,0,0,0,2,0,1,2,0,1,0,2,0037e400,"INCR",3,ff,0,"Data Secure Unprivileged",0,"4 bytes",0,00000000,"FIXED",0,00,0,"Data Secure Unprivileged",0,"1 byte",0,"OKAY",2,c08d1dae,"OKAY",00000000,b,2,0,1,4,0,0,1,2,0,1,0,2,1,1,1,0,0,00000000,3,1,1,0,1,133d9a3b,3,f,0,0,0,"No Read Addr Cmds","No Read Addr Cmds","No Write Addr Cmds","No Write Addr Cmds","No Write Responses","No Write Responses","_","_","_","_","_","_","_","_","No Write Data Beats","No Write Data Beats"
497,497,0,0,1,1,0,0,0,8e5ffe20afb76fe31ba56e5faf65c9d2,0,3b9a3d13b8d6963fae1d8dc05a6037b2,0,1,0,1,4dec065a,ffffffdb,0,1,0,0,2,00000000,"FIXED",3,00,"Data Secure Unprivileged","1 byte",0,0,00000000,"INCR",3,00,"Data Secure Unprivileged","4 bytes",0,2,133d9a3b,"DECERR",00000000,0,2,1,0,0,0,0,0,0,0,2,0,1,2,0,1,0,2,0037e400,"INCR",3,ff,0,"Data Secure Unprivileged",0,"4 bytes",0,00000000,"FIXED",0,00,0,"Data Secure Unprivileged",0,"1 byte",0,"OKAY",2,c08d1dae,"OKAY",00000000,b,2,0,1,4,0,0,1,2,0,1,0,2,1,1,1,0,0,00000000,3,1,1,0,1,133d9a3b,3,f,0,0,0,"No Read Addr Cmds","No Read Addr Cmds","No Write Addr Cmds","No Write Addr Cmds","No Write Responses","No Write Responses","_","_","_","_","_","_","_","_","No Write Data Beats","No Write Data Beats"
498,498,0,0,1,1,0,0,0,8e5ffe20afb76fe31ba56e5faf65c9d2,0,3b9a3d13b8d6963fae1d8dc05a6037b2,0,1,0,1,4dec065a,ffffffdb,0,1,0,0,2,00000000,"FIXED",3,00,"Data Secure Unprivileged","1 byte",0,0,00000000,"INCR",3,00,"Data Secure Unprivileged","4 bytes",0,2,133d9a3b,"DECERR",00000000,0,2,1,0,0,0,0,0,0,0,2,0,1,2,0,1,0,2,0037e400,"INCR",3,ff,0,"Data Secure Unprivileged",0,"4 bytes",0,00000000,"FIXED",0,00,0,"Data Secure Unprivileged",0,"1 byte",0,"OKAY",2,c08d1dae,"OKAY",00000000,b,2,0,1,4,0,0,1,2,0,1,0,2,1,1,1,0,0,00000000,3,1,1,1,1,00000000,3,1,1,1,1,"No Read Addr Cmds","No Read Addr Cmds","No Write Addr Cmds","No Write Addr Cmds","No Write Responses","No Write Responses","_","_","Active","Active","_","_","Last Stream","Last Stream","No Write Data Beats","No Write Data Beats"
499,499,0,0,1,1,0,0,0,8e5ffe20afb76fe31ba56e5faf65c9d2,0,3b9a3d13b8d6963fae1d8dc05a6037b2,0,1,0,1,4dec065a,ffffffdb,0,1,0,0,2,00000000,"FIXED",3,00,"Data Secure Unprivileged","1 byte",0,0,00000000,"INCR",3,00,"Data Secure Unprivileged","4 bytes",0,2,133d9a3b,"OKAY",00000000,0,2,1,0,0,0,0,0,0,0,2,0,1,3,1,1,0,2,0037e400,"INCR",3,ff,0,"Data Secure Unprivileged",0,"4 bytes",0,00000000,"FIXED",0,00,0,"Data Secure Unprivileged",0,"1 byte",0,"OKAY",2,c08d1dae,"OKAY",00000000,0,2,0,1,0,0,0,0,2,0,1,0,2,1,1,1,0,0,3f96d6b8,3,f,0,0,0,00000000,3,1,0,0,1,"No Read Addr Cmds","No Read Addr Cmds","No Write Addr Cmds","No Write Addr Cmds","No Write Responses","No Write Responses","Active","_","_","_","Data Beat","_","_","_","No Write Data Beats","No Write Data Beats"
500,500,0,0,1,1,0,0,0,8e5ffe20afb76fe31ba56e5faf65c9d2,0,3b9a3d13b8d6963fae1d8dc05a6037b2,0,1,0,1,4dec065a,ffffffdb,0,1,0,0,2,00000000,"FIXED",3,00,"Data Secure Unprivileged","1 byte",0,0,00000000,"INCR",3,00,"Data Secure Unprivileged","4 bytes",0,2,133d9a3b,"OKAY",00000000,0,2,1,0,0,0,0,0,0,0,2,0,1,2,0,1,0,2,0037e400,"INCR",3,ff,0,"Data Secure Unprivileged",0,"4 bytes",0,00000000,"FIXED",0,00,0,"Data Secure Unprivileged",0,"1 byte",0,"OKAY",2,c08d1dae,"OKAY",00000000,0,2,0,1,0,0,0,0,2,0,1,0,2,1,1,1,0,0,3f96d6b8,3,f,1,0,0,00000000,3,1,0,0,1,"No Read Addr Cmds","No Read Addr Cmds","No Write Addr Cmds","No Write Addr Cmds","No Write Responses","No Write Responses","_","_","_","_","_","_","_","_","No Write Data Beats","No Write Data Beats"
501,501,0,0,1,1,0,0,0,8e5ffe20afb76fe31ba56e5faf65c9d2,0,3b9a3d13b8d6963fae1d8dc05a6037b2,0,1,0,1,4dec065a,ffffffdb,0,1,0,0,2,00000000,"FIXED",3,00,"Data Secure Unprivileged","1 byte",0,0,00000000,"INCR",3,00,"Data Secure Unprivileged","4 bytes",0,2,133d9a3b,"OKAY",00000000,0,2,1,0,0,0,0,0,0,0,2,0,1,2,0,1,0,2,0037e400,"INCR",3,ff,0,"Data Secure Unprivileged",0,"4 bytes",0,00000000,"FIXED",0,00,0,"Data Secure Unprivileged",0,"1 byte",0,"OKAY",2,c08d1dae,"OKAY",00000000,0,2,0,1,0,0,0,0,2,0,1,0,2,1,1,1,0,0,3f96d6b8,3,f,1,0,0,00000000,3,1,0,0,1,"No Read Addr Cmds","No Read Addr Cmds","No Write Addr Cmds","No Write Addr Cmds","No Write Responses","No Write Responses","_","_","_","_","_","_","_","_","No Write Data Beats","No Write Data Beats"
502,502,0,0,1,1,0,0,0,8e5ffe20afb76fe31ba56e5faf65c9d2,0,3b9a3d13b8d6963fae1d8dc05a6037b2,0,1,0,1,4dec065a,ffffffdb,0,1,0,0,2,00000000,"FIXED",3,00,"Data Secure Unprivileged","1 byte",0,0,00000000,"INCR",3,00,"Data Secure Unprivileged","4 bytes",0,2,133d9a3b,"OKAY",00000000,0,2,1,0,0,0,0,0,0,0,2,0,1,2,0,1,0,2,0037e400,"INCR",3,ff,0,"Data Secure Unprivileged",0,"4 bytes",0,00000000,"FIXED",0,00,0,"Data Secure Unprivileged",0,"1 byte",0,"OKAY",2,c08d1dae,"OKAY",00000000,0,2,0,1,0,0,0,0,2,0,1,0,2,1,1,1,0,0,3f96d6b8,3,f,1,1,0,3f96d6b8,3,f,1,1,0,"No Read Addr Cmds","No Read Addr Cmds","No Write Addr Cmds","No Write Addr Cmds","No Write Responses","No Write Responses","_","_","Active","Active","_","_","Stream Beat","Stream Beat","No Write Data Beats","No Write Data Beats"
503,503,0,0,1,1,0,0,0,8e5ffe20afb76fe31ba56e5faf65c9d2,0,3b9a3d13b8d6963fae1d8dc05a6037b2,0,1,0,0,4dec065a,ffffffdb,0,1,0,0,2,00000000,"FIXED",3,00,"Data Secure Unprivileged","1 byte",0,0,00000000,"INCR",3,00,"Data Secure Unprivileged","4 bytes",0,2,133d9a3b,"OKAY",00000000,0,2,1,0,0,0,0,0,0,0,2,0,1,2,0,1,0,2,0037e400,"INCR",3,ff,0,"Data Secure Unprivileged",0,"4 bytes",0,00000000,"FIXED",0,00,0,"Data Secure Unprivileged",0,"1 byte",0,"OKAY",2,c08d1dae,"OKAY",00000000,8,2,0,1,4,0,0,1,2,0,1,0,2,1,1,3,1,0,00000000,3,1,1,0,1,3f96d6b8,3,f,0,0,0,"No Read Addr Cmds","No Read Addr Cmds","No Write Addr Cmds","No Write Addr Cmds","No Write Responses","No Write Responses","_","Active","_","_","_","Data Beat","_","_","No Write Data Beats","No Write Data Beats"
504,504,0,0,1,1,0,0,0,8e5ffe20afb76fe31ba56e5faf65c9d2,0,3b9a3d13b8d6963fae1d8dc05a6037b2,0,1,0,1,c8bc59dc,ffffffdb,0,1,0,0,2,00000000,"FIXED",3,00,"Data Secure Unprivileged","1 byte",0,0,00000000,"INCR",3,00,"Data Secure Unprivileged","4 bytes",0,2,3f96d6b8,"OKAY",00000000,0,2,1,0,0,0,0,0,0,0,2,0,1,2,0,1,0,2,0037e400,"INCR",3,ff,0,"Data Secure Unprivileged",0,"4 bytes",0,00000000,"FIXED",0,00,0,"Data Secure Unprivileged",0,"1 byte",0,"OKAY",2,b237605a,"OKAY",00000000,8,2,0,1,4,0,0,1,2,0,1,0,2,1,1,1,0,0,00000000,3,1,1,0,1,3f96d6b8,3,f,0,0,0,"No Read Addr Cmds","No Read Addr Cmds","No Write Addr Cmds","No Write Addr Cmds","No Write Responses","No Write Responses","_","_","_","_","_","_","_","_","No Write Data Beats","No Write Data Beats"
505,505,0,0,1,1,0,0,0,8e5ffe20afb76fe31ba56e5faf65c9d2,0,3b9a3d13b8d6963fae1d8dc05a6037b2,0,1,0,1,c8bc59dc,ffffffdb,0,1,0,0,2,00000000,"FIXED",3,00,"Data Secure Unprivileged","1 byte",0,0,00000000,"INCR",3,00,"Data Secure Unprivileged","4 bytes",0,2,3f96d6b8,"OKAY",00000000,0,2,1,0,0,0,0,0,0,0,2,0,1,2,0,1,0,2,0037e400,"INCR",3,ff,0,"Data Secure Unprivileged",0,"4 bytes",0,00000000,"FIXED",0,00,0,"Data Secure Unprivileged",0,"1 byte",0,"OKAY",2,b237605a,"OKAY",00000000,8,2,0,1,4,0,0,1,2,0,1,0,2,1,1,1,0,0,00000000,3,1,1,0,1,3f96d6b8,3,f,0,0,0,"No Read Addr Cmds","No Read Addr Cmds","No Write Addr Cmds","No Write Addr Cmds","No Write Responses","No Write Responses","_","_","_","_","_","_","_","_","No Write Data Beats","No Write Data Beats"
506,506,0,0,1,1,0,0,0,8e5ffe20afb76fe31ba56e5faf65c9d2,0,3b9a3d13b8d6963fae1d8dc05a6037b2,0,1,0,1,c8bc59dc,ffffffdb,0,1,0,0,2,00000000,"FIXED",3,00,"Data Secure Unprivileged","1 byte",0,0,00000000,"INCR",3,00,"Data Secure Unprivileged","4 bytes",0,2,3f96d6b8,"OKAY",00000000,0,2,1,0,0,0,0,0,0,0,2,0,1,2,0,1,0,2,0037e400,"INCR",3,ff,0,"Data Secure Unprivileged",0,"4 bytes",0,00000000,"FIXED",0,00,0,"Data Secure Unprivileged",0,"1 byte",0,"OKAY",2,b237605a,"OKAY",00000000,8,2,0,1,4,0,0,1,2,0,1,0,2,1,1,1,0,0,00000000,3,1,1,1,1,00000000,3,1,1,1,1,"No Read Addr Cmds","No Read Addr Cmds","No Write Addr Cmds","No Write Addr Cmds","No Write Responses","No Write Responses","_","_","Active","Active","_","_","Last Stream","Last Stream","No Write Data Beats","No Write Data Beats"
507,507,0,0,1,1,0,0,0,8e5ffe20afb76fe31ba56e5faf65c9d2,0,3b9a3d13b8d6963fae1d8dc05a6037b2,0,1,0,1,c8bc59dc,ffffffdb,0,1,0,0,2,00000000,"FIXED",3,00,"Data Secure Unprivileged","1 byte",0,0,00000000,"INCR",3,00,"Data Secure Unprivileged","4 bytes",0,2,3f96d6b8,"OKAY",00000000,0,2,1,0,0,0,0,0,0,0,2,0,1,3,1,1,0,2,0037e400,"INCR",3,ff,0,"Data Secure Unprivileged",0,"4 bytes",0,00000000,"FIXED",0,00,0,"Data Secure Unprivileged",0,"1 byte",0,"OKAY",2,b237605a,"OKAY",00000000,0,2,0,1,0,0,0,0,2,0,1,0,2,1,1,1,0,0,c08d1dae,3,f,0,0,0,00000000,3,1,0,0,1,"No Read Addr Cmds","No Read Addr Cmds","No Write Addr Cmds","No Write Addr Cmds","No Write Responses","No Write Responses","Active","_","_","_","Data Beat","_","_","_","No Write Data Beats","No Write Data Beats"
508,508,0,0,1,1,0,0,0,8e5ffe20afb76fe31ba56e5faf65c9d2,0,3b9a3d13b8d6963fae1d8dc05a6037b2,0,1,0,1,c8bc59dc,ffffffdb,0,1,0,0,2,00000000,"FIXED",3,00,"Data Secure Unprivileged","1 byte",0,0,00000000,"INCR",3,00,"Data Secure Unprivileged","4 bytes",0,2,3f96d6b8,"OKAY",00000000,0,2,1,0,0,0,0,0,0,0,2,0,1,2,0,1,0,2,0037e400,"INCR",3,ff,0,"Data Secure Unprivileged",0,"4 bytes",0,00000000,"FIXED",0,00,0,"Data Secure Unprivileged",0,"1 byte",0,"OKAY",2,b237605a,"OKAY",00000000,0,2,0,1,0,0,0,0,2,0,1,0,2,1,1,1,0,0,c08d1dae,3,f,1,0,0,00000000,3,1,0,0,1,"No Read Addr Cmds","No Read Addr Cmds","No Write Addr Cmds","No Write Addr Cmds","No Write Responses","No Write Responses","_","_","_","_","_","_","_","_","No Write Data Beats","No Write Data Beats"
509,509,0,0,1,1,0,0,0,8e5ffe20afb76fe31ba56e5faf65c9d2,0,3b9a3d13b8d6963fae1d8dc05a6037b2,0,1,0,1,c8bc59dc,ffffffdb,0,1,0,0,2,00000000,"FIXED",3,00,"Data Secure Unprivileged","1 byte",0,0,00000000,"INCR",3,00,"Data Secure Unprivileged","4 bytes",0,2,3f96d6b8,"OKAY",00000000,0,2,1,0,0,0,0,0,0,0,2,0,1,2,0,1,0,2,0037e400,"INCR",3,ff,0,"Data Secure Unprivileged",0,"4 bytes",0,00000000,"FIXED",0,00,0,"Data Secure Unprivileged",0,"1 byte",0,"OKAY",2,b237605a,"OKAY",00000000,0,2,0,1,0,0,0,0,2,0,1,0,2,1,1,1,0,0,c08d1dae,3,f,1,0,0,00000000,3,1,0,0,1,"No Read Addr Cmds","No Read Addr Cmds","No Write Addr Cmds","No Write Addr Cmds","No Write Responses","No Write Responses","_","_","_","_","_","_","_","_","No Write Data Beats","No Write Data Beats"
510,510,0,0,1,1,0,0,0,8e5ffe20afb76fe31ba56e5faf65c9d2,0,3b9a3d13b8d6963fae1d8dc05a6037b2,0,1,0,1,c8bc59dc,ffffffdb,0,1,0,0,2,00000000,"FIXED",3,00,"Data Secure Unprivileged","1 byte",0,0,00000000,"INCR",3,00,"Data Secure Unprivileged","4 bytes",0,2,3f96d6b8,"OKAY",00000000,0,2,1,0,0,0,0,0,0,0,2,0,1,2,0,1,0,2,0037e400,"INCR",3,ff,0,"Data Secure Unprivileged",0,"4 bytes",0,00000000,"FIXED",0,00,0,"Data Secure Unprivileged",0,"1 byte",0,"OKAY",2,b237605a,"OKAY",00000000,0,2,0,1,0,0,0,0,2,0,1,0,2,1,1,1,0,0,c08d1dae,3,f,1,1,0,c08d1dae,3,f,1,1,0,"No Read Addr Cmds","No Read Addr Cmds","No Write Addr Cmds","No Write Addr Cmds","No Write Responses","No Write Responses","_","_","Active","Active","_","_","Stream Beat","Stream Beat","No Write Data Beats","No Write Data Beats"
511,511,0,0,1,1,0,0,0,8e5ffe20afb76fe31ba56e5faf65c9d2,0,3b9a3d13b8d6963fae1d8dc05a6037b2,0,1,0,0,c8bc59dc,ffffffdb,0,1,0,0,2,00000000,"FIXED",3,00,"Data Secure Unprivileged","1 byte",0,0,00000000,"INCR",3,00,"Data Secure Unprivileged","4 bytes",0,2,3f96d6b8,"SLVERR",00000000,0,2,1,0,0,0,0,0,0,0,2,0,1,6,0,1,1,2,0037e400,"INCR",3,ff,0,"Data Secure Unprivileged",0,"4 bytes",0,00000000,"FIXED",0,00,0,"Data Secure Unprivileged",0,"1 byte",0,"OKAY",2,b237605a,"OKAY",00000000,e,2,0,1,0,0,0,0,2,0,1,0,2,1,1,3,1,0,00000000,3,1,1,0,1,c08d1dae,3,f,0,0,0,"No Read Addr Cmds","No Read Addr Cmds","No Write Addr Cmds","No Write Addr Cmds","No Write Responses","No Write Responses","_","Active","_","_","_","Data Beat","_","_","No Write Data Beats","No Write Data Beats"
512,512,0,0,1,1,0,0,0,8e5ffe20afb76fe31ba56e5faf65c9d2,0,3b9a3d13b8d6963fae1d8dc05a6037b2,0,1,0,1,fc696b1d,ffffffdb,0,1,0,0,2,00000000,"FIXED",3,00,"Data Secure Unprivileged","1 byte",0,0,00000000,"INCR",3,00,"Data Secure Unprivileged","4 bytes",0,2,c08d1dae,"SLVERR",00000000,0,2,1,0,0,0,0,0,0,0,2,0,1,6,0,1,1,2,0037e400,"INCR",3,ff,0,"Data Secure Unprivileged",0,"4 bytes",0,00000000,"FIXED",0,00,0,"Data Secure Unprivileged",0,"1 byte",0,"OKAY",2,133d9a3b,"OKAY",00000000,e,2,0,1,0,0,0,0,2,0,1,0,2,1,1,1,0,0,00000000,3,1,1,0,1,c08d1dae,3,f,0,0,0,"No Read Addr Cmds","No Read Addr Cmds","No Write Addr Cmds","No Write Addr Cmds","No Write Responses","No Write Responses","_","_","_","_","_","_","_","_","No Write Data Beats","No Write Data Beats"
513,513,0,0,1,1,0,0,0,8e5ffe20afb76fe31ba56e5faf65c9d2,0,3b9a3d13b8d6963fae1d8dc05a6037b2,0,1,0,1,fc696b1d,ffffffdb,0,1,0,0,2,00000000,"FIXED",3,00,"Data Secure Unprivileged","1 byte",0,0,00000000,"INCR",3,00,"Data Secure Unprivileged","4 bytes",0,2,c08d1dae,"SLVERR",00000000,0,2,1,0,0,0,0,0,0,0,2,0,1,6,0,1,1,2,0037e400,"INCR",3,ff,0,"Data Secure Unprivileged",0,"4 bytes",0,00000000,"FIXED",0,00,0,"Data Secure Unprivileged",0,"1 byte",0,"OKAY",2,133d9a3b,"OKAY",00000000,e,2,0,1,0,0,0,0,2,0,1,0,2,1,1,1,0,0,00000000,3,1,1,0,1,c08d1dae,3,f,0,0,0,"No Read Addr Cmds","No Read Addr Cmds","No Write Addr Cmds","No Write Addr Cmds","No Write Responses","No Write Responses","_","_","_","_","_","_","_","_","No Write Data Beats","No Write Data Beats"
514,514,0,0,1,1,0,0,0,8e5ffe20afb76fe31ba56e5faf65c9d2,0,3b9a3d13b8d6963fae1d8dc05a6037b2,0,1,0,1,fc696b1d,ffffffdb,0,1,0,0,2,00000000,"FIXED",3,00,"Data Secure Unprivileged","1 byte",0,0,00000000,"INCR",3,00,"Data Secure Unprivileged","4 bytes",0,2,c08d1dae,"SLVERR",00000000,0,2,1,0,0,0,0,0,0,0,2,0,1,6,0,1,1,2,0037e400,"INCR",3,ff,0,"Data Secure Unprivileged",0,"4 bytes",0,00000000,"FIXED",0,00,0,"Data Secure Unprivileged",0,"1 byte",0,"OKAY",2,133d9a3b,"OKAY",00000000,e,2,0,1,0,0,0,0,2,0,1,0,2,1,1,1,0,0,00000000,3,1,1,1,1,00000000,3,1,1,1,1,"No Read Addr Cmds","No Read Addr Cmds","No Write Addr Cmds","No Write Addr Cmds","No Write Responses","No Write Responses","_","_","Active","Active","_","_","Last Stream","Last Stream","No Write Data Beats","No Write Data Beats"
515,515,0,0,1,1,0,0,0,8e5ffe20afb76fe31ba56e5faf65c9d2,0,3b9a3d13b8d6963fae1d8dc05a6037b2,0,1,0,1,fc696b1d,ffffffdb,0,1,0,0,2,00000000,"FIXED",3,00,"Data Secure Unprivileged","1 byte",0,0,00000000,"INCR",3,00,"Data Secure Unprivileged","4 bytes",0,2,c08d1dae,"OKAY",00000000,0,2,1,0,0,0,0,0,0,0,2,0,1,3,1,1,0,2,0037e400,"INCR",3,ff,0,"Data Secure Unprivileged",0,"4 bytes",0,00000000,"FIXED",0,00,0,"Data Secure Unprivileged",0,"1 byte",0,"OKAY",2,133d9a3b,"OKAY",00000000,0,2,0,1,0,0,0,0,2,0,1,0,2,1,1,1,0,0,b237605a,3,f,0,0,0,00000000,3,1,0,0,1,"No Read Addr Cmds","No Read Addr Cmds","No Write Addr Cmds","No Write Addr Cmds","No Write Responses","No Write Responses","Active","_","_","_","Data Beat","_","_","_","No Write Data Beats","No Write Data Beats"
516,516,0,0,1,1,0,0,0,8e5ffe20afb76fe31ba56e5faf65c9d2,0,3b9a3d13b8d6963fae1d8dc05a6037b2,0,1,0,1,fc696b1d,ffffffdb,0,1,0,0,2,00000000,"FIXED",3,00,"Data Secure Unprivileged","1 byte",0,0,00000000,"INCR",3,00,"Data Secure Unprivileged","4 bytes",0,2,c08d1dae,"OKAY",00000000,0,2,1,0,0,0,0,0,0,0,2,0,1,2,0,1,0,2,0037e400,"INCR",3,ff,0,"Data Secure Unprivileged",0,"4 bytes",0,00000000,"FIXED",0,00,0,"Data Secure Unprivileged",0,"1 byte",0,"OKAY",2,133d9a3b,"OKAY",00000000,0,2,0,1,0,0,0,0,2,0,1,0,2,1,1,1,0,0,b237605a,3,f,1,0,0,00000000,3,1,0,0,1,"No Read Addr Cmds","No Read Addr Cmds","No Write Addr Cmds","No Write Addr Cmds","No Write Responses","No Write Responses","_","_","_","_","_","_","_","_","No Write Data Beats","No Write Data Beats"
517,517,0,0,1,1,0,0,0,8e5ffe20afb76fe31ba56e5faf65c9d2,0,3b9a3d13b8d6963fae1d8dc05a6037b2,0,1,0,1,fc696b1d,ffffffdb,0,1,0,0,2,00000000,"FIXED",3,00,"Data Secure Unprivileged","1 byte",0,0,00000000,"INCR",3,00,"Data Secure Unprivileged","4 bytes",0,2,c08d1dae,"OKAY",00000000,0,2,1,0,0,0,0,0,0,0,2,0,1,2,0,1,0,2,0037e400,"INCR",3,ff,0,"Data Secure Unprivileged",0,"4 bytes",0,00000000,"FIXED",0,00,0,"Data Secure Unprivileged",0,"1 byte",0,"OKAY",2,133d9a3b,"OKAY",00000000,0,2,0,1,0,0,0,0,2,0,1,0,2,1,1,1,0,0,b237605a,3,f,1,0,0,00000000,3,1,0,0,1,"No Read Addr Cmds","No Read Addr Cmds","No Write Addr Cmds","No Write Addr Cmds","No Write Responses","No Write Responses","_","_","_","_","_","_","_","_","No Write Data Beats","No Write Data Beats"
518,518,0,0,1,1,0,0,0,8e5ffe20afb76fe31ba56e5faf65c9d2,0,3b9a3d13b8d6963fae1d8dc05a6037b2,0,1,0,1,fc696b1d,ffffffdb,0,1,0,0,2,00000000,"FIXED",3,00,"Data Secure Unprivileged","1 byte",0,0,00000000,"INCR",3,00,"Data Secure Unprivileged","4 bytes",0,2,c08d1dae,"OKAY",00000000,0,2,1,0,0,0,0,0,0,0,2,0,1,2,0,1,0,2,0037e400,"INCR",3,ff,0,"Data Secure Unprivileged",0,"4 bytes",0,00000000,"FIXED",0,00,0,"Data Secure Unprivileged",0,"1 byte",0,"OKAY",2,133d9a3b,"OKAY",00000000,0,2,0,1,0,0,0,0,2,0,1,0,2,1,1,1,0,0,b237605a,3,f,1,1,0,b237605a,3,f,1,1,0,"No Read Addr Cmds","No Read Addr Cmds","No Write Addr Cmds","No Write Addr Cmds","No Write Responses","No Write Responses","_","_","Active","Active","_","_","Stream Beat","Stream Beat","No Write Data Beats","No Write Data Beats"
519,519,0,0,1,1,0,0,0,8e5ffe20afb76fe31ba56e5faf65c9d2,0,3b9a3d13b8d6963fae1d8dc05a6037b2,0,1,0,0,fc696b1d,ffffffdb,0,1,0,0,2,00000000,"FIXED",3,00,"Data Secure Unprivileged","1 byte",0,0,00000000,"INCR",3,00,"Data Secure Unprivileged","4 bytes",0,2,c08d1dae,"SLVERR",00000000,0,2,1,0,0,0,0,0,0,0,2,0,1,2,0,1,0,2,0037e400,"INCR",3,ff,0,"Data Secure Unprivileged",0,"4 bytes",0,00000000,"FIXED",0,00,0,"Data Secure Unprivileged",0,"1 byte",0,"OKAY",2,133d9a3b,"OKAY",00000000,a,2,0,1,4,0,0,1,2,0,1,0,2,1,1,3,1,0,00000000,3,1,1,0,1,b237605a,3,f,0,0,0,"No Read Addr Cmds","No Read Addr Cmds","No Write Addr Cmds","No Write Addr Cmds","No Write Responses","No Write Responses","_","Active","_","_","_","Data Beat","_","_","No Write Data Beats","No Write Data Beats"
520,520,0,0,1,1,0,0,0,8e5ffe20afb76fe31ba56e5faf65c9d2,0,3b9a3d13b8d6963fae1d8dc05a6037b2,0,1,0,1,03b1b875,ffffffdb,0,1,0,0,2,00000000,"FIXED",3,00,"Data Secure Unprivileged","1 byte",0,0,00000000,"INCR",3,00,"Data Secure Unprivileged","4 bytes",0,2,b237605a,"SLVERR",00000000,0,2,1,0,0,0,0,0,0,0,2,0,1,2,0,1,0,2,0037e400,"INCR",3,ff,0,"Data Secure Unprivileged",0,"4 bytes",0,00000000,"FIXED",0,00,0,"Data Secure Unprivileged",0,"1 byte",0,"OKAY",2,3f96d6b8,"OKAY",00000000,a,2,0,1,4,0,0,1,2,0,1,0,2,1,1,1,0,0,00000000,3,1,1,0,1,b237605a,3,f,0,0,0,"No Read Addr Cmds","No Read Addr Cmds","No Write Addr Cmds","No Write Addr Cmds","No Write Responses","No Write Responses","_","_","_","_","_","_","_","_","No Write Data Beats","No Write Data Beats"
521,521,0,0,1,1,0,0,0,8e5ffe20afb76fe31ba56e5faf65c9d2,0,3b9a3d13b8d6963fae1d8dc05a6037b2,0,1,0,1,03b1b875,ffffffdb,0,1,0,0,2,00000000,"FIXED",3,00,"Data Secure Unprivileged","1 byte",0,0,00000000,"INCR",3,00,"Data Secure Unprivileged","4 bytes",0,2,b237605a,"SLVERR",00000000,0,2,1,0,0,0,0,0,0,0,2,0,1,2,0,1,0,2,0037e400,"INCR",3,ff,0,"Data Secure Unprivileged",0,"4 bytes",0,00000000,"FIXED",0,00,0,"Data Secure Unprivileged",0,"1 byte",0,"OKAY",2,3f96d6b8,"OKAY",00000000,a,2,0,1,4,0,0,1,2,0,1,0,2,1,1,1,0,0,00000000,3,1,1,0,1,b237605a,3,f,0,0,0,"No Read Addr Cmds","No Read Addr Cmds","No Write Addr Cmds","No Write Addr Cmds","No Write Responses","No Write Responses","_","_","_","_","_","_","_","_","No Write Data Beats","No Write Data Beats"
522,522,0,0,1,1,0,0,0,8e5ffe20afb76fe31ba56e5faf65c9d2,0,3b9a3d13b8d6963fae1d8dc05a6037b2,0,1,0,1,03b1b875,ffffffdb,0,1,0,0,2,00000000,"FIXED",3,00,"Data Secure Unprivileged","1 byte",0,0,00000000,"INCR",3,00,"Data Secure Unprivileged","4 bytes",0,2,b237605a,"SLVERR",00000000,0,2,1,0,0,0,0,0,0,0,2,0,1,2,0,1,0,2,0037e400,"INCR",3,ff,0,"Data Secure Unprivileged",0,"4 bytes",0,00000000,"FIXED",0,00,0,"Data Secure Unprivileged",0,"1 byte",0,"OKAY",2,3f96d6b8,"OKAY",00000000,a,2,0,1,4,0,0,1,2,0,1,0,2,1,1,1,0,0,00000000,3,1,1,1,1,00000000,3,1,1,1,1,"No Read Addr Cmds","No Read Addr Cmds","No Write Addr Cmds","No Write Addr Cmds","No Write Responses","No Write Responses","_","_","Active","Active","_","_","Last Stream","Last Stream","No Write Data Beats","No Write Data Beats"
523,523,0,0,1,1,0,0,0,8e5ffe20afb76fe31ba56e5faf65c9d2,0,3b9a3d13b8d6963fae1d8dc05a6037b2,0,1,0,1,03b1b875,ffffffdb,0,1,0,0,2,00000000,"FIXED",3,00,"Data Secure Unprivileged","1 byte",0,0,00000000,"INCR",3,00,"Data Secure Unprivileged","4 bytes",0,2,b237605a,"OKAY",00000000,0,2,1,0,0,0,0,0,0,0,2,0,1,3,1,1,0,2,0037e400,"INCR",3,ff,0,"Data Secure Unprivileged",0,"4 bytes",0,00000000,"FIXED",0,00,0,"Data Secure Unprivileged",0,"1 byte",0,"OKAY",2,3f96d6b8,"OKAY",00000000,0,2,0,1,0,0,0,0,2,0,1,0,2,1,1,1,0,0,133d9a3b,3,f,0,0,0,00000000,3,1,0,0,1,"No Read Addr Cmds","No Read Addr Cmds","No Write Addr Cmds","No Write Addr Cmds","No Write Responses","No Write Responses","Active","_","_","_","Data Beat","_","_","_","No Write Data Beats","No Write Data Beats"
524,524,0,0,1,1,0,0,0,8e5ffe20afb76fe31ba56e5faf65c9d2,0,3b9a3d13b8d6963fae1d8dc05a6037b2,0,1,0,1,03b1b875,ffffffdb,0,1,0,0,2,00000000,"FIXED",3,00,"Data Secure Unprivileged","1 byte",0,0,00000000,"INCR",3,00,"Data Secure Unprivileged","4 bytes",0,2,b237605a,"OKAY",00000000,0,2,1,0,0,0,0,0,0,0,2,0,1,2,0,1,0,2,0037e400,"INCR",3,ff,0,"Data Secure Unprivileged",0,"4 bytes",0,00000000,"FIXED",0,00,0,"Data Secure Unprivileged",0,"1 byte",0,"OKAY",2,3f96d6b8,"OKAY",00000000,0,2,0,1,0,0,0,0,2,0,1,0,2,1,1,1,0,0,133d9a3b,3,f,1,0,0,00000000,3,1,0,0,1,"No Read Addr Cmds","No Read Addr Cmds","No Write Addr Cmds","No Write Addr Cmds","No Write Responses","No Write Responses","_","_","_","_","_","_","_","_","No Write Data Beats","No Write Data Beats"
525,525,0,0,1,1,0,0,0,8e5ffe20afb76fe31ba56e5faf65c9d2,0,3b9a3d13b8d6963fae1d8dc05a6037b2,0,1,0,1,03b1b875,ffffffdb,0,1,0,0,2,00000000,"FIXED",3,00,"Data Secure Unprivileged","1 byte",0,0,00000000,"INCR",3,00,"Data Secure Unprivileged","4 bytes",0,2,b237605a,"OKAY",00000000,0,2,1,0,0,0,0,0,0,0,2,0,1,2,0,1,0,2,0037e400,"INCR",3,ff,0,"Data Secure Unprivileged",0,"4 bytes",0,00000000,"FIXED",0,00,0,"Data Secure Unprivileged",0,"1 byte",0,"OKAY",2,3f96d6b8,"OKAY",00000000,0,2,0,1,0,0,0,0,2,0,1,0,2,1,1,1,0,0,133d9a3b,3,f,1,0,0,00000000,3,1,0,0,1,"No Read Addr Cmds","No Read Addr Cmds","No Write Addr Cmds","No Write Addr Cmds","No Write Responses","No Write Responses","_","_","_","_","_","_","_","_","No Write Data Beats","No Write Data Beats"
526,526,0,0,1,1,0,0,0,8e5ffe20afb76fe31ba56e5faf65c9d2,0,3b9a3d13b8d6963fae1d8dc05a6037b2,0,1,0,1,03b1b875,ffffffdb,0,1,0,0,2,00000000,"FIXED",3,00,"Data Secure Unprivileged","1 byte",0,0,00000000,"INCR",3,00,"Data Secure Unprivileged","4 bytes",0,2,b237605a,"OKAY",00000000,0,2,1,0,0,0,0,0,0,0,2,0,1,2,0,1,0,2,0037e400,"INCR",3,ff,0,"Data Secure Unprivileged",0,"4 bytes",0,00000000,"FIXED",0,00,0,"Data Secure Unprivileged",0,"1 byte",0,"OKAY",2,3f96d6b8,"OKAY",00000000,0,2,0,1,0,0,0,0,2,0,1,0,2,1,1,1,0,0,133d9a3b,3,f,1,1,0,133d9a3b,3,f,1,1,0,"No Read Addr Cmds","No Read Addr Cmds","No Write Addr Cmds","No Write Addr Cmds","No Write Responses","No Write Responses","_","_","Active","Active","_","_","Stream Beat","Stream Beat","No Write Data Beats","No Write Data Beats"
527,527,0,0,1,1,0,0,0,8e5ffe20afb76fe31ba56e5faf65c9d2,0,3b9a3d13b8d6963fae1d8dc05a6037b2,0,1,0,0,03b1b875,ffffffdb,0,1,0,0,2,00000000,"FIXED",3,00,"Data Secure Unprivileged","1 byte",0,0,00000000,"INCR",3,00,"Data Secure Unprivileged","4 bytes",0,2,b237605a,"DECERR",00000000,0,2,1,0,0,0,0,0,0,0,2,0,1,2,0,1,0,2,0037e400,"INCR",3,ff,0,"Data Secure Unprivileged",0,"4 bytes",0,00000000,"FIXED",0,00,0,"Data Secure Unprivileged",0,"1 byte",0,"OKAY",2,3f96d6b8,"OKAY",00000000,b,2,0,1,4,0,0,1,2,0,1,0,2,1,1,3,1,0,00000000,3,1,1,0,1,133d9a3b,3,f,0,0,0,"No Read Addr Cmds","No Read Addr Cmds","No Write Addr Cmds","No Write Addr Cmds","No Write Responses","No Write Responses","_","Active","_","_","_","Data Beat","_","_","No Write Data Beats","No Write Data Beats"
528,528,0,0,1,1,0,0,0,8e5ffe20afb76fe31ba56e5faf65c9d2,0,3b9a3d13b8d6963fae1d8dc05a6037b2,0,1,0,1,4dec065a,ffffffdb,0,1,0,0,2,00000000,"FIXED",3,00,"Data Secure Unprivileged","1 byte",0,0,00000000,"INCR",3,00,"Data Secure Unprivileged","4 bytes",0,2,133d9a3b,"DECERR",00000000,0,2,1,0,0,0,0,0,0,0,2,0,1,2,0,1,0,2,0037e400,"INCR",3,ff,0,"Data Secure Unprivileged",0,"4 bytes",0,00000000,"FIXED",0,00,0,"Data Secure Unprivileged",0,"1 byte",0,"OKAY",2,c08d1dae,"OKAY",00000000,b,2,0,1,4,0,0,1,2,0,1,0,2,1,1,1,0,0,00000000,3,1,1,0,1,133d9a3b,3,f,0,0,0,"No Read Addr Cmds","No Read Addr Cmds","No Write Addr Cmds","No Write Addr Cmds","No Write Responses","No Write Responses","_","_","_","_","_","_","_","_","No Write Data Beats","No Write Data Beats"
529,529,0,0,1,1,0,0,0,8e5ffe20afb76fe31ba56e5faf65c9d2,0,3b9a3d13b8d6963fae1d8dc05a6037b2,0,1,0,1,4dec065a,ffffffdb,0,1,0,0,2,00000000,"FIXED",3,00,"Data Secure Unprivileged","1 byte",0,0,00000000,"INCR",3,00,"Data Secure Unprivileged","4 bytes",0,2,133d9a3b,"DECERR",00000000,0,2,1,0,0,0,0,0,0,0,2,0,1,2,0,1,0,2,0037e400,"INCR",3,ff,0,"Data Secure Unprivileged",0,"4 bytes",0,00000000,"FIXED",0,00,0,"Data Secure Unprivileged",0,"1 byte",0,"OKAY",2,c08d1dae,"OKAY",00000000,b,2,0,1,4,0,0,1,2,0,1,0,2,1,1,1,0,0,00000000,3,1,1,0,1,133d9a3b,3,f,0,0,0,"No Read Addr Cmds","No Read Addr Cmds","No Write Addr Cmds","No Write Addr Cmds","No Write Responses","No Write Responses","_","_","_","_","_","_","_","_","No Write Data Beats","No Write Data Beats"
530,530,0,0,1,1,0,0,0,8e5ffe20afb76fe31ba56e5faf65c9d2,0,3b9a3d13b8d6963fae1d8dc05a6037b2,0,1,0,1,4dec065a,ffffffdb,0,1,0,0,2,00000000,"FIXED",3,00,"Data Secure Unprivileged","1 byte",0,0,00000000,"INCR",3,00,"Data Secure Unprivileged","4 bytes",0,2,133d9a3b,"DECERR",00000000,0,2,1,0,0,0,0,0,0,0,2,0,1,2,0,1,0,2,0037e400,"INCR",3,ff,0,"Data Secure Unprivileged",0,"4 bytes",0,00000000,"FIXED",0,00,0,"Data Secure Unprivileged",0,"1 byte",0,"OKAY",2,c08d1dae,"OKAY",00000000,b,2,0,1,4,0,0,1,2,0,1,0,2,1,1,1,0,0,00000000,3,1,1,1,1,00000000,3,1,1,1,1,"No Read Addr Cmds","No Read Addr Cmds","No Write Addr Cmds","No Write Addr Cmds","No Write Responses","No Write Responses","_","_","Active","Active","_","_","Last Stream","Last Stream","No Write Data Beats","No Write Data Beats"
531,531,0,0,1,1,0,0,0,8e5ffe20afb76fe31ba56e5faf65c9d2,0,3b9a3d13b8d6963fae1d8dc05a6037b2,0,1,0,1,4dec065a,ffffffdb,0,1,0,0,2,00000000,"FIXED",3,00,"Data Secure Unprivileged","1 byte",0,0,00000000,"INCR",3,00,"Data Secure Unprivileged","4 bytes",0,2,133d9a3b,"OKAY",00000000,0,2,1,0,0,0,0,0,0,0,2,0,1,3,1,1,0,2,0037e400,"INCR",3,ff,0,"Data Secure Unprivileged",0,"4 bytes",0,00000000,"FIXED",0,00,0,"Data Secure Unprivileged",0,"1 byte",0,"OKAY",2,c08d1dae,"OKAY",00000000,0,2,0,1,0,0,0,0,2,0,1,0,2,1,1,1,0,0,3f96d6b8,3,f,0,0,0,00000000,3,1,0,0,1,"No Read Addr Cmds","No Read Addr Cmds","No Write Addr Cmds","No Write Addr Cmds","No Write Responses","No Write Responses","Active","_","_","_","Data Beat","_","_","_","No Write Data Beats","No Write Data Beats"
532,532,0,0,1,1,0,0,0,8e5ffe20afb76fe31ba56e5faf65c9d2,0,3b9a3d13b8d6963fae1d8dc05a6037b2,0,1,0,1,4dec065a,ffffffdb,0,1,0,0,2,00000000,"FIXED",3,00,"Data Secure Unprivileged","1 byte",0,0,00000000,"INCR",3,00,"Data Secure Unprivileged","4 bytes",0,2,133d9a3b,"OKAY",00000000,0,2,1,0,0,0,0,0,0,0,2,0,1,2,0,1,0,2,0037e400,"INCR",3,ff,0,"Data Secure Unprivileged",0,"4 bytes",0,00000000,"FIXED",0,00,0,"Data Secure Unprivileged",0,"1 byte",0,"OKAY",2,c08d1dae,"OKAY",00000000,0,2,0,1,0,0,0,0,2,0,1,0,2,1,1,1,0,0,3f96d6b8,3,f,1,0,0,00000000,3,1,0,0,1,"No Read Addr Cmds","No Read Addr Cmds","No Write Addr Cmds","No Write Addr Cmds","No Write Responses","No Write Responses","_","_","_","_","_","_","_","_","No Write Data Beats","No Write Data Beats"
533,533,0,0,1,1,0,0,0,8e5ffe20afb76fe31ba56e5faf65c9d2,0,3b9a3d13b8d6963fae1d8dc05a6037b2,0,1,0,1,4dec065a,ffffffdb,0,1,0,0,2,00000000,"FIXED",3,00,"Data Secure Unprivileged","1 byte",0,0,00000000,"INCR",3,00,"Data Secure Unprivileged","4 bytes",0,2,133d9a3b,"OKAY",00000000,0,2,1,0,0,0,0,0,0,0,2,0,1,2,0,1,0,2,0037e400,"INCR",3,ff,0,"Data Secure Unprivileged",0,"4 bytes",0,00000000,"FIXED",0,00,0,"Data Secure Unprivileged",0,"1 byte",0,"OKAY",2,c08d1dae,"OKAY",00000000,0,2,0,1,0,0,0,0,2,0,1,0,2,1,1,1,0,0,3f96d6b8,3,f,1,0,0,00000000,3,1,0,0,1,"No Read Addr Cmds","No Read Addr Cmds","No Write Addr Cmds","No Write Addr Cmds","No Write Responses","No Write Responses","_","_","_","_","_","_","_","_","No Write Data Beats","No Write Data Beats"
534,534,0,0,1,1,0,0,0,8e5ffe20afb76fe31ba56e5faf65c9d2,0,3b9a3d13b8d6963fae1d8dc05a6037b2,0,1,0,1,4dec065a,ffffffdb,0,1,0,0,2,00000000,"FIXED",3,00,"Data Secure Unprivileged","1 byte",0,0,00000000,"INCR",3,00,"Data Secure Unprivileged","4 bytes",0,2,133d9a3b,"OKAY",00000000,0,2,1,0,0,0,0,0,0,0,2,0,1,2,0,1,0,2,0037e400,"INCR",3,ff,0,"Data Secure Unprivileged",0,"4 bytes",0,00000000,"FIXED",0,00,0,"Data Secure Unprivileged",0,"1 byte",0,"OKAY",2,c08d1dae,"OKAY",00000000,0,2,0,1,0,0,0,0,2,0,1,0,2,1,1,1,0,0,3f96d6b8,3,f,1,1,0,3f96d6b8,3,f,1,1,0,"No Read Addr Cmds","No Read Addr Cmds","No Write Addr Cmds","No Write Addr Cmds","No Write Responses","No Write Responses","_","_","Active","Active","_","_","Stream Beat","Stream Beat","No Write Data Beats","No Write Data Beats"
535,535,0,0,1,1,0,0,0,8e5ffe20afb76fe31ba56e5faf65c9d2,0,3b9a3d13b8d6963fae1d8dc05a6037b2,0,1,0,0,4dec065a,ffffffdb,0,1,0,0,2,00000000,"FIXED",3,00,"Data Secure Unprivileged","1 byte",0,0,00000000,"INCR",3,00,"Data Secure Unprivileged","4 bytes",0,2,133d9a3b,"OKAY",00000000,0,2,1,0,0,0,0,0,0,0,2,0,1,2,0,1,0,2,0037e400,"INCR",3,ff,0,"Data Secure Unprivileged",0,"4 bytes",0,00000000,"FIXED",0,00,0,"Data Secure Unprivileged",0,"1 byte",0,"OKAY",2,c08d1dae,"OKAY",00000000,8,2,0,1,4,0,0,1,2,0,1,0,2,1,1,3,1,0,00000000,3,1,1,0,1,3f96d6b8,3,f,0,0,0,"No Read Addr Cmds","No Read Addr Cmds","No Write Addr Cmds","No Write Addr Cmds","No Write Responses","No Write Responses","_","Active","_","_","_","Data Beat","_","_","No Write Data Beats","No Write Data Beats"
536,536,0,0,1,1,0,0,0,8e5ffe20afb76fe31ba56e5faf65c9d2,0,3b9a3d13b8d6963fae1d8dc05a6037b2,0,1,0,1,c8bc59dc,ffffffdb,0,1,0,0,2,00000000,"FIXED",3,00,"Data Secure Unprivileged","1 byte",0,0,00000000,"INCR",3,00,"Data Secure Unprivileged","4 bytes",0,2,3f96d6b8,"OKAY",00000000,0,2,1,0,0,0,0,0,0,0,2,0,1,2,0,1,0,2,0037e400,"INCR",3,ff,0,"Data Secure Unprivileged",0,"4 bytes",0,00000000,"FIXED",0,00,0,"Data Secure Unprivileged",0,"1 byte",0,"OKAY",2,b237605a,"OKAY",00000000,8,2,0,1,4,0,0,1,2,0,1,0,2,1,1,1,0,0,00000000,3,1,1,0,1,3f96d6b8,3,f,0,0,0,"No Read Addr Cmds","No Read Addr Cmds","No Write Addr Cmds","No Write Addr Cmds","No Write Responses","No Write Responses","_","_","_","_","_","_","_","_","No Write Data Beats","No Write Data Beats"
537,537,0,0,1,1,0,0,0,8e5ffe20afb76fe31ba56e5faf65c9d2,0,3b9a3d13b8d6963fae1d8dc05a6037b2,0,1,0,1,c8bc59dc,ffffffdb,0,1,0,0,2,00000000,"FIXED",3,00,"Data Secure Unprivileged","1 byte",0,0,00000000,"INCR",3,00,"Data Secure Unprivileged","4 bytes",0,2,3f96d6b8,"OKAY",00000000,0,2,1,0,0,0,0,0,0,0,2,0,1,2,0,1,0,2,0037e400,"INCR",3,ff,0,"Data Secure Unprivileged",0,"4 bytes",0,00000000,"FIXED",0,00,0,"Data Secure Unprivileged",0,"1 byte",0,"OKAY",2,b237605a,"OKAY",00000000,8,2,0,1,4,0,0,1,2,0,1,0,2,1,1,1,0,0,00000000,3,1,1,0,1,3f96d6b8,3,f,0,0,0,"No Read Addr Cmds","No Read Addr Cmds","No Write Addr Cmds","No Write Addr Cmds","No Write Responses","No Write Responses","_","_","_","_","_","_","_","_","No Write Data Beats","No Write Data Beats"
538,538,0,0,1,1,0,0,0,8e5ffe20afb76fe31ba56e5faf65c9d2,0,3b9a3d13b8d6963fae1d8dc05a6037b2,0,1,0,1,c8bc59dc,ffffffdb,0,1,0,0,2,00000000,"FIXED",3,00,"Data Secure Unprivileged","1 byte",0,0,00000000,"INCR",3,00,"Data Secure Unprivileged","4 bytes",0,2,3f96d6b8,"OKAY",00000000,0,2,1,0,0,0,0,0,0,0,2,0,1,2,0,1,0,2,0037e400,"INCR",3,ff,0,"Data Secure Unprivileged",0,"4 bytes",0,00000000,"FIXED",0,00,0,"Data Secure Unprivileged",0,"1 byte",0,"OKAY",2,b237605a,"OKAY",00000000,8,2,0,1,4,0,0,1,2,0,1,0,2,1,1,1,0,0,00000000,3,1,1,1,1,00000000,3,1,1,1,1,"No Read Addr Cmds","No Read Addr Cmds","No Write Addr Cmds","No Write Addr Cmds","No Write Responses","No Write Responses","_","_","Active","Active","_","_","Last Stream","Last Stream","No Write Data Beats","No Write Data Beats"
539,539,0,0,1,1,0,0,0,8e5ffe20afb76fe31ba56e5faf65c9d2,0,3b9a3d13b8d6963fae1d8dc05a6037b2,0,1,0,1,c8bc59dc,ffffffdb,0,1,0,0,2,00000000,"FIXED",3,00,"Data Secure Unprivileged","1 byte",0,0,00000000,"INCR",3,00,"Data Secure Unprivileged","4 bytes",0,2,3f96d6b8,"OKAY",00000000,0,2,1,0,0,0,0,0,0,0,2,0,1,3,1,1,0,2,0037e400,"INCR",3,ff,0,"Data Secure Unprivileged",0,"4 bytes",0,00000000,"FIXED",0,00,0,"Data Secure Unprivileged",0,"1 byte",0,"OKAY",2,b237605a,"OKAY",00000000,0,2,0,1,0,0,0,0,2,0,1,0,2,1,1,1,0,0,c08d1dae,3,f,0,0,0,00000000,3,1,0,0,1,"No Read Addr Cmds","No Read Addr Cmds","No Write Addr Cmds","No Write Addr Cmds","No Write Responses","No Write Responses","Active","_","_","_","Data Beat","_","_","_","No Write Data Beats","No Write Data Beats"
540,540,0,0,1,1,0,0,0,8e5ffe20afb76fe31ba56e5faf65c9d2,0,3b9a3d13b8d6963fae1d8dc05a6037b2,0,1,0,1,c8bc59dc,ffffffdb,0,1,0,0,2,00000000,"FIXED",3,00,"Data Secure Unprivileged","1 byte",0,0,00000000,"INCR",3,00,"Data Secure Unprivileged","4 bytes",0,2,3f96d6b8,"OKAY",00000000,0,2,1,0,0,0,0,0,0,0,2,0,1,2,0,1,0,2,0037e400,"INCR",3,ff,0,"Data Secure Unprivileged",0,"4 bytes",0,00000000,"FIXED",0,00,0,"Data Secure Unprivileged",0,"1 byte",0,"OKAY",2,b237605a,"OKAY",00000000,0,2,0,1,0,0,0,0,2,0,1,0,2,1,1,1,0,0,c08d1dae,3,f,1,0,0,00000000,3,1,0,0,1,"No Read Addr Cmds","No Read Addr Cmds","No Write Addr Cmds","No Write Addr Cmds","No Write Responses","No Write Responses","_","_","_","_","_","_","_","_","No Write Data Beats","No Write Data Beats"
541,541,0,0,1,1,0,0,0,8e5ffe20afb76fe31ba56e5faf65c9d2,0,3b9a3d13b8d6963fae1d8dc05a6037b2,0,1,0,1,c8bc59dc,ffffffdb,0,1,0,0,2,00000000,"FIXED",3,00,"Data Secure Unprivileged","1 byte",0,0,00000000,"INCR",3,00,"Data Secure Unprivileged","4 bytes",0,2,3f96d6b8,"OKAY",00000000,0,2,1,0,0,0,0,0,0,0,2,0,1,2,0,1,0,2,0037e400,"INCR",3,ff,0,"Data Secure Unprivileged",0,"4 bytes",0,00000000,"FIXED",0,00,0,"Data Secure Unprivileged",0,"1 byte",0,"OKAY",2,b237605a,"OKAY",00000000,0,2,0,1,0,0,0,0,2,0,1,0,2,1,1,1,0,0,c08d1dae,3,f,1,0,0,00000000,3,1,0,0,1,"No Read Addr Cmds","No Read Addr Cmds","No Write Addr Cmds","No Write Addr Cmds","No Write Responses","No Write Responses","_","_","_","_","_","_","_","_","No Write Data Beats","No Write Data Beats"
542,542,0,0,1,1,0,0,0,8e5ffe20afb76fe31ba56e5faf65c9d2,0,3b9a3d13b8d6963fae1d8dc05a6037b2,0,1,0,1,c8bc59dc,ffffffdb,0,1,0,0,2,00000000,"FIXED",3,00,"Data Secure Unprivileged","1 byte",0,0,00000000,"INCR",3,00,"Data Secure Unprivileged","4 bytes",0,2,3f96d6b8,"OKAY",00000000,0,2,1,0,0,0,0,0,0,0,2,0,1,2,0,1,0,2,0037e400,"INCR",3,ff,0,"Data Secure Unprivileged",0,"4 bytes",0,00000000,"FIXED",0,00,0,"Data Secure Unprivileged",0,"1 byte",0,"OKAY",2,b237605a,"OKAY",00000000,0,2,0,1,0,0,0,0,2,0,1,0,2,1,1,1,0,0,c08d1dae,3,f,1,1,0,c08d1dae,3,f,1,1,0,"No Read Addr Cmds","No Read Addr Cmds","No Write Addr Cmds","No Write Addr Cmds","No Write Responses","No Write Responses","_","_","Active","Active","_","_","Stream Beat","Stream Beat","No Write Data Beats","No Write Data Beats"
543,543,0,0,1,1,0,0,0,8e5ffe20afb76fe31ba56e5faf65c9d2,0,3b9a3d13b8d6963fae1d8dc05a6037b2,0,1,0,0,c8bc59dc,ffffffdb,0,1,0,0,2,00000000,"FIXED",3,00,"Data Secure Unprivileged","1 byte",0,0,00000000,"INCR",3,00,"Data Secure Unprivileged","4 bytes",0,2,3f96d6b8,"SLVERR",00000000,0,2,1,0,0,0,0,0,0,0,2,0,1,6,0,1,1,2,0037e400,"INCR",3,ff,0,"Data Secure Unprivileged",0,"4 bytes",0,00000000,"FIXED",0,00,0,"Data Secure Unprivileged",0,"1 byte",0,"OKAY",2,b237605a,"OKAY",00000000,e,2,0,1,0,0,0,0,2,0,1,0,2,1,1,3,1,0,00000000,3,1,1,0,1,c08d1dae,3,f,0,0,0,"No Read Addr Cmds","No Read Addr Cmds","No Write Addr Cmds","No Write Addr Cmds","No Write Responses","No Write Responses","_","Active","_","_","_","Data Beat","_","_","No Write Data Beats","No Write Data Beats"
544,544,0,0,1,1,0,0,0,8e5ffe20afb76fe31ba56e5faf65c9d2,0,3b9a3d13b8d6963fae1d8dc05a6037b2,0,1,0,1,fc696b1d,ffffffdb,0,1,0,0,2,00000000,"FIXED",3,00,"Data Secure Unprivileged","1 byte",0,0,00000000,"INCR",3,00,"Data Secure Unprivileged","4 bytes",0,2,c08d1dae,"SLVERR",00000000,0,2,1,0,0,0,0,0,0,0,2,0,1,6,0,1,1,2,0037e400,"INCR",3,ff,0,"Data Secure Unprivileged",0,"4 bytes",0,00000000,"FIXED",0,00,0,"Data Secure Unprivileged",0,"1 byte",0,"OKAY",2,133d9a3b,"OKAY",00000000,e,2,0,1,0,0,0,0,2,0,1,0,2,1,1,1,0,0,00000000,3,1,1,0,1,c08d1dae,3,f,0,0,0,"No Read Addr Cmds","No Read Addr Cmds","No Write Addr Cmds","No Write Addr Cmds","No Write Responses","No Write Responses","_","_","_","_","_","_","_","_","No Write Data Beats","No Write Data Beats"
545,545,0,0,1,1,0,0,0,8e5ffe20afb76fe31ba56e5faf65c9d2,0,3b9a3d13b8d6963fae1d8dc05a6037b2,0,1,0,1,fc696b1d,ffffffdb,0,1,0,0,2,00000000,"FIXED",3,00,"Data Secure Unprivileged","1 byte",0,0,00000000,"INCR",3,00,"Data Secure Unprivileged","4 bytes",0,2,c08d1dae,"SLVERR",00000000,0,2,1,0,0,0,0,0,0,0,2,0,1,6,0,1,1,2,0037e400,"INCR",3,ff,0,"Data Secure Unprivileged",0,"4 bytes",0,00000000,"FIXED",0,00,0,"Data Secure Unprivileged",0,"1 byte",0,"OKAY",2,133d9a3b,"OKAY",00000000,e,2,0,1,0,0,0,0,2,0,1,0,2,1,1,1,0,0,00000000,3,1,1,0,1,c08d1dae,3,f,0,0,0,"No Read Addr Cmds","No Read Addr Cmds","No Write Addr Cmds","No Write Addr Cmds","No Write Responses","No Write Responses","_","_","_","_","_","_","_","_","No Write Data Beats","No Write Data Beats"
546,546,0,0,1,1,0,0,0,8e5ffe20afb76fe31ba56e5faf65c9d2,0,3b9a3d13b8d6963fae1d8dc05a6037b2,0,1,0,1,fc696b1d,ffffffdb,0,1,0,0,2,00000000,"FIXED",3,00,"Data Secure Unprivileged","1 byte",0,0,00000000,"INCR",3,00,"Data Secure Unprivileged","4 bytes",0,2,c08d1dae,"SLVERR",00000000,0,2,1,0,0,0,0,0,0,0,2,0,1,6,0,1,1,2,0037e400,"INCR",3,ff,0,"Data Secure Unprivileged",0,"4 bytes",0,00000000,"FIXED",0,00,0,"Data Secure Unprivileged",0,"1 byte",0,"OKAY",2,133d9a3b,"OKAY",00000000,e,2,0,1,0,0,0,0,2,0,1,0,2,1,1,1,0,0,00000000,3,1,1,1,1,00000000,3,1,1,1,1,"No Read Addr Cmds","No Read Addr Cmds","No Write Addr Cmds","No Write Addr Cmds","No Write Responses","No Write Responses","_","_","Active","Active","_","_","Last Stream","Last Stream","No Write Data Beats","No Write Data Beats"
547,547,0,0,1,1,0,0,0,8e5ffe20afb76fe31ba56e5faf65c9d2,0,3b9a3d13b8d6963fae1d8dc05a6037b2,0,1,0,1,fc696b1d,ffffffdb,0,1,0,0,2,00000000,"FIXED",3,00,"Data Secure Unprivileged","1 byte",0,0,00000000,"INCR",3,00,"Data Secure Unprivileged","4 bytes",0,2,c08d1dae,"OKAY",00000000,0,2,1,0,0,0,0,0,0,0,2,0,1,3,1,1,0,2,0037e400,"INCR",3,ff,0,"Data Secure Unprivileged",0,"4 bytes",0,00000000,"FIXED",0,00,0,"Data Secure Unprivileged",0,"1 byte",0,"OKAY",2,133d9a3b,"OKAY",00000000,0,2,0,1,0,0,0,0,2,0,1,0,2,1,1,1,0,0,b237605a,3,f,0,0,0,00000000,3,1,0,0,1,"No Read Addr Cmds","No Read Addr Cmds","No Write Addr Cmds","No Write Addr Cmds","No Write Responses","No Write Responses","Active","_","_","_","Data Beat","_","_","_","No Write Data Beats","No Write Data Beats"
548,548,0,0,1,1,0,0,0,8e5ffe20afb76fe31ba56e5faf65c9d2,0,3b9a3d13b8d6963fae1d8dc05a6037b2,0,1,0,1,fc696b1d,ffffffdb,0,1,0,0,2,00000000,"FIXED",3,00,"Data Secure Unprivileged","1 byte",0,0,00000000,"INCR",3,00,"Data Secure Unprivileged","4 bytes",0,2,c08d1dae,"OKAY",00000000,0,2,1,0,0,0,0,0,0,0,2,0,1,2,0,1,0,2,0037e400,"INCR",3,ff,0,"Data Secure Unprivileged",0,"4 bytes",0,00000000,"FIXED",0,00,0,"Data Secure Unprivileged",0,"1 byte",0,"OKAY",2,133d9a3b,"OKAY",00000000,0,2,0,1,0,0,0,0,2,0,1,0,2,1,1,1,0,0,b237605a,3,f,1,0,0,00000000,3,1,0,0,1,"No Read Addr Cmds","No Read Addr Cmds","No Write Addr Cmds","No Write Addr Cmds","No Write Responses","No Write Responses","_","_","_","_","_","_","_","_","No Write Data Beats","No Write Data Beats"
549,549,0,0,1,1,0,0,0,8e5ffe20afb76fe31ba56e5faf65c9d2,0,3b9a3d13b8d6963fae1d8dc05a6037b2,0,1,0,1,fc696b1d,ffffffdb,0,1,0,0,2,00000000,"FIXED",3,00,"Data Secure Unprivileged","1 byte",0,0,00000000,"INCR",3,00,"Data Secure Unprivileged","4 bytes",0,2,c08d1dae,"OKAY",00000000,0,2,1,0,0,0,0,0,0,0,2,0,1,2,0,1,0,2,0037e400,"INCR",3,ff,0,"Data Secure Unprivileged",0,"4 bytes",0,00000000,"FIXED",0,00,0,"Data Secure Unprivileged",0,"1 byte",0,"OKAY",2,133d9a3b,"OKAY",00000000,0,2,0,1,0,0,0,0,2,0,1,0,2,1,1,1,0,0,b237605a,3,f,1,0,0,00000000,3,1,0,0,1,"No Read Addr Cmds","No Read Addr Cmds","No Write Addr Cmds","No Write Addr Cmds","No Write Responses","No Write Responses","_","_","_","_","_","_","_","_","No Write Data Beats","No Write Data Beats"
550,550,0,0,1,1,0,0,0,8e5ffe20afb76fe31ba56e5faf65c9d2,0,3b9a3d13b8d6963fae1d8dc05a6037b2,0,1,0,1,fc696b1d,ffffffdb,0,1,0,0,2,00000000,"FIXED",3,00,"Data Secure Unprivileged","1 byte",0,0,00000000,"INCR",3,00,"Data Secure Unprivileged","4 bytes",0,2,c08d1dae,"OKAY",00000000,0,2,1,0,0,0,0,0,0,0,2,0,1,2,0,1,0,2,0037e400,"INCR",3,ff,0,"Data Secure Unprivileged",0,"4 bytes",0,00000000,"FIXED",0,00,0,"Data Secure Unprivileged",0,"1 byte",0,"OKAY",2,133d9a3b,"OKAY",00000000,0,2,0,1,0,0,0,0,2,0,1,0,2,1,1,1,0,0,b237605a,3,f,1,1,0,b237605a,3,f,1,1,0,"No Read Addr Cmds","No Read Addr Cmds","No Write Addr Cmds","No Write Addr Cmds","No Write Responses","No Write Responses","_","_","Active","Active","_","_","Stream Beat","Stream Beat","No Write Data Beats","No Write Data Beats"
551,551,0,0,1,1,0,0,0,8e5ffe20afb76fe31ba56e5faf65c9d2,0,3b9a3d13b8d6963fae1d8dc05a6037b2,0,1,0,0,fc696b1d,ffffffdb,0,1,0,0,2,00000000,"FIXED",3,00,"Data Secure Unprivileged","1 byte",0,0,00000000,"INCR",3,00,"Data Secure Unprivileged","4 bytes",0,2,c08d1dae,"SLVERR",00000000,0,2,1,0,0,0,0,0,0,0,2,0,1,2,0,1,0,2,0037e400,"INCR",3,ff,0,"Data Secure Unprivileged",0,"4 bytes",0,00000000,"FIXED",0,00,0,"Data Secure Unprivileged",0,"1 byte",0,"OKAY",2,133d9a3b,"OKAY",00000000,a,2,0,1,4,0,0,1,2,0,1,0,2,1,1,3,1,0,00000000,3,1,1,0,1,b237605a,3,f,0,0,0,"No Read Addr Cmds","No Read Addr Cmds","No Write Addr Cmds","No Write Addr Cmds","No Write Responses","No Write Responses","_","Active","_","_","_","Data Beat","_","_","No Write Data Beats","No Write Data Beats"
552,552,0,0,1,1,0,0,0,8e5ffe20afb76fe31ba56e5faf65c9d2,0,3b9a3d13b8d6963fae1d8dc05a6037b2,0,1,0,1,03b1b875,ffffffdb,0,1,0,0,2,00000000,"FIXED",3,00,"Data Secure Unprivileged","1 byte",0,0,00000000,"INCR",3,00,"Data Secure Unprivileged","4 bytes",0,2,b237605a,"SLVERR",00000000,0,2,1,0,0,0,0,0,0,0,2,0,1,2,0,1,0,2,0037e400,"INCR",3,ff,0,"Data Secure Unprivileged",0,"4 bytes",0,00000000,"FIXED",0,00,0,"Data Secure Unprivileged",0,"1 byte",0,"OKAY",2,3f96d6b8,"OKAY",00000000,a,2,0,1,4,0,0,1,2,0,1,0,2,1,1,1,0,0,00000000,3,1,1,0,1,b237605a,3,f,0,0,0,"No Read Addr Cmds","No Read Addr Cmds","No Write Addr Cmds","No Write Addr Cmds","No Write Responses","No Write Responses","_","_","_","_","_","_","_","_","No Write Data Beats","No Write Data Beats"
553,553,0,0,1,1,0,0,0,8e5ffe20afb76fe31ba56e5faf65c9d2,0,3b9a3d13b8d6963fae1d8dc05a6037b2,0,1,0,1,03b1b875,ffffffdb,0,1,0,0,2,00000000,"FIXED",3,00,"Data Secure Unprivileged","1 byte",0,0,00000000,"INCR",3,00,"Data Secure Unprivileged","4 bytes",0,2,b237605a,"SLVERR",00000000,0,2,1,0,0,0,0,0,0,0,2,0,1,2,0,1,0,2,0037e400,"INCR",3,ff,0,"Data Secure Unprivileged",0,"4 bytes",0,00000000,"FIXED",0,00,0,"Data Secure Unprivileged",0,"1 byte",0,"OKAY",2,3f96d6b8,"OKAY",00000000,a,2,0,1,4,0,0,1,2,0,1,0,2,1,1,1,0,0,00000000,3,1,1,0,1,b237605a,3,f,0,0,0,"No Read Addr Cmds","No Read Addr Cmds","No Write Addr Cmds","No Write Addr Cmds","No Write Responses","No Write Responses","_","_","_","_","_","_","_","_","No Write Data Beats","No Write Data Beats"
554,554,0,0,1,1,0,0,0,8e5ffe20afb76fe31ba56e5faf65c9d2,0,3b9a3d13b8d6963fae1d8dc05a6037b2,0,1,0,1,03b1b875,ffffffdb,0,1,0,0,2,00000000,"FIXED",3,00,"Data Secure Unprivileged","1 byte",0,0,00000000,"INCR",3,00,"Data Secure Unprivileged","4 bytes",0,2,b237605a,"SLVERR",00000000,0,2,1,0,0,0,0,0,0,0,2,0,1,2,0,1,0,2,0037e400,"INCR",3,ff,0,"Data Secure Unprivileged",0,"4 bytes",0,00000000,"FIXED",0,00,0,"Data Secure Unprivileged",0,"1 byte",0,"OKAY",2,3f96d6b8,"OKAY",00000000,a,2,0,1,4,0,0,1,2,0,1,0,2,1,1,1,0,0,00000000,3,1,1,1,1,00000000,3,1,1,1,1,"No Read Addr Cmds","No Read Addr Cmds","No Write Addr Cmds","No Write Addr Cmds","No Write Responses","No Write Responses","_","_","Active","Active","_","_","Last Stream","Last Stream","No Write Data Beats","No Write Data Beats"
555,555,0,0,1,1,0,0,0,8e5ffe20afb76fe31ba56e5faf65c9d2,0,3b9a3d13b8d6963fae1d8dc05a6037b2,0,1,0,1,03b1b875,ffffffdb,0,1,0,0,2,00000000,"FIXED",3,00,"Data Secure Unprivileged","1 byte",0,0,00000000,"INCR",3,00,"Data Secure Unprivileged","4 bytes",0,2,b237605a,"OKAY",00000000,0,2,1,0,0,0,0,0,0,0,2,0,1,3,1,1,0,2,0037e400,"INCR",3,ff,0,"Data Secure Unprivileged",0,"4 bytes",0,00000000,"FIXED",0,00,0,"Data Secure Unprivileged",0,"1 byte",0,"OKAY",2,3f96d6b8,"OKAY",00000000,0,2,0,1,0,0,0,0,2,0,1,0,2,1,1,1,0,0,133d9a3b,3,f,0,0,0,00000000,3,1,0,0,1,"No Read Addr Cmds","No Read Addr Cmds","No Write Addr Cmds","No Write Addr Cmds","No Write Responses","No Write Responses","Active","_","_","_","Data Beat","_","_","_","No Write Data Beats","No Write Data Beats"
556,556,0,0,1,1,0,0,0,8e5ffe20afb76fe31ba56e5faf65c9d2,0,3b9a3d13b8d6963fae1d8dc05a6037b2,0,1,0,1,03b1b875,ffffffdb,0,1,0,0,2,00000000,"FIXED",3,00,"Data Secure Unprivileged","1 byte",0,0,00000000,"INCR",3,00,"Data Secure Unprivileged","4 bytes",0,2,b237605a,"OKAY",00000000,0,2,1,0,0,0,0,0,0,0,2,0,1,2,0,1,0,2,0037e400,"INCR",3,ff,0,"Data Secure Unprivileged",0,"4 bytes",0,00000000,"FIXED",0,00,0,"Data Secure Unprivileged",0,"1 byte",0,"OKAY",2,3f96d6b8,"OKAY",00000000,0,2,0,1,0,0,0,0,2,0,1,0,2,1,1,1,0,0,133d9a3b,3,f,1,0,0,00000000,3,1,0,0,1,"No Read Addr Cmds","No Read Addr Cmds","No Write Addr Cmds","No Write Addr Cmds","No Write Responses","No Write Responses","_","_","_","_","_","_","_","_","No Write Data Beats","No Write Data Beats"
557,557,0,0,1,1,0,0,0,8e5ffe20afb76fe31ba56e5faf65c9d2,0,3b9a3d13b8d6963fae1d8dc05a6037b2,0,1,0,1,03b1b875,ffffffdb,0,1,0,0,2,00000000,"FIXED",3,00,"Data Secure Unprivileged","1 byte",0,0,00000000,"INCR",3,00,"Data Secure Unprivileged","4 bytes",0,2,b237605a,"OKAY",00000000,0,2,1,0,0,0,0,0,0,0,2,0,1,2,0,1,0,2,0037e400,"INCR",3,ff,0,"Data Secure Unprivileged",0,"4 bytes",0,00000000,"FIXED",0,00,0,"Data Secure Unprivileged",0,"1 byte",0,"OKAY",2,3f96d6b8,"OKAY",00000000,0,2,0,1,0,0,0,0,2,0,1,0,2,1,1,1,0,0,133d9a3b,3,f,1,0,0,00000000,3,1,0,0,1,"No Read Addr Cmds","No Read Addr Cmds","No Write Addr Cmds","No Write Addr Cmds","No Write Responses","No Write Responses","_","_","_","_","_","_","_","_","No Write Data Beats","No Write Data Beats"
558,558,0,0,1,1,0,0,0,8e5ffe20afb76fe31ba56e5faf65c9d2,0,3b9a3d13b8d6963fae1d8dc05a6037b2,0,1,0,1,03b1b875,ffffffdb,0,1,0,0,2,00000000,"FIXED",3,00,"Data Secure Unprivileged","1 byte",0,0,00000000,"INCR",3,00,"Data Secure Unprivileged","4 bytes",0,2,b237605a,"OKAY",00000000,0,2,1,0,0,0,0,0,0,0,2,0,1,2,0,1,0,2,0037e400,"INCR",3,ff,0,"Data Secure Unprivileged",0,"4 bytes",0,00000000,"FIXED",0,00,0,"Data Secure Unprivileged",0,"1 byte",0,"OKAY",2,3f96d6b8,"OKAY",00000000,0,2,0,1,0,0,0,0,2,0,1,0,2,1,1,1,0,0,133d9a3b,3,f,1,1,0,133d9a3b,3,f,1,1,0,"No Read Addr Cmds","No Read Addr Cmds","No Write Addr Cmds","No Write Addr Cmds","No Write Responses","No Write Responses","_","_","Active","Active","_","_","Stream Beat","Stream Beat","No Write Data Beats","No Write Data Beats"
559,559,0,0,1,1,0,0,0,8e5ffe20afb76fe31ba56e5faf65c9d2,0,3b9a3d13b8d6963fae1d8dc05a6037b2,0,1,0,0,03b1b875,ffffffdb,0,1,0,0,2,00000000,"FIXED",3,00,"Data Secure Unprivileged","1 byte",0,0,00000000,"INCR",3,00,"Data Secure Unprivileged","4 bytes",0,2,b237605a,"DECERR",00000000,0,2,1,0,0,0,0,0,0,0,2,0,1,2,0,1,0,2,0037e400,"INCR",3,ff,0,"Data Secure Unprivileged",0,"4 bytes",0,00000000,"FIXED",0,00,0,"Data Secure Unprivileged",0,"1 byte",0,"OKAY",2,3f96d6b8,"OKAY",00000000,b,2,0,1,4,0,0,1,2,0,1,0,2,1,1,3,1,0,00000000,3,1,1,0,1,133d9a3b,3,f,0,0,0,"No Read Addr Cmds","No Read Addr Cmds","No Write Addr Cmds","No Write Addr Cmds","No Write Responses","No Write Responses","_","Active","_","_","_","Data Beat","_","_","No Write Data Beats","No Write Data Beats"
560,560,0,0,1,1,0,0,0,8e5ffe20afb76fe31ba56e5faf65c9d2,0,3b9a3d13b8d6963fae1d8dc05a6037b2,0,1,0,1,4dec065a,ffffffdb,0,1,0,0,2,00000000,"FIXED",3,00,"Data Secure Unprivileged","1 byte",0,0,00000000,"INCR",3,00,"Data Secure Unprivileged","4 bytes",0,2,133d9a3b,"DECERR",00000000,0,2,1,0,0,0,0,0,0,0,2,0,1,2,0,1,0,2,0037e400,"INCR",3,ff,0,"Data Secure Unprivileged",0,"4 bytes",0,00000000,"FIXED",0,00,0,"Data Secure Unprivileged",0,"1 byte",0,"OKAY",2,c08d1dae,"OKAY",00000000,b,2,0,1,4,0,0,1,2,0,1,0,2,1,1,1,0,0,00000000,3,1,1,0,1,133d9a3b,3,f,0,0,0,"No Read Addr Cmds","No Read Addr Cmds","No Write Addr Cmds","No Write Addr Cmds","No Write Responses","No Write Responses","_","_","_","_","_","_","_","_","No Write Data Beats","No Write Data Beats"
561,561,0,0,1,1,0,0,0,8e5ffe20afb76fe31ba56e5faf65c9d2,0,3b9a3d13b8d6963fae1d8dc05a6037b2,0,1,0,1,4dec065a,ffffffdb,0,1,0,0,2,00000000,"FIXED",3,00,"Data Secure Unprivileged","1 byte",0,0,00000000,"INCR",3,00,"Data Secure Unprivileged","4 bytes",0,2,133d9a3b,"DECERR",00000000,0,2,1,0,0,0,0,0,0,0,2,0,1,2,0,1,0,2,0037e400,"INCR",3,ff,0,"Data Secure Unprivileged",0,"4 bytes",0,00000000,"FIXED",0,00,0,"Data Secure Unprivileged",0,"1 byte",0,"OKAY",2,c08d1dae,"OKAY",00000000,b,2,0,1,4,0,0,1,2,0,1,0,2,1,1,1,0,0,00000000,3,1,1,0,1,133d9a3b,3,f,0,0,0,"No Read Addr Cmds","No Read Addr Cmds","No Write Addr Cmds","No Write Addr Cmds","No Write Responses","No Write Responses","_","_","_","_","_","_","_","_","No Write Data Beats","No Write Data Beats"
562,562,0,0,1,1,0,0,0,8e5ffe20afb76fe31ba56e5faf65c9d2,0,3b9a3d13b8d6963fae1d8dc05a6037b2,0,1,0,1,4dec065a,ffffffdb,0,1,0,0,2,00000000,"FIXED",3,00,"Data Secure Unprivileged","1 byte",0,0,00000000,"INCR",3,00,"Data Secure Unprivileged","4 bytes",0,2,133d9a3b,"DECERR",00000000,0,2,1,0,0,0,0,0,0,0,2,0,1,2,0,1,0,2,0037e400,"INCR",3,ff,0,"Data Secure Unprivileged",0,"4 bytes",0,00000000,"FIXED",0,00,0,"Data Secure Unprivileged",0,"1 byte",0,"OKAY",2,c08d1dae,"OKAY",00000000,b,2,0,1,4,0,0,1,2,0,1,0,2,1,1,1,0,0,00000000,3,1,1,1,1,00000000,3,1,1,1,1,"No Read Addr Cmds","No Read Addr Cmds","No Write Addr Cmds","No Write Addr Cmds","No Write Responses","No Write Responses","_","_","Active","Active","_","_","Last Stream","Last Stream","No Write Data Beats","No Write Data Beats"
563,563,0,0,1,1,0,0,0,8e5ffe20afb76fe31ba56e5faf65c9d2,0,3b9a3d13b8d6963fae1d8dc05a6037b2,0,1,0,1,4dec065a,ffffffdb,0,1,0,0,2,00000000,"FIXED",3,00,"Data Secure Unprivileged","1 byte",0,0,00000000,"INCR",3,00,"Data Secure Unprivileged","4 bytes",0,2,133d9a3b,"OKAY",00000000,0,2,1,0,0,0,0,0,0,0,2,0,1,3,1,1,0,2,0037e400,"INCR",3,ff,0,"Data Secure Unprivileged",0,"4 bytes",0,00000000,"FIXED",0,00,0,"Data Secure Unprivileged",0,"1 byte",0,"OKAY",2,c08d1dae,"OKAY",00000000,0,2,0,1,0,0,0,0,2,0,1,0,2,1,1,1,0,0,3f96d6b8,3,f,0,0,0,00000000,3,1,0,0,1,"No Read Addr Cmds","No Read Addr Cmds","No Write Addr Cmds","No Write Addr Cmds","No Write Responses","No Write Responses","Active","_","_","_","Data Beat","_","_","_","No Write Data Beats","No Write Data Beats"
564,564,0,0,1,1,0,0,0,8e5ffe20afb76fe31ba56e5faf65c9d2,0,3b9a3d13b8d6963fae1d8dc05a6037b2,0,1,0,1,4dec065a,ffffffdb,0,1,0,0,2,00000000,"FIXED",3,00,"Data Secure Unprivileged","1 byte",0,0,00000000,"INCR",3,00,"Data Secure Unprivileged","4 bytes",0,2,133d9a3b,"OKAY",00000000,0,2,1,0,0,0,0,0,0,0,2,0,1,2,0,1,0,2,0037e400,"INCR",3,ff,0,"Data Secure Unprivileged",0,"4 bytes",0,00000000,"FIXED",0,00,0,"Data Secure Unprivileged",0,"1 byte",0,"OKAY",2,c08d1dae,"OKAY",00000000,0,2,0,1,0,0,0,0,2,0,1,0,2,1,1,1,0,0,3f96d6b8,3,f,1,0,0,00000000,3,1,0,0,1,"No Read Addr Cmds","No Read Addr Cmds","No Write Addr Cmds","No Write Addr Cmds","No Write Responses","No Write Responses","_","_","_","_","_","_","_","_","No Write Data Beats","No Write Data Beats"
565,565,0,0,1,1,0,0,0,8e5ffe20afb76fe31ba56e5faf65c9d2,0,3b9a3d13b8d6963fae1d8dc05a6037b2,0,1,0,1,4dec065a,ffffffdb,0,1,0,0,2,00000000,"FIXED",3,00,"Data Secure Unprivileged","1 byte",0,0,00000000,"INCR",3,00,"Data Secure Unprivileged","4 bytes",0,2,133d9a3b,"OKAY",00000000,0,2,1,0,0,0,0,0,0,0,2,0,1,2,0,1,0,2,0037e400,"INCR",3,ff,0,"Data Secure Unprivileged",0,"4 bytes",0,00000000,"FIXED",0,00,0,"Data Secure Unprivileged",0,"1 byte",0,"OKAY",2,c08d1dae,"OKAY",00000000,0,2,0,1,0,0,0,0,2,0,1,0,2,1,1,1,0,0,3f96d6b8,3,f,1,0,0,00000000,3,1,0,0,1,"No Read Addr Cmds","No Read Addr Cmds","No Write Addr Cmds","No Write Addr Cmds","No Write Responses","No Write Responses","_","_","_","_","_","_","_","_","No Write Data Beats","No Write Data Beats"
566,566,0,0,1,1,0,0,0,8e5ffe20afb76fe31ba56e5faf65c9d2,0,3b9a3d13b8d6963fae1d8dc05a6037b2,0,1,0,1,4dec065a,ffffffdb,0,1,0,0,2,00000000,"FIXED",3,00,"Data Secure Unprivileged","1 byte",0,0,00000000,"INCR",3,00,"Data Secure Unprivileged","4 bytes",0,2,133d9a3b,"OKAY",00000000,0,2,1,0,0,0,0,0,0,0,2,0,1,2,0,1,0,2,0037e400,"INCR",3,ff,0,"Data Secure Unprivileged",0,"4 bytes",0,00000000,"FIXED",0,00,0,"Data Secure Unprivileged",0,"1 byte",0,"OKAY",2,c08d1dae,"OKAY",00000000,0,2,0,1,0,0,0,0,2,0,1,0,2,1,1,1,0,0,3f96d6b8,3,f,1,1,0,3f96d6b8,3,f,1,1,0,"No Read Addr Cmds","No Read Addr Cmds","No Write Addr Cmds","No Write Addr Cmds","No Write Responses","No Write Responses","_","_","Active","Active","_","_","Stream Beat","Stream Beat","No Write Data Beats","No Write Data Beats"
567,567,0,0,1,1,0,0,0,8e5ffe20afb76fe31ba56e5faf65c9d2,0,3b9a3d13b8d6963fae1d8dc05a6037b2,0,1,0,0,4dec065a,ffffffdb,0,1,0,0,2,00000000,"FIXED",3,00,"Data Secure Unprivileged","1 byte",0,0,00000000,"INCR",3,00,"Data Secure Unprivileged","4 bytes",0,2,133d9a3b,"OKAY",00000000,0,2,1,0,0,0,0,0,0,0,2,0,1,2,0,1,0,2,0037e400,"INCR",3,ff,0,"Data Secure Unprivileged",0,"4 bytes",0,00000000,"FIXED",0,00,0,"Data Secure Unprivileged",0,"1 byte",0,"OKAY",2,c08d1dae,"OKAY",00000000,8,2,0,1,4,0,0,1,2,0,1,0,2,1,1,3,1,0,00000000,3,1,1,0,1,3f96d6b8,3,f,0,0,0,"No Read Addr Cmds","No Read Addr Cmds","No Write Addr Cmds","No Write Addr Cmds","No Write Responses","No Write Responses","_","Active","_","_","_","Data Beat","_","_","No Write Data Beats","No Write Data Beats"
568,568,0,0,1,1,0,0,0,8e5ffe20afb76fe31ba56e5faf65c9d2,0,3b9a3d13b8d6963fae1d8dc05a6037b2,0,1,0,1,c8bc59dc,ffffffdb,0,1,0,0,2,00000000,"FIXED",3,00,"Data Secure Unprivileged","1 byte",0,0,00000000,"INCR",3,00,"Data Secure Unprivileged","4 bytes",0,2,3f96d6b8,"OKAY",00000000,0,2,1,0,0,0,0,0,0,0,2,0,1,2,0,1,0,2,0037e400,"INCR",3,ff,0,"Data Secure Unprivileged",0,"4 bytes",0,00000000,"FIXED",0,00,0,"Data Secure Unprivileged",0,"1 byte",0,"OKAY",2,b237605a,"OKAY",00000000,8,2,0,1,4,0,0,1,2,0,1,0,2,1,1,1,0,0,00000000,3,1,1,0,1,3f96d6b8,3,f,0,0,0,"No Read Addr Cmds","No Read Addr Cmds","No Write Addr Cmds","No Write Addr Cmds","No Write Responses","No Write Responses","_","_","_","_","_","_","_","_","No Write Data Beats","No Write Data Beats"
569,569,0,0,1,1,0,0,0,8e5ffe20afb76fe31ba56e5faf65c9d2,0,3b9a3d13b8d6963fae1d8dc05a6037b2,0,1,0,1,c8bc59dc,ffffffdb,0,1,0,0,2,00000000,"FIXED",3,00,"Data Secure Unprivileged","1 byte",0,0,00000000,"INCR",3,00,"Data Secure Unprivileged","4 bytes",0,2,3f96d6b8,"OKAY",00000000,0,2,1,0,0,0,0,0,0,0,2,0,1,2,0,1,0,2,0037e400,"INCR",3,ff,0,"Data Secure Unprivileged",0,"4 bytes",0,00000000,"FIXED",0,00,0,"Data Secure Unprivileged",0,"1 byte",0,"OKAY",2,b237605a,"OKAY",00000000,8,2,0,1,4,0,0,1,2,0,1,0,2,1,1,1,0,0,00000000,3,1,1,0,1,3f96d6b8,3,f,0,0,0,"No Read Addr Cmds","No Read Addr Cmds","No Write Addr Cmds","No Write Addr Cmds","No Write Responses","No Write Responses","_","_","_","_","_","_","_","_","No Write Data Beats","No Write Data Beats"
570,570,0,0,1,1,0,0,0,8e5ffe20afb76fe31ba56e5faf65c9d2,0,3b9a3d13b8d6963fae1d8dc05a6037b2,0,1,0,1,c8bc59dc,ffffffdb,0,1,0,0,2,00000000,"FIXED",3,00,"Data Secure Unprivileged","1 byte",0,0,00000000,"INCR",3,00,"Data Secure Unprivileged","4 bytes",0,2,3f96d6b8,"OKAY",00000000,0,2,1,0,0,0,0,0,0,0,2,0,1,2,0,1,0,2,0037e400,"INCR",3,ff,0,"Data Secure Unprivileged",0,"4 bytes",0,00000000,"FIXED",0,00,0,"Data Secure Unprivileged",0,"1 byte",0,"OKAY",2,b237605a,"OKAY",00000000,8,2,0,1,4,0,0,1,2,0,1,0,2,1,1,1,0,0,00000000,3,1,1,1,1,00000000,3,1,1,1,1,"No Read Addr Cmds","No Read Addr Cmds","No Write Addr Cmds","No Write Addr Cmds","No Write Responses","No Write Responses","_","_","Active","Active","_","_","Last Stream","Last Stream","No Write Data Beats","No Write Data Beats"
571,571,0,0,1,1,0,0,0,8e5ffe20afb76fe31ba56e5faf65c9d2,0,3b9a3d13b8d6963fae1d8dc05a6037b2,0,1,0,1,c8bc59dc,ffffffdb,0,1,0,0,2,00000000,"FIXED",3,00,"Data Secure Unprivileged","1 byte",0,0,00000000,"INCR",3,00,"Data Secure Unprivileged","4 bytes",0,2,3f96d6b8,"OKAY",00000000,0,2,1,0,0,0,0,0,0,0,2,0,1,3,1,1,0,2,0037e400,"INCR",3,ff,0,"Data Secure Unprivileged",0,"4 bytes",0,00000000,"FIXED",0,00,0,"Data Secure Unprivileged",0,"1 byte",0,"OKAY",2,b237605a,"OKAY",00000000,0,2,0,1,0,0,0,0,2,0,1,0,2,1,1,1,0,0,c08d1dae,3,f,0,0,0,00000000,3,1,0,0,1,"No Read Addr Cmds","No Read Addr Cmds","No Write Addr Cmds","No Write Addr Cmds","No Write Responses","No Write Responses","Active","_","_","_","Data Beat","_","_","_","No Write Data Beats","No Write Data Beats"
572,572,0,0,1,1,0,0,0,8e5ffe20afb76fe31ba56e5faf65c9d2,0,3b9a3d13b8d6963fae1d8dc05a6037b2,0,1,0,1,c8bc59dc,ffffffdb,0,1,0,0,2,00000000,"FIXED",3,00,"Data Secure Unprivileged","1 byte",0,0,00000000,"INCR",3,00,"Data Secure Unprivileged","4 bytes",0,2,3f96d6b8,"OKAY",00000000,0,2,1,0,0,0,0,0,0,0,2,0,1,2,0,1,0,2,0037e400,"INCR",3,ff,0,"Data Secure Unprivileged",0,"4 bytes",0,00000000,"FIXED",0,00,0,"Data Secure Unprivileged",0,"1 byte",0,"OKAY",2,b237605a,"OKAY",00000000,0,2,0,1,0,0,0,0,2,0,1,0,2,1,1,1,0,0,c08d1dae,3,f,1,0,0,00000000,3,1,0,0,1,"No Read Addr Cmds","No Read Addr Cmds","No Write Addr Cmds","No Write Addr Cmds","No Write Responses","No Write Responses","_","_","_","_","_","_","_","_","No Write Data Beats","No Write Data Beats"
573,573,0,0,1,1,0,0,0,8e5ffe20afb76fe31ba56e5faf65c9d2,0,3b9a3d13b8d6963fae1d8dc05a6037b2,0,1,0,1,c8bc59dc,ffffffdb,0,1,0,0,2,00000000,"FIXED",3,00,"Data Secure Unprivileged","1 byte",0,0,00000000,"INCR",3,00,"Data Secure Unprivileged","4 bytes",0,2,3f96d6b8,"OKAY",00000000,0,2,1,0,0,0,0,0,0,0,2,0,1,2,0,1,0,2,0037e400,"INCR",3,ff,0,"Data Secure Unprivileged",0,"4 bytes",0,00000000,"FIXED",0,00,0,"Data Secure Unprivileged",0,"1 byte",0,"OKAY",2,b237605a,"OKAY",00000000,0,2,0,1,0,0,0,0,2,0,1,0,2,1,1,1,0,0,c08d1dae,3,f,1,0,0,00000000,3,1,0,0,1,"No Read Addr Cmds","No Read Addr Cmds","No Write Addr Cmds","No Write Addr Cmds","No Write Responses","No Write Responses","_","_","_","_","_","_","_","_","No Write Data Beats","No Write Data Beats"
574,574,0,0,1,1,0,0,0,8e5ffe20afb76fe31ba56e5faf65c9d2,0,3b9a3d13b8d6963fae1d8dc05a6037b2,0,1,0,1,c8bc59dc,ffffffdb,0,1,0,0,2,00000000,"FIXED",3,00,"Data Secure Unprivileged","1 byte",0,0,00000000,"INCR",3,00,"Data Secure Unprivileged","4 bytes",0,2,3f96d6b8,"OKAY",00000000,0,2,1,0,0,0,0,0,0,0,2,0,1,2,0,1,0,2,0037e400,"INCR",3,ff,0,"Data Secure Unprivileged",0,"4 bytes",0,00000000,"FIXED",0,00,0,"Data Secure Unprivileged",0,"1 byte",0,"OKAY",2,b237605a,"OKAY",00000000,0,2,0,1,0,0,0,0,2,0,1,0,2,1,1,1,0,0,c08d1dae,3,f,1,1,0,c08d1dae,3,f,1,1,0,"No Read Addr Cmds","No Read Addr Cmds","No Write Addr Cmds","No Write Addr Cmds","No Write Responses","No Write Responses","_","_","Active","Active","_","_","Stream Beat","Stream Beat","No Write Data Beats","No Write Data Beats"
575,575,0,0,1,1,0,0,0,8e5ffe20afb76fe31ba56e5faf65c9d2,0,3b9a3d13b8d6963fae1d8dc05a6037b2,0,1,0,0,c8bc59dc,ffffffdb,0,1,0,0,2,00000000,"FIXED",3,00,"Data Secure Unprivileged","1 byte",0,0,00000000,"INCR",3,00,"Data Secure Unprivileged","4 bytes",0,2,3f96d6b8,"SLVERR",00000000,0,2,1,0,0,0,0,0,0,0,2,0,1,6,0,1,1,2,0037e400,"INCR",3,ff,0,"Data Secure Unprivileged",0,"4 bytes",0,00000000,"FIXED",0,00,0,"Data Secure Unprivileged",0,"1 byte",0,"OKAY",2,b237605a,"OKAY",00000000,e,2,0,1,0,0,0,0,2,0,1,0,2,1,1,3,1,0,00000000,3,1,1,0,1,c08d1dae,3,f,0,0,0,"No Read Addr Cmds","No Read Addr Cmds","No Write Addr Cmds","No Write Addr Cmds","No Write Responses","No Write Responses","_","Active","_","_","_","Data Beat","_","_","No Write Data Beats","No Write Data Beats"
576,576,0,0,1,1,0,0,0,8e5ffe20afb76fe31ba56e5faf65c9d2,0,3b9a3d13b8d6963fae1d8dc05a6037b2,0,1,0,1,fc696b1d,ffffffdb,0,1,0,0,2,00000000,"FIXED",3,00,"Data Secure Unprivileged","1 byte",0,0,00000000,"INCR",3,00,"Data Secure Unprivileged","4 bytes",0,2,c08d1dae,"SLVERR",00000000,0,2,1,0,0,0,0,0,0,0,2,0,1,6,0,1,1,2,0037e400,"INCR",3,ff,0,"Data Secure Unprivileged",0,"4 bytes",0,00000000,"FIXED",0,00,0,"Data Secure Unprivileged",0,"1 byte",0,"OKAY",2,133d9a3b,"OKAY",00000000,e,2,0,1,0,0,0,0,2,0,1,0,2,1,1,1,0,0,00000000,3,1,1,0,1,c08d1dae,3,f,0,0,0,"No Read Addr Cmds","No Read Addr Cmds","No Write Addr Cmds","No Write Addr Cmds","No Write Responses","No Write Responses","_","_","_","_","_","_","_","_","No Write Data Beats","No Write Data Beats"
577,577,0,0,1,1,0,0,0,8e5ffe20afb76fe31ba56e5faf65c9d2,0,3b9a3d13b8d6963fae1d8dc05a6037b2,0,1,0,1,fc696b1d,ffffffdb,0,1,0,0,2,00000000,"FIXED",3,00,"Data Secure Unprivileged","1 byte",0,0,00000000,"INCR",3,00,"Data Secure Unprivileged","4 bytes",0,2,c08d1dae,"SLVERR",00000000,0,2,1,0,0,0,0,0,0,0,2,0,1,6,0,1,1,2,0037e400,"INCR",3,ff,0,"Data Secure Unprivileged",0,"4 bytes",0,00000000,"FIXED",0,00,0,"Data Secure Unprivileged",0,"1 byte",0,"OKAY",2,133d9a3b,"OKAY",00000000,e,2,0,1,0,0,0,0,2,0,1,0,2,1,1,1,0,0,00000000,3,1,1,0,1,c08d1dae,3,f,0,0,0,"No Read Addr Cmds","No Read Addr Cmds","No Write Addr Cmds","No Write Addr Cmds","No Write Responses","No Write Responses","_","_","_","_","_","_","_","_","No Write Data Beats","No Write Data Beats"
578,578,0,0,1,1,0,0,0,8e5ffe20afb76fe31ba56e5faf65c9d2,0,3b9a3d13b8d6963fae1d8dc05a6037b2,0,1,0,1,fc696b1d,ffffffdb,0,1,0,0,2,00000000,"FIXED",3,00,"Data Secure Unprivileged","1 byte",0,0,00000000,"INCR",3,00,"Data Secure Unprivileged","4 bytes",0,2,c08d1dae,"SLVERR",00000000,0,2,1,0,0,0,0,0,0,0,2,0,1,6,0,1,1,2,0037e400,"INCR",3,ff,0,"Data Secure Unprivileged",0,"4 bytes",0,00000000,"FIXED",0,00,0,"Data Secure Unprivileged",0,"1 byte",0,"OKAY",2,133d9a3b,"OKAY",00000000,e,2,0,1,0,0,0,0,2,0,1,0,2,1,1,1,0,0,00000000,3,1,1,1,1,00000000,3,1,1,1,1,"No Read Addr Cmds","No Read Addr Cmds","No Write Addr Cmds","No Write Addr Cmds","No Write Responses","No Write Responses","_","_","Active","Active","_","_","Last Stream","Last Stream","No Write Data Beats","No Write Data Beats"
579,579,0,0,1,1,0,0,0,8e5ffe20afb76fe31ba56e5faf65c9d2,0,3b9a3d13b8d6963fae1d8dc05a6037b2,0,1,0,1,fc696b1d,ffffffdb,0,1,0,0,2,00000000,"FIXED",3,00,"Data Secure Unprivileged","1 byte",0,0,00000000,"INCR",3,00,"Data Secure Unprivileged","4 bytes",0,2,c08d1dae,"OKAY",00000000,0,2,1,0,0,0,0,0,0,0,2,0,1,3,1,1,0,2,0037e400,"INCR",3,ff,0,"Data Secure Unprivileged",0,"4 bytes",0,00000000,"FIXED",0,00,0,"Data Secure Unprivileged",0,"1 byte",0,"OKAY",2,133d9a3b,"OKAY",00000000,0,2,0,1,0,0,0,0,2,0,1,0,2,1,1,1,0,0,b237605a,3,f,0,0,0,00000000,3,1,0,0,1,"No Read Addr Cmds","No Read Addr Cmds","No Write Addr Cmds","No Write Addr Cmds","No Write Responses","No Write Responses","Active","_","_","_","Data Beat","_","_","_","No Write Data Beats","No Write Data Beats"
580,580,0,0,1,1,0,0,0,8e5ffe20afb76fe31ba56e5faf65c9d2,0,3b9a3d13b8d6963fae1d8dc05a6037b2,0,1,0,1,fc696b1d,ffffffdb,0,1,0,0,2,00000000,"FIXED",3,00,"Data Secure Unprivileged","1 byte",0,0,00000000,"INCR",3,00,"Data Secure Unprivileged","4 bytes",0,2,c08d1dae,"OKAY",00000000,0,2,1,0,0,0,0,0,0,0,2,0,1,2,0,1,0,2,0037e400,"INCR",3,ff,0,"Data Secure Unprivileged",0,"4 bytes",0,00000000,"FIXED",0,00,0,"Data Secure Unprivileged",0,"1 byte",0,"OKAY",2,133d9a3b,"OKAY",00000000,0,2,0,1,0,0,0,0,2,0,1,0,2,1,1,1,0,0,b237605a,3,f,1,0,0,00000000,3,1,0,0,1,"No Read Addr Cmds","No Read Addr Cmds","No Write Addr Cmds","No Write Addr Cmds","No Write Responses","No Write Responses","_","_","_","_","_","_","_","_","No Write Data Beats","No Write Data Beats"
581,581,0,0,1,1,0,0,0,8e5ffe20afb76fe31ba56e5faf65c9d2,0,3b9a3d13b8d6963fae1d8dc05a6037b2,0,1,0,1,fc696b1d,ffffffdb,0,1,0,0,2,00000000,"FIXED",3,00,"Data Secure Unprivileged","1 byte",0,0,00000000,"INCR",3,00,"Data Secure Unprivileged","4 bytes",0,2,c08d1dae,"OKAY",00000000,0,2,1,0,0,0,0,0,0,0,2,0,1,2,0,1,0,2,0037e400,"INCR",3,ff,0,"Data Secure Unprivileged",0,"4 bytes",0,00000000,"FIXED",0,00,0,"Data Secure Unprivileged",0,"1 byte",0,"OKAY",2,133d9a3b,"OKAY",00000000,0,2,0,1,0,0,0,0,2,0,1,0,2,1,1,1,0,0,b237605a,3,f,1,0,0,00000000,3,1,0,0,1,"No Read Addr Cmds","No Read Addr Cmds","No Write Addr Cmds","No Write Addr Cmds","No Write Responses","No Write Responses","_","_","_","_","_","_","_","_","No Write Data Beats","No Write Data Beats"
582,582,0,0,1,1,0,0,0,8e5ffe20afb76fe31ba56e5faf65c9d2,0,3b9a3d13b8d6963fae1d8dc05a6037b2,0,1,0,1,fc696b1d,ffffffdb,0,1,0,0,2,00000000,"FIXED",3,00,"Data Secure Unprivileged","1 byte",0,0,00000000,"INCR",3,00,"Data Secure Unprivileged","4 bytes",0,2,c08d1dae,"OKAY",00000000,0,2,1,0,0,0,0,0,0,0,2,0,1,2,0,1,0,2,0037e400,"INCR",3,ff,0,"Data Secure Unprivileged",0,"4 bytes",0,00000000,"FIXED",0,00,0,"Data Secure Unprivileged",0,"1 byte",0,"OKAY",2,133d9a3b,"OKAY",00000000,0,2,0,1,0,0,0,0,2,0,1,0,2,1,1,1,0,0,b237605a,3,f,1,1,0,b237605a,3,f,1,1,0,"No Read Addr Cmds","No Read Addr Cmds","No Write Addr Cmds","No Write Addr Cmds","No Write Responses","No Write Responses","_","_","Active","Active","_","_","Stream Beat","Stream Beat","No Write Data Beats","No Write Data Beats"
583,583,0,0,1,1,0,0,0,8e5ffe20afb76fe31ba56e5faf65c9d2,0,3b9a3d13b8d6963fae1d8dc05a6037b2,0,1,0,0,fc696b1d,ffffffdb,0,1,0,0,2,00000000,"FIXED",3,00,"Data Secure Unprivileged","1 byte",0,0,00000000,"INCR",3,00,"Data Secure Unprivileged","4 bytes",0,2,c08d1dae,"SLVERR",00000000,0,2,1,0,0,0,0,0,0,0,2,0,1,2,0,1,0,2,0037e400,"INCR",3,ff,0,"Data Secure Unprivileged",0,"4 bytes",0,00000000,"FIXED",0,00,0,"Data Secure Unprivileged",0,"1 byte",0,"OKAY",2,133d9a3b,"OKAY",00000000,a,2,0,1,4,0,0,1,2,0,1,0,2,1,1,3,1,0,00000000,3,1,1,0,1,b237605a,3,f,0,0,0,"No Read Addr Cmds","No Read Addr Cmds","No Write Addr Cmds","No Write Addr Cmds","No Write Responses","No Write Responses","_","Active","_","_","_","Data Beat","_","_","No Write Data Beats","No Write Data Beats"
584,584,0,0,1,1,0,0,0,8e5ffe20afb76fe31ba56e5faf65c9d2,0,3b9a3d13b8d6963fae1d8dc05a6037b2,0,1,0,1,03b1b875,ffffffdb,0,1,0,0,2,00000000,"FIXED",3,00,"Data Secure Unprivileged","1 byte",0,0,00000000,"INCR",3,00,"Data Secure Unprivileged","4 bytes",0,2,b237605a,"SLVERR",00000000,0,2,1,0,0,0,0,0,0,0,2,0,1,2,0,1,0,2,0037e400,"INCR",3,ff,0,"Data Secure Unprivileged",0,"4 bytes",0,00000000,"FIXED",0,00,0,"Data Secure Unprivileged",0,"1 byte",0,"OKAY",2,3f96d6b8,"OKAY",00000000,a,2,0,1,4,0,0,1,2,0,1,0,2,1,1,1,0,0,00000000,3,1,1,0,1,b237605a,3,f,0,0,0,"No Read Addr Cmds","No Read Addr Cmds","No Write Addr Cmds","No Write Addr Cmds","No Write Responses","No Write Responses","_","_","_","_","_","_","_","_","No Write Data Beats","No Write Data Beats"
585,585,0,0,1,1,0,0,0,8e5ffe20afb76fe31ba56e5faf65c9d2,0,3b9a3d13b8d6963fae1d8dc05a6037b2,0,1,0,1,03b1b875,ffffffdb,0,1,0,0,2,00000000,"FIXED",3,00,"Data Secure Unprivileged","1 byte",0,0,00000000,"INCR",3,00,"Data Secure Unprivileged","4 bytes",0,2,b237605a,"SLVERR",00000000,0,2,1,0,0,0,0,0,0,0,2,0,1,2,0,1,0,2,0037e400,"INCR",3,ff,0,"Data Secure Unprivileged",0,"4 bytes",0,00000000,"FIXED",0,00,0,"Data Secure Unprivileged",0,"1 byte",0,"OKAY",2,3f96d6b8,"OKAY",00000000,a,2,0,1,4,0,0,1,2,0,1,0,2,1,1,1,0,0,00000000,3,1,1,0,1,b237605a,3,f,0,0,0,"No Read Addr Cmds","No Read Addr Cmds","No Write Addr Cmds","No Write Addr Cmds","No Write Responses","No Write Responses","_","_","_","_","_","_","_","_","No Write Data Beats","No Write Data Beats"
586,586,0,0,1,1,0,0,0,8e5ffe20afb76fe31ba56e5faf65c9d2,0,3b9a3d13b8d6963fae1d8dc05a6037b2,0,1,0,1,03b1b875,ffffffdb,0,1,0,0,2,00000000,"FIXED",3,00,"Data Secure Unprivileged","1 byte",0,0,00000000,"INCR",3,00,"Data Secure Unprivileged","4 bytes",0,2,b237605a,"SLVERR",00000000,0,2,1,0,0,0,0,0,0,0,2,0,1,2,0,1,0,2,0037e400,"INCR",3,ff,0,"Data Secure Unprivileged",0,"4 bytes",0,00000000,"FIXED",0,00,0,"Data Secure Unprivileged",0,"1 byte",0,"OKAY",2,3f96d6b8,"OKAY",00000000,a,2,0,1,4,0,0,1,2,0,1,0,2,1,1,1,0,0,00000000,3,1,1,1,1,00000000,3,1,1,1,1,"No Read Addr Cmds","No Read Addr Cmds","No Write Addr Cmds","No Write Addr Cmds","No Write Responses","No Write Responses","_","_","Active","Active","_","_","Last Stream","Last Stream","No Write Data Beats","No Write Data Beats"
587,587,0,0,1,1,0,0,0,8e5ffe20afb76fe31ba56e5faf65c9d2,0,3b9a3d13b8d6963fae1d8dc05a6037b2,0,1,0,1,03b1b875,ffffffdb,0,1,0,0,2,00000000,"FIXED",3,00,"Data Secure Unprivileged","1 byte",0,0,00000000,"INCR",3,00,"Data Secure Unprivileged","4 bytes",0,2,b237605a,"OKAY",00000000,0,2,1,0,0,0,0,0,0,0,2,0,1,3,1,1,0,2,0037e400,"INCR",3,ff,0,"Data Secure Unprivileged",0,"4 bytes",0,00000000,"FIXED",0,00,0,"Data Secure Unprivileged",0,"1 byte",0,"OKAY",2,3f96d6b8,"OKAY",00000000,0,2,0,1,0,0,0,0,2,0,1,0,2,1,1,1,0,0,133d9a3b,3,f,0,0,0,00000000,3,1,0,0,1,"No Read Addr Cmds","No Read Addr Cmds","No Write Addr Cmds","No Write Addr Cmds","No Write Responses","No Write Responses","Active","_","_","_","Data Beat","_","_","_","No Write Data Beats","No Write Data Beats"
588,588,0,0,1,1,0,0,0,8e5ffe20afb76fe31ba56e5faf65c9d2,0,3b9a3d13b8d6963fae1d8dc05a6037b2,0,1,0,1,03b1b875,ffffffdb,0,1,0,0,2,00000000,"FIXED",3,00,"Data Secure Unprivileged","1 byte",0,0,00000000,"INCR",3,00,"Data Secure Unprivileged","4 bytes",0,2,b237605a,"OKAY",00000000,0,2,1,0,0,0,0,0,0,0,2,0,1,2,0,1,0,2,0037e400,"INCR",3,ff,0,"Data Secure Unprivileged",0,"4 bytes",0,00000000,"FIXED",0,00,0,"Data Secure Unprivileged",0,"1 byte",0,"OKAY",2,3f96d6b8,"OKAY",00000000,0,2,0,1,0,0,0,0,2,0,1,0,2,1,1,1,0,0,133d9a3b,3,f,1,0,0,00000000,3,1,0,0,1,"No Read Addr Cmds","No Read Addr Cmds","No Write Addr Cmds","No Write Addr Cmds","No Write Responses","No Write Responses","_","_","_","_","_","_","_","_","No Write Data Beats","No Write Data Beats"
589,589,0,0,1,1,0,0,0,8e5ffe20afb76fe31ba56e5faf65c9d2,0,3b9a3d13b8d6963fae1d8dc05a6037b2,0,1,0,1,03b1b875,ffffffdb,0,1,0,0,2,00000000,"FIXED",3,00,"Data Secure Unprivileged","1 byte",0,0,00000000,"INCR",3,00,"Data Secure Unprivileged","4 bytes",0,2,b237605a,"OKAY",00000000,0,2,1,0,0,0,0,0,0,0,2,0,1,2,0,1,0,2,0037e400,"INCR",3,ff,0,"Data Secure Unprivileged",0,"4 bytes",0,00000000,"FIXED",0,00,0,"Data Secure Unprivileged",0,"1 byte",0,"OKAY",2,3f96d6b8,"OKAY",00000000,0,2,0,1,0,0,0,0,2,0,1,0,2,1,1,1,0,0,133d9a3b,3,f,1,0,0,00000000,3,1,0,0,1,"No Read Addr Cmds","No Read Addr Cmds","No Write Addr Cmds","No Write Addr Cmds","No Write Responses","No Write Responses","_","_","_","_","_","_","_","_","No Write Data Beats","No Write Data Beats"
590,590,0,0,1,1,0,0,0,8e5ffe20afb76fe31ba56e5faf65c9d2,0,3b9a3d13b8d6963fae1d8dc05a6037b2,0,1,0,1,03b1b875,ffffffdb,0,1,0,0,2,00000000,"FIXED",3,00,"Data Secure Unprivileged","1 byte",0,0,00000000,"INCR",3,00,"Data Secure Unprivileged","4 bytes",0,2,b237605a,"OKAY",00000000,0,2,1,0,0,0,0,0,0,0,2,0,1,2,0,1,0,2,0037e400,"INCR",3,ff,0,"Data Secure Unprivileged",0,"4 bytes",0,00000000,"FIXED",0,00,0,"Data Secure Unprivileged",0,"1 byte",0,"OKAY",2,3f96d6b8,"OKAY",00000000,0,2,0,1,0,0,0,0,2,0,1,0,2,1,1,1,0,0,133d9a3b,3,f,1,1,0,133d9a3b,3,f,1,1,0,"No Read Addr Cmds","No Read Addr Cmds","No Write Addr Cmds","No Write Addr Cmds","No Write Responses","No Write Responses","_","_","Active","Active","_","_","Stream Beat","Stream Beat","No Write Data Beats","No Write Data Beats"
591,591,0,0,1,1,0,0,0,8e5ffe20afb76fe31ba56e5faf65c9d2,0,3b9a3d13b8d6963fae1d8dc05a6037b2,0,1,0,0,03b1b875,ffffffdb,0,1,0,0,2,00000000,"FIXED",3,00,"Data Secure Unprivileged","1 byte",0,0,00000000,"INCR",3,00,"Data Secure Unprivileged","4 bytes",0,2,b237605a,"DECERR",00000000,0,2,1,0,0,0,0,0,0,0,2,0,1,2,0,1,0,2,0037e400,"INCR",3,ff,0,"Data Secure Unprivileged",0,"4 bytes",0,00000000,"FIXED",0,00,0,"Data Secure Unprivileged",0,"1 byte",0,"OKAY",2,3f96d6b8,"OKAY",00000000,b,2,0,1,4,0,0,1,2,0,1,0,2,1,1,3,1,0,00000000,3,1,1,0,1,133d9a3b,3,f,0,0,0,"No Read Addr Cmds","No Read Addr Cmds","No Write Addr Cmds","No Write Addr Cmds","No Write Responses","No Write Responses","_","Active","_","_","_","Data Beat","_","_","No Write Data Beats","No Write Data Beats"
592,592,0,0,1,1,0,0,0,8e5ffe20afb76fe31ba56e5faf65c9d2,0,3b9a3d13b8d6963fae1d8dc05a6037b2,0,1,0,1,4dec065a,ffffffdb,0,1,0,0,2,00000000,"FIXED",3,00,"Data Secure Unprivileged","1 byte",0,0,00000000,"INCR",3,00,"Data Secure Unprivileged","4 bytes",0,2,133d9a3b,"DECERR",00000000,0,2,1,0,0,0,0,0,0,0,2,0,1,2,0,1,0,2,0037e400,"INCR",3,ff,0,"Data Secure Unprivileged",0,"4 bytes",0,00000000,"FIXED",0,00,0,"Data Secure Unprivileged",0,"1 byte",0,"OKAY",2,c08d1dae,"OKAY",00000000,b,2,0,1,4,0,0,1,2,0,1,0,2,1,1,1,0,0,00000000,3,1,1,0,1,133d9a3b,3,f,0,0,0,"No Read Addr Cmds","No Read Addr Cmds","No Write Addr Cmds","No Write Addr Cmds","No Write Responses","No Write Responses","_","_","_","_","_","_","_","_","No Write Data Beats","No Write Data Beats"
593,593,0,0,1,1,0,0,0,8e5ffe20afb76fe31ba56e5faf65c9d2,0,3b9a3d13b8d6963fae1d8dc05a6037b2,0,1,0,1,4dec065a,ffffffdb,0,1,0,0,2,00000000,"FIXED",3,00,"Data Secure Unprivileged","1 byte",0,0,00000000,"INCR",3,00,"Data Secure Unprivileged","4 bytes",0,2,133d9a3b,"DECERR",00000000,0,2,1,0,0,0,0,0,0,0,2,0,1,2,0,1,0,2,0037e400,"INCR",3,ff,0,"Data Secure Unprivileged",0,"4 bytes",0,00000000,"FIXED",0,00,0,"Data Secure Unprivileged",0,"1 byte",0,"OKAY",2,c08d1dae,"OKAY",00000000,b,2,0,1,4,0,0,1,2,0,1,0,2,1,1,1,0,0,00000000,3,1,1,0,1,133d9a3b,3,f,0,0,0,"No Read Addr Cmds","No Read Addr Cmds","No Write Addr Cmds","No Write Addr Cmds","No Write Responses","No Write Responses","_","_","_","_","_","_","_","_","No Write Data Beats","No Write Data Beats"
594,594,0,0,1,1,0,0,0,8e5ffe20afb76fe31ba56e5faf65c9d2,0,3b9a3d13b8d6963fae1d8dc05a6037b2,0,1,0,1,4dec065a,ffffffdb,0,1,0,0,2,00000000,"FIXED",3,00,"Data Secure Unprivileged","1 byte",0,0,00000000,"INCR",3,00,"Data Secure Unprivileged","4 bytes",0,2,133d9a3b,"DECERR",00000000,0,2,1,0,0,0,0,0,0,0,2,0,1,2,0,1,0,2,0037e400,"INCR",3,ff,0,"Data Secure Unprivileged",0,"4 bytes",0,00000000,"FIXED",0,00,0,"Data Secure Unprivileged",0,"1 byte",0,"OKAY",2,c08d1dae,"OKAY",00000000,b,2,0,1,4,0,0,1,2,0,1,0,2,1,1,1,0,0,00000000,3,1,1,1,1,00000000,3,1,1,1,1,"No Read Addr Cmds","No Read Addr Cmds","No Write Addr Cmds","No Write Addr Cmds","No Write Responses","No Write Responses","_","_","Active","Active","_","_","Last Stream","Last Stream","No Write Data Beats","No Write Data Beats"
595,595,0,0,1,1,0,0,0,8e5ffe20afb76fe31ba56e5faf65c9d2,0,3b9a3d13b8d6963fae1d8dc05a6037b2,0,1,0,1,4dec065a,ffffffdb,0,1,0,0,2,00000000,"FIXED",3,00,"Data Secure Unprivileged","1 byte",0,0,00000000,"INCR",3,00,"Data Secure Unprivileged","4 bytes",0,2,133d9a3b,"OKAY",00000000,0,2,1,0,0,0,0,0,0,0,2,0,1,3,1,1,0,2,0037e400,"INCR",3,ff,0,"Data Secure Unprivileged",0,"4 bytes",0,00000000,"FIXED",0,00,0,"Data Secure Unprivileged",0,"1 byte",0,"OKAY",2,c08d1dae,"OKAY",00000000,0,2,0,1,0,0,0,0,2,0,1,0,2,1,1,1,0,0,3f96d6b8,3,f,0,0,0,00000000,3,1,0,0,1,"No Read Addr Cmds","No Read Addr Cmds","No Write Addr Cmds","No Write Addr Cmds","No Write Responses","No Write Responses","Active","_","_","_","Data Beat","_","_","_","No Write Data Beats","No Write Data Beats"
596,596,0,0,1,1,0,0,0,8e5ffe20afb76fe31ba56e5faf65c9d2,0,3b9a3d13b8d6963fae1d8dc05a6037b2,0,1,0,1,4dec065a,ffffffdb,0,1,0,0,2,00000000,"FIXED",3,00,"Data Secure Unprivileged","1 byte",0,0,00000000,"INCR",3,00,"Data Secure Unprivileged","4 bytes",0,2,133d9a3b,"OKAY",00000000,0,2,1,0,0,0,0,0,0,0,2,0,1,2,0,1,0,2,0037e400,"INCR",3,ff,0,"Data Secure Unprivileged",0,"4 bytes",0,00000000,"FIXED",0,00,0,"Data Secure Unprivileged",0,"1 byte",0,"OKAY",2,c08d1dae,"OKAY",00000000,0,2,0,1,0,0,0,0,2,0,1,0,2,1,1,1,0,0,3f96d6b8,3,f,1,0,0,00000000,3,1,0,0,1,"No Read Addr Cmds","No Read Addr Cmds","No Write Addr Cmds","No Write Addr Cmds","No Write Responses","No Write Responses","_","_","_","_","_","_","_","_","No Write Data Beats","No Write Data Beats"
597,597,0,0,1,1,0,0,0,8e5ffe20afb76fe31ba56e5faf65c9d2,0,3b9a3d13b8d6963fae1d8dc05a6037b2,0,1,0,1,4dec065a,ffffffdb,0,1,0,0,2,00000000,"FIXED",3,00,"Data Secure Unprivileged","1 byte",0,0,00000000,"INCR",3,00,"Data Secure Unprivileged","4 bytes",0,2,133d9a3b,"OKAY",00000000,0,2,1,0,0,0,0,0,0,0,2,0,1,2,0,1,0,2,0037e400,"INCR",3,ff,0,"Data Secure Unprivileged",0,"4 bytes",0,00000000,"FIXED",0,00,0,"Data Secure Unprivileged",0,"1 byte",0,"OKAY",2,c08d1dae,"OKAY",00000000,0,2,0,1,0,0,0,0,2,0,1,0,2,1,1,1,0,0,3f96d6b8,3,f,1,0,0,00000000,3,1,0,0,1,"No Read Addr Cmds","No Read Addr Cmds","No Write Addr Cmds","No Write Addr Cmds","No Write Responses","No Write Responses","_","_","_","_","_","_","_","_","No Write Data Beats","No Write Data Beats"
598,598,0,0,1,1,0,0,0,8e5ffe20afb76fe31ba56e5faf65c9d2,0,3b9a3d13b8d6963fae1d8dc05a6037b2,0,1,0,1,4dec065a,ffffffdb,0,1,0,0,2,00000000,"FIXED",3,00,"Data Secure Unprivileged","1 byte",0,0,00000000,"INCR",3,00,"Data Secure Unprivileged","4 bytes",0,2,133d9a3b,"OKAY",00000000,0,2,1,0,0,0,0,0,0,0,2,0,1,2,0,1,0,2,0037e400,"INCR",3,ff,0,"Data Secure Unprivileged",0,"4 bytes",0,00000000,"FIXED",0,00,0,"Data Secure Unprivileged",0,"1 byte",0,"OKAY",2,c08d1dae,"OKAY",00000000,0,2,0,1,0,0,0,0,2,0,1,0,2,1,1,1,0,0,3f96d6b8,3,f,1,1,0,3f96d6b8,3,f,1,1,0,"No Read Addr Cmds","No Read Addr Cmds","No Write Addr Cmds","No Write Addr Cmds","No Write Responses","No Write Responses","_","_","Active","Active","_","_","Stream Beat","Stream Beat","No Write Data Beats","No Write Data Beats"
599,599,0,0,1,1,0,0,0,8e5ffe20afb76fe31ba56e5faf65c9d2,0,3b9a3d13b8d6963fae1d8dc05a6037b2,0,1,0,0,4dec065a,ffffffdb,0,1,0,0,2,00000000,"FIXED",3,00,"Data Secure Unprivileged","1 byte",0,0,00000000,"INCR",3,00,"Data Secure Unprivileged","4 bytes",0,2,133d9a3b,"OKAY",00000000,0,2,1,0,0,0,0,0,0,0,2,0,1,2,0,1,0,2,0037e400,"INCR",3,ff,0,"Data Secure Unprivileged",0,"4 bytes",0,00000000,"FIXED",0,00,0,"Data Secure Unprivileged",0,"1 byte",0,"OKAY",2,c08d1dae,"OKAY",00000000,8,2,0,1,4,0,0,1,2,0,1,0,2,1,1,3,1,0,00000000,3,1,1,0,1,3f96d6b8,3,f,0,0,0,"No Read Addr Cmds","No Read Addr Cmds","No Write Addr Cmds","No Write Addr Cmds","No Write Responses","No Write Responses","_","Active","_","_","_","Data Beat","_","_","No Write Data Beats","No Write Data Beats"
600,600,0,0,1,1,0,0,0,8e5ffe20afb76fe31ba56e5faf65c9d2,0,3b9a3d13b8d6963fae1d8dc05a6037b2,0,1,0,1,c8bc59dc,ffffffdb,0,1,0,0,2,00000000,"FIXED",3,00,"Data Secure Unprivileged","1 byte",0,0,00000000,"INCR",3,00,"Data Secure Unprivileged","4 bytes",0,2,3f96d6b8,"OKAY",00000000,0,2,1,0,0,0,0,0,0,0,2,0,1,2,0,1,0,2,0037e400,"INCR",3,ff,0,"Data Secure Unprivileged",0,"4 bytes",0,00000000,"FIXED",0,00,0,"Data Secure Unprivileged",0,"1 byte",0,"OKAY",2,b237605a,"OKAY",00000000,8,2,0,1,4,0,0,1,2,0,1,0,2,1,1,1,0,0,00000000,3,1,1,0,1,3f96d6b8,3,f,0,0,0,"No Read Addr Cmds","No Read Addr Cmds","No Write Addr Cmds","No Write Addr Cmds","No Write Responses","No Write Responses","_","_","_","_","_","_","_","_","No Write Data Beats","No Write Data Beats"
601,601,0,0,1,1,0,0,0,8e5ffe20afb76fe31ba56e5faf65c9d2,0,3b9a3d13b8d6963fae1d8dc05a6037b2,0,1,0,1,c8bc59dc,ffffffdb,0,1,0,0,2,00000000,"FIXED",3,00,"Data Secure Unprivileged","1 byte",0,0,00000000,"INCR",3,00,"Data Secure Unprivileged","4 bytes",0,2,3f96d6b8,"OKAY",00000000,0,2,1,0,0,0,0,0,0,0,2,0,1,2,0,1,0,2,0037e400,"INCR",3,ff,0,"Data Secure Unprivileged",0,"4 bytes",0,00000000,"FIXED",0,00,0,"Data Secure Unprivileged",0,"1 byte",0,"OKAY",2,b237605a,"OKAY",00000000,8,2,0,1,4,0,0,1,2,0,1,0,2,1,1,1,0,0,00000000,3,1,1,0,1,3f96d6b8,3,f,0,0,0,"No Read Addr Cmds","No Read Addr Cmds","No Write Addr Cmds","No Write Addr Cmds","No Write Responses","No Write Responses","_","_","_","_","_","_","_","_","No Write Data Beats","No Write Data Beats"
602,602,0,0,1,1,0,0,0,8e5ffe20afb76fe31ba56e5faf65c9d2,0,3b9a3d13b8d6963fae1d8dc05a6037b2,0,1,0,1,c8bc59dc,ffffffdb,0,1,0,0,2,00000000,"FIXED",3,00,"Data Secure Unprivileged","1 byte",0,0,00000000,"INCR",3,00,"Data Secure Unprivileged","4 bytes",0,2,3f96d6b8,"OKAY",00000000,0,2,1,0,0,0,0,0,0,0,2,0,1,2,0,1,0,2,0037e400,"INCR",3,ff,0,"Data Secure Unprivileged",0,"4 bytes",0,00000000,"FIXED",0,00,0,"Data Secure Unprivileged",0,"1 byte",0,"OKAY",2,b237605a,"OKAY",00000000,8,2,0,1,4,0,0,1,2,0,1,0,2,1,1,1,0,0,00000000,3,1,1,1,1,00000000,3,1,1,1,1,"No Read Addr Cmds","No Read Addr Cmds","No Write Addr Cmds","No Write Addr Cmds","No Write Responses","No Write Responses","_","_","Active","Active","_","_","Last Stream","Last Stream","No Write Data Beats","No Write Data Beats"
603,603,0,0,1,1,0,0,0,8e5ffe20afb76fe31ba56e5faf65c9d2,0,3b9a3d13b8d6963fae1d8dc05a6037b2,0,1,0,1,c8bc59dc,ffffffdb,0,1,0,0,2,00000000,"FIXED",3,00,"Data Secure Unprivileged","1 byte",0,0,00000000,"INCR",3,00,"Data Secure Unprivileged","4 bytes",0,2,3f96d6b8,"OKAY",00000000,0,2,1,0,0,0,0,0,0,0,2,0,1,3,1,1,0,2,0037e400,"INCR",3,ff,0,"Data Secure Unprivileged",0,"4 bytes",0,00000000,"FIXED",0,00,0,"Data Secure Unprivileged",0,"1 byte",0,"OKAY",2,b237605a,"OKAY",00000000,0,2,0,1,0,0,0,0,2,0,1,0,2,1,1,1,0,0,c08d1dae,3,f,0,0,0,00000000,3,1,0,0,1,"No Read Addr Cmds","No Read Addr Cmds","No Write Addr Cmds","No Write Addr Cmds","No Write Responses","No Write Responses","Active","_","_","_","Data Beat","_","_","_","No Write Data Beats","No Write Data Beats"
604,604,0,0,1,1,0,0,0,8e5ffe20afb76fe31ba56e5faf65c9d2,0,3b9a3d13b8d6963fae1d8dc05a6037b2,0,1,0,1,c8bc59dc,ffffffdb,0,1,0,0,2,00000000,"FIXED",3,00,"Data Secure Unprivileged","1 byte",0,0,00000000,"INCR",3,00,"Data Secure Unprivileged","4 bytes",0,2,3f96d6b8,"OKAY",00000000,0,2,1,0,0,0,0,0,0,0,2,0,1,2,0,1,0,2,0037e400,"INCR",3,ff,0,"Data Secure Unprivileged",0,"4 bytes",0,00000000,"FIXED",0,00,0,"Data Secure Unprivileged",0,"1 byte",0,"OKAY",2,b237605a,"OKAY",00000000,0,2,0,1,0,0,0,0,2,0,1,0,2,1,1,1,0,0,c08d1dae,3,f,1,0,0,00000000,3,1,0,0,1,"No Read Addr Cmds","No Read Addr Cmds","No Write Addr Cmds","No Write Addr Cmds","No Write Responses","No Write Responses","_","_","_","_","_","_","_","_","No Write Data Beats","No Write Data Beats"
605,605,0,0,1,1,0,0,0,8e5ffe20afb76fe31ba56e5faf65c9d2,0,3b9a3d13b8d6963fae1d8dc05a6037b2,0,1,0,1,c8bc59dc,ffffffdb,0,1,0,0,2,00000000,"FIXED",3,00,"Data Secure Unprivileged","1 byte",0,0,00000000,"INCR",3,00,"Data Secure Unprivileged","4 bytes",0,2,3f96d6b8,"OKAY",00000000,0,2,1,0,0,0,0,0,0,0,2,0,1,2,0,1,0,2,0037e400,"INCR",3,ff,0,"Data Secure Unprivileged",0,"4 bytes",0,00000000,"FIXED",0,00,0,"Data Secure Unprivileged",0,"1 byte",0,"OKAY",2,b237605a,"OKAY",00000000,0,2,0,1,0,0,0,0,2,0,1,0,2,1,1,1,0,0,c08d1dae,3,f,1,0,0,00000000,3,1,0,0,1,"No Read Addr Cmds","No Read Addr Cmds","No Write Addr Cmds","No Write Addr Cmds","No Write Responses","No Write Responses","_","_","_","_","_","_","_","_","No Write Data Beats","No Write Data Beats"
606,606,0,0,1,1,0,0,0,8e5ffe20afb76fe31ba56e5faf65c9d2,0,3b9a3d13b8d6963fae1d8dc05a6037b2,0,1,0,1,c8bc59dc,ffffffdb,0,1,0,0,2,00000000,"FIXED",3,00,"Data Secure Unprivileged","1 byte",0,0,00000000,"INCR",3,00,"Data Secure Unprivileged","4 bytes",0,2,3f96d6b8,"OKAY",00000000,0,2,1,0,0,0,0,0,0,0,2,0,1,2,0,1,0,2,0037e400,"INCR",3,ff,0,"Data Secure Unprivileged",0,"4 bytes",0,00000000,"FIXED",0,00,0,"Data Secure Unprivileged",0,"1 byte",0,"OKAY",2,b237605a,"OKAY",00000000,0,2,0,1,0,0,0,0,2,0,1,0,2,1,1,1,0,0,c08d1dae,3,f,1,1,0,c08d1dae,3,f,1,1,0,"No Read Addr Cmds","No Read Addr Cmds","No Write Addr Cmds","No Write Addr Cmds","No Write Responses","No Write Responses","_","_","Active","Active","_","_","Stream Beat","Stream Beat","No Write Data Beats","No Write Data Beats"
607,607,0,0,1,1,0,0,0,8e5ffe20afb76fe31ba56e5faf65c9d2,0,3b9a3d13b8d6963fae1d8dc05a6037b2,0,1,0,0,c8bc59dc,ffffffdb,0,1,0,0,2,00000000,"FIXED",3,00,"Data Secure Unprivileged","1 byte",0,0,00000000,"INCR",3,00,"Data Secure Unprivileged","4 bytes",0,2,3f96d6b8,"SLVERR",00000000,0,2,1,0,0,0,0,0,0,0,2,0,1,6,0,1,1,2,0037e400,"INCR",3,ff,0,"Data Secure Unprivileged",0,"4 bytes",0,00000000,"FIXED",0,00,0,"Data Secure Unprivileged",0,"1 byte",0,"OKAY",2,b237605a,"OKAY",00000000,e,2,0,1,0,0,0,0,2,0,1,0,2,1,1,3,1,0,00000000,3,1,1,0,1,c08d1dae,3,f,0,0,0,"No Read Addr Cmds","No Read Addr Cmds","No Write Addr Cmds","No Write Addr Cmds","No Write Responses","No Write Responses","_","Active","_","_","_","Data Beat","_","_","No Write Data Beats","No Write Data Beats"
608,608,0,0,1,1,0,0,0,8e5ffe20afb76fe31ba56e5faf65c9d2,0,3b9a3d13b8d6963fae1d8dc05a6037b2,0,1,0,1,fc696b1d,ffffffdb,0,1,0,0,2,00000000,"FIXED",3,00,"Data Secure Unprivileged","1 byte",0,0,00000000,"INCR",3,00,"Data Secure Unprivileged","4 bytes",0,2,c08d1dae,"SLVERR",00000000,0,2,1,0,0,0,0,0,0,0,2,0,1,6,0,1,1,2,0037e400,"INCR",3,ff,0,"Data Secure Unprivileged",0,"4 bytes",0,00000000,"FIXED",0,00,0,"Data Secure Unprivileged",0,"1 byte",0,"OKAY",2,133d9a3b,"OKAY",00000000,e,2,0,1,0,0,0,0,2,0,1,0,2,1,1,1,0,0,00000000,3,1,1,0,1,c08d1dae,3,f,0,0,0,"No Read Addr Cmds","No Read Addr Cmds","No Write Addr Cmds","No Write Addr Cmds","No Write Responses","No Write Responses","_","_","_","_","_","_","_","_","No Write Data Beats","No Write Data Beats"
609,609,0,0,1,1,0,0,0,8e5ffe20afb76fe31ba56e5faf65c9d2,0,3b9a3d13b8d6963fae1d8dc05a6037b2,0,1,0,1,fc696b1d,ffffffdb,0,1,0,0,2,00000000,"FIXED",3,00,"Data Secure Unprivileged","1 byte",0,0,00000000,"INCR",3,00,"Data Secure Unprivileged","4 bytes",0,2,c08d1dae,"SLVERR",00000000,0,2,1,0,0,0,0,0,0,0,2,0,1,6,0,1,1,2,0037e400,"INCR",3,ff,0,"Data Secure Unprivileged",0,"4 bytes",0,00000000,"FIXED",0,00,0,"Data Secure Unprivileged",0,"1 byte",0,"OKAY",2,133d9a3b,"OKAY",00000000,e,2,0,1,0,0,0,0,2,0,1,0,2,1,1,1,0,0,00000000,3,1,1,0,1,c08d1dae,3,f,0,0,0,"No Read Addr Cmds","No Read Addr Cmds","No Write Addr Cmds","No Write Addr Cmds","No Write Responses","No Write Responses","_","_","_","_","_","_","_","_","No Write Data Beats","No Write Data Beats"
610,610,0,0,1,1,0,0,0,8e5ffe20afb76fe31ba56e5faf65c9d2,0,3b9a3d13b8d6963fae1d8dc05a6037b2,0,1,0,1,fc696b1d,ffffffdb,0,1,0,0,2,00000000,"FIXED",3,00,"Data Secure Unprivileged","1 byte",0,0,00000000,"INCR",3,00,"Data Secure Unprivileged","4 bytes",0,2,c08d1dae,"SLVERR",00000000,0,2,1,0,0,0,0,0,0,0,2,0,1,6,0,1,1,2,0037e400,"INCR",3,ff,0,"Data Secure Unprivileged",0,"4 bytes",0,00000000,"FIXED",0,00,0,"Data Secure Unprivileged",0,"1 byte",0,"OKAY",2,133d9a3b,"OKAY",00000000,e,2,0,1,0,0,0,0,2,0,1,0,2,1,1,1,0,0,00000000,3,1,1,1,1,00000000,3,1,1,1,1,"No Read Addr Cmds","No Read Addr Cmds","No Write Addr Cmds","No Write Addr Cmds","No Write Responses","No Write Responses","_","_","Active","Active","_","_","Last Stream","Last Stream","No Write Data Beats","No Write Data Beats"
611,611,0,0,1,1,0,0,0,8e5ffe20afb76fe31ba56e5faf65c9d2,0,3b9a3d13b8d6963fae1d8dc05a6037b2,0,1,0,1,fc696b1d,ffffffdb,0,1,0,0,2,00000000,"FIXED",3,00,"Data Secure Unprivileged","1 byte",0,0,00000000,"INCR",3,00,"Data Secure Unprivileged","4 bytes",0,2,c08d1dae,"OKAY",00000000,0,2,1,0,0,0,0,0,0,0,2,0,1,3,1,1,0,2,0037e400,"INCR",3,ff,0,"Data Secure Unprivileged",0,"4 bytes",0,00000000,"FIXED",0,00,0,"Data Secure Unprivileged",0,"1 byte",0,"OKAY",2,133d9a3b,"OKAY",00000000,0,2,0,1,0,0,0,0,2,0,1,0,2,1,1,1,0,0,b237605a,3,f,0,0,0,00000000,3,1,0,0,1,"No Read Addr Cmds","No Read Addr Cmds","No Write Addr Cmds","No Write Addr Cmds","No Write Responses","No Write Responses","Active","_","_","_","Data Beat","_","_","_","No Write Data Beats","No Write Data Beats"
612,612,0,0,1,1,0,0,0,8e5ffe20afb76fe31ba56e5faf65c9d2,0,3b9a3d13b8d6963fae1d8dc05a6037b2,0,1,0,1,fc696b1d,ffffffdb,0,1,0,0,2,00000000,"FIXED",3,00,"Data Secure Unprivileged","1 byte",0,0,00000000,"INCR",3,00,"Data Secure Unprivileged","4 bytes",0,2,c08d1dae,"OKAY",00000000,0,2,1,0,0,0,0,0,0,0,2,0,1,2,0,1,0,2,0037e400,"INCR",3,ff,0,"Data Secure Unprivileged",0,"4 bytes",0,00000000,"FIXED",0,00,0,"Data Secure Unprivileged",0,"1 byte",0,"OKAY",2,133d9a3b,"OKAY",00000000,0,2,0,1,0,0,0,0,2,0,1,0,2,1,1,1,0,0,b237605a,3,f,1,0,0,00000000,3,1,0,0,1,"No Read Addr Cmds","No Read Addr Cmds","No Write Addr Cmds","No Write Addr Cmds","No Write Responses","No Write Responses","_","_","_","_","_","_","_","_","No Write Data Beats","No Write Data Beats"
613,613,0,0,1,1,0,0,0,8e5ffe20afb76fe31ba56e5faf65c9d2,0,3b9a3d13b8d6963fae1d8dc05a6037b2,0,1,0,1,fc696b1d,ffffffdb,0,1,0,0,2,00000000,"FIXED",3,00,"Data Secure Unprivileged","1 byte",0,0,00000000,"INCR",3,00,"Data Secure Unprivileged","4 bytes",0,2,c08d1dae,"OKAY",00000000,0,2,1,0,0,0,0,0,0,0,2,0,1,2,0,1,0,2,0037e400,"INCR",3,ff,0,"Data Secure Unprivileged",0,"4 bytes",0,00000000,"FIXED",0,00,0,"Data Secure Unprivileged",0,"1 byte",0,"OKAY",2,133d9a3b,"OKAY",00000000,0,2,0,1,0,0,0,0,2,0,1,0,2,1,1,1,0,0,b237605a,3,f,1,0,0,00000000,3,1,0,0,1,"No Read Addr Cmds","No Read Addr Cmds","No Write Addr Cmds","No Write Addr Cmds","No Write Responses","No Write Responses","_","_","_","_","_","_","_","_","No Write Data Beats","No Write Data Beats"
614,614,0,0,1,1,0,0,0,8e5ffe20afb76fe31ba56e5faf65c9d2,0,3b9a3d13b8d6963fae1d8dc05a6037b2,0,1,0,1,fc696b1d,ffffffdb,0,1,0,0,2,00000000,"FIXED",3,00,"Data Secure Unprivileged","1 byte",0,0,00000000,"INCR",3,00,"Data Secure Unprivileged","4 bytes",0,2,c08d1dae,"OKAY",00000000,0,2,1,0,0,0,0,0,0,0,2,0,1,2,0,1,0,2,0037e400,"INCR",3,ff,0,"Data Secure Unprivileged",0,"4 bytes",0,00000000,"FIXED",0,00,0,"Data Secure Unprivileged",0,"1 byte",0,"OKAY",2,133d9a3b,"OKAY",00000000,0,2,0,1,0,0,0,0,2,0,1,0,2,1,1,1,0,0,b237605a,3,f,1,1,0,b237605a,3,f,1,1,0,"No Read Addr Cmds","No Read Addr Cmds","No Write Addr Cmds","No Write Addr Cmds","No Write Responses","No Write Responses","_","_","Active","Active","_","_","Stream Beat","Stream Beat","No Write Data Beats","No Write Data Beats"
615,615,0,0,1,1,0,0,0,8e5ffe20afb76fe31ba56e5faf65c9d2,0,3b9a3d13b8d6963fae1d8dc05a6037b2,0,1,0,0,fc696b1d,ffffffdb,0,1,0,0,2,00000000,"FIXED",3,00,"Data Secure Unprivileged","1 byte",0,0,00000000,"INCR",3,00,"Data Secure Unprivileged","4 bytes",0,2,c08d1dae,"SLVERR",00000000,0,2,1,0,0,0,0,0,0,0,2,0,1,2,0,1,0,2,0037e400,"INCR",3,ff,0,"Data Secure Unprivileged",0,"4 bytes",0,00000000,"FIXED",0,00,0,"Data Secure Unprivileged",0,"1 byte",0,"OKAY",2,133d9a3b,"OKAY",00000000,a,2,0,1,4,0,0,1,2,0,1,0,2,1,1,3,1,0,00000000,3,1,1,0,1,b237605a,3,f,0,0,0,"No Read Addr Cmds","No Read Addr Cmds","No Write Addr Cmds","No Write Addr Cmds","No Write Responses","No Write Responses","_","Active","_","_","_","Data Beat","_","_","No Write Data Beats","No Write Data Beats"
616,616,0,0,1,1,0,0,0,8e5ffe20afb76fe31ba56e5faf65c9d2,0,3b9a3d13b8d6963fae1d8dc05a6037b2,0,1,0,1,03b1b875,ffffffdb,0,1,0,0,2,00000000,"FIXED",3,00,"Data Secure Unprivileged","1 byte",0,0,00000000,"INCR",3,00,"Data Secure Unprivileged","4 bytes",0,2,b237605a,"SLVERR",00000000,0,2,1,0,0,0,0,0,0,0,2,0,1,2,0,1,0,2,0037e400,"INCR",3,ff,0,"Data Secure Unprivileged",0,"4 bytes",0,00000000,"FIXED",0,00,0,"Data Secure Unprivileged",0,"1 byte",0,"OKAY",2,3f96d6b8,"OKAY",00000000,a,2,0,1,4,0,0,1,2,0,1,0,2,1,1,5,0,1,00000000,3,1,1,0,1,b237605a,3,f,0,0,0,"No Read Addr Cmds","No Read Addr Cmds","No Write Addr Cmds","No Write Addr Cmds","No Write Responses","No Write Responses","_","_","_","_","_","_","_","_","No Write Data Beats","No Write Data Beats"
617,617,0,0,1,1,0,0,0,8e5ffe20afb76fe31ba56e5faf65c9d2,0,3b9a3d13b8d6963fae1d8dc05a6037b2,0,1,0,1,03b1b875,ffffffdb,0,1,0,0,2,00000000,"FIXED",3,00,"Data Secure Unprivileged","1 byte",0,0,00000000,"INCR",3,00,"Data Secure Unprivileged","4 bytes",0,2,b237605a,"SLVERR",00000000,0,2,1,0,0,0,0,0,0,0,2,0,1,2,0,1,0,2,0037e400,"INCR",3,ff,0,"Data Secure Unprivileged",0,"4 bytes",0,00000000,"FIXED",0,00,0,"Data Secure Unprivileged",0,"1 byte",0,"OKAY",2,3f96d6b8,"OKAY",00000000,a,2,0,1,4,0,0,1,2,0,1,0,2,1,1,5,0,1,00000000,3,1,1,0,1,b237605a,3,f,0,0,0,"No Read Addr Cmds","No Read Addr Cmds","No Write Addr Cmds","No Write Addr Cmds","No Write Responses","No Write Responses","_","_","_","_","_","_","_","_","No Write Data Beats","No Write Data Beats"
618,618,0,0,1,1,0,0,0,8e5ffe20afb76fe31ba56e5faf65c9d2,0,3b9a3d13b8d6963fae1d8dc05a6037b2,0,1,0,1,03b1b875,ffffffdb,0,1,0,0,2,00000000,"FIXED",3,00,"Data Secure Unprivileged","1 byte",0,0,00000000,"INCR",3,00,"Data Secure Unprivileged","4 bytes",0,2,b237605a,"SLVERR",00000000,0,2,1,0,0,0,0,0,0,0,2,0,1,2,0,1,0,2,0037e400,"INCR",3,ff,0,"Data Secure Unprivileged",0,"4 bytes",0,00000000,"FIXED",0,00,0,"Data Secure Unprivileged",0,"1 byte",0,"OKAY",2,3f96d6b8,"OKAY",00000000,a,2,0,1,4,0,0,1,2,0,1,0,2,1,1,5,0,1,00000000,3,1,1,1,1,00000000,3,1,1,1,1,"No Read Addr Cmds","No Read Addr Cmds","No Write Addr Cmds","No Write Addr Cmds","No Write Responses","No Write Responses","_","_","Active","Active","_","_","Last Stream","Last Stream","No Write Data Beats","No Write Data Beats"
619,619,0,0,1,1,0,0,0,8e5ffe20afb76fe31ba56e5faf65c9d2,0,3b9a3d13b8d6963fae1d8dc05a6037b2,0,1,0,1,03b1b875,ffffffdb,0,1,0,0,2,00000000,"FIXED",3,00,"Data Secure Unprivileged","1 byte",0,0,00000000,"INCR",3,00,"Data Secure Unprivileged","4 bytes",0,2,b237605a,"OKAY",00000000,0,2,1,0,0,0,0,0,0,0,2,0,1,3,1,1,0,2,0037e400,"INCR",3,ff,0,"Data Secure Unprivileged",0,"4 bytes",0,00000000,"FIXED",0,00,0,"Data Secure Unprivileged",0,"1 byte",0,"OKAY",2,3f96d6b8,"OKAY",00000000,0,2,0,1,0,0,0,0,2,0,1,0,2,1,1,5,0,1,133d9a3b,3,f,0,0,0,00000000,3,1,0,0,1,"No Read Addr Cmds","No Read Addr Cmds","No Write Addr Cmds","No Write Addr Cmds","No Write Responses","No Write Responses","Active","_","_","_","Data Beat","_","_","_","No Write Data Beats","No Write Data Beats"
620,620,0,0,1,1,0,0,0,8e5ffe20afb76fe31ba56e5faf65c9d2,0,3b9a3d13b8d6963fae1d8dc05a6037b2,0,1,0,1,03b1b875,ffffffdb,0,1,0,0,2,00000000,"FIXED",3,00,"Data Secure Unprivileged","1 byte",0,0,00000000,"INCR",3,00,"Data Secure Unprivileged","4 bytes",0,2,b237605a,"OKAY",00000000,0,2,1,0,0,0,0,0,0,0,2,0,1,2,0,1,0,2,0037e400,"INCR",3,ff,0,"Data Secure Unprivileged",0,"4 bytes",0,00000000,"FIXED",0,00,0,"Data Secure Unprivileged",0,"1 byte",0,"OKAY",2,3f96d6b8,"OKAY",00000000,0,2,0,1,0,0,0,0,2,0,1,0,2,1,1,5,0,1,133d9a3b,3,f,1,0,0,00000000,3,1,0,0,1,"No Read Addr Cmds","No Read Addr Cmds","No Write Addr Cmds","No Write Addr Cmds","No Write Responses","No Write Responses","_","_","_","_","_","_","_","_","No Write Data Beats","No Write Data Beats"
621,621,0,0,1,1,0,0,0,8e5ffe20afb76fe31ba56e5faf65c9d2,0,3b9a3d13b8d6963fae1d8dc05a6037b2,0,1,0,1,03b1b875,ffffffdb,0,1,0,0,2,00000000,"FIXED",3,00,"Data Secure Unprivileged","1 byte",0,0,00000000,"INCR",3,00,"Data Secure Unprivileged","4 bytes",0,2,b237605a,"OKAY",00000000,0,2,1,0,0,0,0,0,0,0,2,0,1,2,0,1,0,2,0037e400,"INCR",3,ff,0,"Data Secure Unprivileged",0,"4 bytes",0,00000000,"FIXED",0,00,0,"Data Secure Unprivileged",0,"1 byte",0,"OKAY",2,3f96d6b8,"OKAY",00000000,0,2,0,1,0,0,0,0,2,0,1,0,2,1,1,5,0,1,133d9a3b,3,f,1,0,0,00000000,3,1,0,0,1,"No Read Addr Cmds","No Read Addr Cmds","No Write Addr Cmds","No Write Addr Cmds","No Write Responses","No Write Responses","_","_","_","_","_","_","_","_","No Write Data Beats","No Write Data Beats"
622,622,0,0,1,1,0,0,0,8e5ffe20afb76fe31ba56e5faf65c9d2,0,3b9a3d13b8d6963fae1d8dc05a6037b2,0,1,0,1,03b1b875,ffffffdb,0,1,0,0,2,00000000,"FIXED",3,00,"Data Secure Unprivileged","1 byte",0,0,00000000,"INCR",3,00,"Data Secure Unprivileged","4 bytes",0,2,b237605a,"OKAY",00000000,0,2,1,0,0,0,0,0,0,0,2,0,1,2,0,1,0,2,0037e400,"INCR",3,ff,0,"Data Secure Unprivileged",0,"4 bytes",0,00000000,"FIXED",0,00,0,"Data Secure Unprivileged",0,"1 byte",0,"OKAY",2,3f96d6b8,"OKAY",00000000,0,2,0,1,0,0,0,0,2,0,1,0,2,1,1,5,0,1,133d9a3b,3,f,1,1,0,133d9a3b,3,f,1,1,0,"No Read Addr Cmds","No Read Addr Cmds","No Write Addr Cmds","No Write Addr Cmds","No Write Responses","No Write Responses","_","_","Active","Active","_","_","Stream Beat","Stream Beat","No Write Data Beats","No Write Data Beats"
623,623,0,0,1,1,0,0,0,8e5ffe20afb76fe31ba56e5faf65c9d2,0,3b9a3d13b8d6963fae1d8dc05a6037b2,0,1,0,0,03b1b875,ffffffdb,0,1,0,0,2,00000000,"FIXED",3,00,"Data Secure Unprivileged","1 byte",0,0,00000000,"INCR",3,00,"Data Secure Unprivileged","4 bytes",0,2,b237605a,"DECERR",00000000,0,2,1,0,0,0,0,0,0,0,2,0,1,2,0,1,0,2,0037e400,"INCR",3,ff,0,"Data Secure Unprivileged",0,"4 bytes",0,00000000,"FIXED",0,00,0,"Data Secure Unprivileged",0,"1 byte",0,"OKAY",2,3f96d6b8,"OKAY",00000000,b,2,0,1,4,0,0,1,2,0,1,0,2,1,1,7,1,1,00000000,3,1,1,0,1,133d9a3b,3,f,0,0,0,"No Read Addr Cmds","No Read Addr Cmds","No Write Addr Cmds","No Write Addr Cmds","No Write Responses","No Write Responses","_","Active","_","_","_","Last Data","_","_","No Write Data Beats","No Write Data Beats"
624,624,0,0,1,1,0,0,0,8e5ffe20afb76fe31ba56e5faf65c9d2,0,3b9a3d13b8d6963fae1d8dc05a6037b2,0,1,0,1,4dec065a,ffffffdb,0,1,0,0,2,00000000,"FIXED",3,00,"Data Secure Unprivileged","1 byte",0,0,00000000,"INCR",3,00,"Data Secure Unprivileged","4 bytes",0,2,133d9a3b,"DECERR",00000000,0,2,1,0,0,0,0,0,0,0,2,0,1,2,0,1,0,1,0037e400,"INCR",3,ff,0,"Data Secure Unprivileged",0,"4 bytes",0,00000000,"FIXED",0,00,0,"Data Secure Unprivileged",0,"1 byte",0,"OKAY",1,c08d1dae,"OKAY",00000000,b,2,0,1,4,0,0,1,2,0,1,0,2,1,1,1,0,0,00000000,3,1,1,0,1,133d9a3b,3,f,0,0,0,"No Read Addr Cmds","No Read Addr Cmds","No Write Addr Cmds","No Write Addr Cmds","No Write Responses","No Write Responses","_","_","_","_","_","_","_","_","No Write Data Beats","No Write Data Beats"
625,625,0,0,1,1,0,0,0,8e5ffe20afb76fe31ba56e5faf65c9d2,0,3b9a3d13b8d6963fae1d8dc05a6037b2,0,1,0,1,4dec065a,ffffffdb,0,1,0,0,2,00000000,"FIXED",3,00,"Data Secure Unprivileged","1 byte",0,0,00000000,"INCR",3,00,"Data Secure Unprivileged","4 bytes",0,2,133d9a3b,"DECERR",00000000,0,2,1,0,0,0,0,0,0,0,2,0,1,2,0,1,0,1,0037e400,"INCR",3,ff,0,"Data Secure Unprivileged",0,"4 bytes",0,00000000,"FIXED",0,00,0,"Data Secure Unprivileged",0,"1 byte",0,"OKAY",1,c08d1dae,"OKAY",00000000,b,2,0,1,4,0,0,1,2,0,1,0,2,1,1,1,0,0,00000000,3,1,1,0,1,133d9a3b,3,f,0,0,0,"No Read Addr Cmds","No Read Addr Cmds","No Write Addr Cmds","No Write Addr Cmds","No Write Responses","No Write Responses","_","_","_","_","_","_","_","_","No Write Data Beats","No Write Data Beats"
626,626,0,0,1,1,0,0,0,8e5ffe20afb76fe31ba56e5faf65c9d2,0,3b9a3d13b8d6963fae1d8dc05a6037b2,0,1,0,1,4dec065a,ffffffdb,0,1,0,0,2,00000000,"FIXED",3,00,"Data Secure Unprivileged","1 byte",0,0,00000000,"INCR",3,00,"Data Secure Unprivileged","4 bytes",0,2,133d9a3b,"DECERR",00000000,0,2,1,0,0,0,0,0,0,0,2,0,1,2,0,1,0,1,0037e400,"INCR",3,ff,0,"Data Secure Unprivileged",0,"4 bytes",0,00000000,"FIXED",0,00,0,"Data Secure Unprivileged",0,"1 byte",0,"OKAY",1,c08d1dae,"OKAY",00000000,b,2,0,1,4,0,0,1,2,0,1,0,2,1,1,1,0,0,00000000,3,1,1,1,1,00000000,3,1,1,1,1,"No Read Addr Cmds","No Read Addr Cmds","No Write Addr Cmds","No Write Addr Cmds","No Write Responses","No Write Responses","_","_","Active","Active","_","_","Last Stream","Last Stream","No Write Data Beats","No Write Data Beats"
627,627,0,0,1,1,0,0,0,8e5ffe20afb76fe31ba56e5faf65c9d2,0,3b9a3d13b8d6963fae1d8dc05a6037b2,0,1,0,1,4dec065a,ffffffdb,0,1,0,0,2,00000000,"FIXED",3,00,"Data Secure Unprivileged","1 byte",0,0,00000000,"INCR",3,00,"Data Secure Unprivileged","4 bytes",0,2,133d9a3b,"OKAY",00000000,0,2,1,0,0,0,0,0,0,0,2,0,1,3,1,1,0,1,0037e400,"INCR",3,ff,0,"Data Secure Unprivileged",0,"4 bytes",0,00000000,"FIXED",0,00,0,"Data Secure Unprivileged",0,"1 byte",0,"OKAY",1,c08d1dae,"OKAY",00000000,0,2,0,1,0,0,0,0,2,0,1,0,2,1,1,1,0,0,3f96d6b8,3,f,0,0,0,00000000,3,1,0,0,1,"No Read Addr Cmds","No Read Addr Cmds","No Write Addr Cmds","No Write Addr Cmds","No Write Responses","No Write Responses","Active","_","_","_","Data Beat","_","_","_","No Write Data Beats","No Write Data Beats"
628,628,0,0,1,1,0,0,0,8e5ffe20afb76fe31ba56e5faf65c9d2,0,3b9a3d13b8d6963fae1d8dc05a6037b2,0,1,0,1,4dec065a,ffffffdb,0,1,0,0,2,00000000,"FIXED",3,00,"Data Secure Unprivileged","1 byte",0,0,00000000,"INCR",3,00,"Data Secure Unprivileged","4 bytes",0,2,133d9a3b,"OKAY",00000000,0,2,1,0,0,0,0,0,0,0,2,0,1,2,0,1,0,1,0037e400,"INCR",3,ff,0,"Data Secure Unprivileged",0,"4 bytes",0,00000000,"FIXED",0,00,0,"Data Secure Unprivileged",0,"1 byte",0,"OKAY",1,c08d1dae,"OKAY",00000000,0,2,0,1,0,0,0,0,2,0,1,0,2,1,1,1,0,0,3f96d6b8,3,f,1,0,0,00000000,3,1,0,0,1,"No Read Addr Cmds","No Read Addr Cmds","No Write Addr Cmds","No Write Addr Cmds","No Write Responses","No Write Responses","_","_","_","_","_","_","_","_","No Write Data Beats","No Write Data Beats"
629,629,0,0,1,1,0,0,0,8e5ffe20afb76fe31ba56e5faf65c9d2,0,3b9a3d13b8d6963fae1d8dc05a6037b2,0,1,0,1,4dec065a,ffffffdb,0,1,0,0,2,00000000,"FIXED",3,00,"Data Secure Unprivileged","1 byte",0,0,00000000,"INCR",3,00,"Data Secure Unprivileged","4 bytes",0,2,133d9a3b,"OKAY",00000000,0,2,1,0,0,0,0,0,0,0,2,0,1,2,0,1,0,1,0037e400,"INCR",3,ff,0,"Data Secure Unprivileged",0,"4 bytes",0,00000000,"FIXED",0,00,0,"Data Secure Unprivileged",0,"1 byte",0,"OKAY",1,c08d1dae,"OKAY",00000000,0,2,0,1,0,0,0,0,2,0,1,0,2,1,1,1,0,0,3f96d6b8,3,f,1,0,0,00000000,3,1,0,0,1,"No Read Addr Cmds","No Read Addr Cmds","No Write Addr Cmds","No Write Addr Cmds","No Write Responses","No Write Responses","_","_","_","_","_","_","_","_","No Write Data Beats","No Write Data Beats"
630,630,0,0,1,1,0,0,0,8e5ffe20afb76fe31ba56e5faf65c9d2,0,3b9a3d13b8d6963fae1d8dc05a6037b2,0,1,0,1,4dec065a,ffffffdb,0,1,0,0,2,00000000,"FIXED",3,00,"Data Secure Unprivileged","1 byte",0,0,00000000,"INCR",3,00,"Data Secure Unprivileged","4 bytes",0,2,133d9a3b,"OKAY",00000000,0,2,1,0,0,0,0,0,0,0,2,0,1,2,0,1,0,1,0037e400,"INCR",3,ff,0,"Data Secure Unprivileged",0,"4 bytes",0,00000000,"FIXED",0,00,0,"Data Secure Unprivileged",0,"1 byte",0,"OKAY",1,c08d1dae,"OKAY",00000000,0,2,0,1,0,0,0,0,2,0,1,0,2,1,1,1,0,0,3f96d6b8,3,f,1,1,0,3f96d6b8,3,f,1,1,0,"No Read Addr Cmds","No Read Addr Cmds","No Write Addr Cmds","No Write Addr Cmds","No Write Responses","No Write Responses","_","_","Active","Active","_","_","Stream Beat","Stream Beat","No Write Data Beats","No Write Data Beats"
631,631,0,0,1,1,0,0,0,8e5ffe20afb76fe31ba56e5faf65c9d2,0,3b9a3d13b8d6963fae1d8dc05a6037b2,0,1,0,0,4dec065a,ffffffdb,0,1,0,0,2,00000000,"FIXED",3,00,"Data Secure Unprivileged","1 byte",0,0,00000000,"INCR",3,00,"Data Secure Unprivileged","4 bytes",0,2,133d9a3b,"OKAY",00000000,0,2,1,0,0,0,0,0,0,0,2,0,1,2,0,1,0,1,0037e400,"INCR",3,ff,0,"Data Secure Unprivileged",0,"4 bytes",0,00000000,"FIXED",0,00,0,"Data Secure Unprivileged",0,"1 byte",0,"OKAY",1,c08d1dae,"OKAY",00000000,8,2,0,1,4,0,0,1,2,0,1,0,2,1,1,3,1,0,00000004,3,1,1,0,1,3f96d6b8,3,f,0,0,0,"No Read Addr Cmds","No Read Addr Cmds","No Write Addr Cmds","No Write Addr Cmds","No Write Responses","No Write Responses","_","Active","_","_","_","Data Beat","_","_","No Write Data Beats","No Write Data Beats"
632,632,0,0,1,1,0,0,0,8e5ffe20afb76fe31ba56e5faf65c9d2,0,3b9a3d13b8d6963fae1d8dc05a6037b2,0,1,0,1,c8bc59dc,ffffffdb,0,1,0,0,2,00000000,"FIXED",3,00,"Data Secure Unprivileged","1 byte",0,0,00000000,"INCR",3,00,"Data Secure Unprivileged","4 bytes",0,2,3f96d6b8,"OKAY",00000000,0,2,1,0,0,0,0,0,0,0,2,0,1,2,0,1,0,1,0037e400,"INCR",3,ff,0,"Data Secure Unprivileged",0,"4 bytes",0,00000000,"FIXED",0,00,0,"Data Secure Unprivileged",0,"1 byte",0,"OKAY",1,b237605a,"OKAY",00000000,8,2,0,1,4,0,0,1,2,0,1,0,2,1,1,1,0,0,00000004,3,1,1,0,1,3f96d6b8,3,f,0,0,0,"No Read Addr Cmds","No Read Addr Cmds","No Write Addr Cmds","No Write Addr Cmds","No Write Responses","No Write Responses","_","_","_","_","_","_","_","_","No Write Data Beats","No Write Data Beats"
633,633,0,0,1,1,0,0,0,8e5ffe20afb76fe31ba56e5faf65c9d2,0,3b9a3d13b8d6963fae1d8dc05a6037b2,0,1,0,1,c8bc59dc,ffffffdb,0,1,0,0,2,00000000,"FIXED",3,00,"Data Secure Unprivileged","1 byte",0,0,00000000,"INCR",3,00,"Data Secure Unprivileged","4 bytes",0,2,3f96d6b8,"OKAY",00000000,0,2,1,0,0,0,0,0,0,0,2,0,1,2,0,1,0,1,0037e400,"INCR",3,ff,0,"Data Secure Unprivileged",0,"4 bytes",0,00000000,"FIXED",0,00,0,"Data Secure Unprivileged",0,"1 byte",0,"OKAY",1,b237605a,"OKAY",00000000,8,2,0,1,4,0,0,1,2,0,1,0,2,1,1,1,0,0,00000004,3,1,1,0,1,3f96d6b8,3,f,0,0,0,"No Read Addr Cmds","No Read Addr Cmds","No Write Addr Cmds","No Write Addr Cmds","No Write Responses","No Write Responses","_","_","_","_","_","_","_","_","No Write Data Beats","No Write Data Beats"
634,634,0,0,1,1,0,0,0,8e5ffe20afb76fe31ba56e5faf65c9d2,0,3b9a3d13b8d6963fae1d8dc05a6037b2,0,1,0,1,c8bc59dc,ffffffdb,0,1,0,0,2,00000000,"FIXED",3,00,"Data Secure Unprivileged","1 byte",0,0,00000000,"INCR",3,00,"Data Secure Unprivileged","4 bytes",0,2,3f96d6b8,"OKAY",00000000,0,2,1,0,0,0,0,0,0,0,2,0,1,2,0,1,0,1,0037e400,"INCR",3,ff,0,"Data Secure Unprivileged",0,"4 bytes",0,00000000,"FIXED",0,00,0,"Data Secure Unprivileged",0,"1 byte",0,"OKAY",1,b237605a,"OKAY",00000000,8,2,0,1,4,0,0,1,2,0,1,0,2,1,1,1,0,0,00000004,3,1,1,1,1,00000000,3,1,1,1,1,"No Read Addr Cmds","No Read Addr Cmds","No Write Addr Cmds","No Write Addr Cmds","No Write Responses","No Write Responses","_","_","Active","Active","_","_","Last Stream","Last Stream","No Write Data Beats","No Write Data Beats"
635,635,0,0,1,1,0,0,0,8e5ffe20afb76fe31ba56e5faf65c9d2,0,3b9a3d13b8d6963fae1d8dc05a6037b2,0,1,0,1,c8bc59dc,ffffffdb,0,1,0,0,2,00000000,"FIXED",3,00,"Data Secure Unprivileged","1 byte",0,0,00000000,"INCR",3,00,"Data Secure Unprivileged","4 bytes",0,2,3f96d6b8,"OKAY",00000000,0,2,1,0,0,0,0,0,0,0,2,0,1,3,1,1,0,1,0037e400,"INCR",3,ff,0,"Data Secure Unprivileged",0,"4 bytes",0,00000000,"FIXED",0,00,0,"Data Secure Unprivileged",0,"1 byte",0,"OKAY",1,b237605a,"OKAY",00000000,0,2,0,1,0,0,0,0,2,0,1,0,2,1,1,1,0,0,c08d1dae,3,f,0,0,0,00000000,3,1,0,0,1,"No Read Addr Cmds","No Read Addr Cmds","No Write Addr Cmds","No Write Addr Cmds","No Write Responses","No Write Responses","Active","_","_","_","Data Beat","_","_","_","No Write Data Beats","No Write Data Beats"
636,636,0,0,1,1,0,0,0,8e5ffe20afb76fe31ba56e5faf65c9d2,0,3b9a3d13b8d6963fae1d8dc05a6037b2,0,1,0,1,c8bc59dc,ffffffdb,0,1,0,0,2,00000000,"FIXED",3,00,"Data Secure Unprivileged","1 byte",0,0,00000000,"INCR",3,00,"Data Secure Unprivileged","4 bytes",0,2,3f96d6b8,"OKAY",00000000,0,2,1,0,0,0,0,0,0,0,2,0,1,2,0,1,0,1,0037e400,"INCR",3,ff,0,"Data Secure Unprivileged",0,"4 bytes",0,00000000,"FIXED",0,00,0,"Data Secure Unprivileged",0,"1 byte",0,"OKAY",1,b237605a,"OKAY",00000000,0,2,0,1,0,0,0,0,2,0,1,0,2,1,1,1,0,0,c08d1dae,3,f,1,0,0,00000000,3,1,0,0,1,"No Read Addr Cmds","No Read Addr Cmds","No Write Addr Cmds","No Write Addr Cmds","No Write Responses","No Write Responses","_","_","_","_","_","_","_","_","No Write Data Beats","No Write Data Beats"
637,637,0,0,1,1,0,0,0,8e5ffe20afb76fe31ba56e5faf65c9d2,0,3b9a3d13b8d6963fae1d8dc05a6037b2,0,1,0,1,c8bc59dc,ffffffdb,0,1,0,0,2,00000000,"FIXED",3,00,"Data Secure Unprivileged","1 byte",0,0,00000000,"INCR",3,00,"Data Secure Unprivileged","4 bytes",0,2,3f96d6b8,"OKAY",00000000,0,2,1,0,0,0,0,0,0,0,2,0,1,2,0,1,0,1,0037e400,"INCR",3,ff,0,"Data Secure Unprivileged",0,"4 bytes",0,00000000,"FIXED",0,00,0,"Data Secure Unprivileged",0,"1 byte",0,"OKAY",1,b237605a,"OKAY",00000000,0,2,0,1,0,0,0,0,2,0,1,0,2,1,1,1,0,0,c08d1dae,3,f,1,0,0,00000000,3,1,0,0,1,"No Read Addr Cmds","No Read Addr Cmds","No Write Addr Cmds","No Write Addr Cmds","No Write Responses","No Write Responses","_","_","_","_","_","_","_","_","No Write Data Beats","No Write Data Beats"
638,638,0,0,1,1,0,0,0,8e5ffe20afb76fe31ba56e5faf65c9d2,0,3b9a3d13b8d6963fae1d8dc05a6037b2,0,1,0,1,c8bc59dc,ffffffdb,0,1,0,0,2,00000000,"FIXED",3,00,"Data Secure Unprivileged","1 byte",0,0,00000000,"INCR",3,00,"Data Secure Unprivileged","4 bytes",0,2,3f96d6b8,"OKAY",00000000,0,2,1,0,0,0,0,0,0,0,2,0,1,2,0,1,0,1,0037e400,"INCR",3,ff,0,"Data Secure Unprivileged",0,"4 bytes",0,00000000,"FIXED",0,00,0,"Data Secure Unprivileged",0,"1 byte",0,"OKAY",1,b237605a,"OKAY",00000000,0,2,0,1,0,0,0,0,2,0,1,0,2,1,1,1,0,0,c08d1dae,3,f,1,1,0,c08d1dae,3,f,1,1,0,"No Read Addr Cmds","No Read Addr Cmds","No Write Addr Cmds","No Write Addr Cmds","No Write Responses","No Write Responses","_","_","Active","Active","_","_","Stream Beat","Stream Beat","No Write Data Beats","No Write Data Beats"
639,639,0,0,1,1,0,0,0,8e5ffe20afb76fe31ba56e5faf65c9d2,0,3b9a3d13b8d6963fae1d8dc05a6037b2,0,1,0,0,c8bc59dc,ffffffdb,0,1,0,0,2,00000000,"FIXED",3,00,"Data Secure Unprivileged","1 byte",0,0,00000000,"INCR",3,00,"Data Secure Unprivileged","4 bytes",0,2,3f96d6b8,"SLVERR",00000000,0,2,1,0,0,0,0,0,0,0,2,0,1,6,0,1,1,1,0037e400,"INCR",3,ff,0,"Data Secure Unprivileged",0,"4 bytes",0,00000000,"FIXED",0,00,0,"Data Secure Unprivileged",0,"1 byte",0,"OKAY",1,b237605a,"OKAY",00000000,e,2,0,1,0,0,0,0,2,0,1,0,2,1,1,3,1,0,00000000,3,1,1,0,1,c08d1dae,3,f,0,0,0,"No Read Addr Cmds","No Read Addr Cmds","No Write Addr Cmds","No Write Addr Cmds","No Write Responses","No Write Responses","_","Active","_","_","_","Data Beat","_","_","No Write Data Beats","No Write Data Beats"
640,640,0,0,1,1,0,0,0,8e5ffe20afb76fe31ba56e5faf65c9d2,0,3b9a3d13b8d6963fae1d8dc05a6037b2,0,1,0,1,fc696b1d,ffffffdb,0,1,0,0,2,00000000,"FIXED",3,00,"Data Secure Unprivileged","1 byte",0,0,00000000,"INCR",3,00,"Data Secure Unprivileged","4 bytes",0,2,c08d1dae,"SLVERR",00000000,0,2,1,0,0,0,0,0,0,0,2,0,1,6,0,1,1,1,0037e400,"INCR",3,ff,0,"Data Secure Unprivileged",0,"4 bytes",0,00000000,"FIXED",0,00,0,"Data Secure Unprivileged",0,"1 byte",0,"OKAY",1,133d9a3b,"OKAY",00000000,e,2,0,1,0,0,0,0,2,0,1,0,2,1,1,1,0,0,00000000,3,1,1,0,1,c08d1dae,3,f,0,0,0,"No Read Addr Cmds","No Read Addr Cmds","No Write Addr Cmds","No Write Addr Cmds","No Write Responses","No Write Responses","_","_","_","_","_","_","_","_","No Write Data Beats","No Write Data Beats"
641,641,0,0,1,1,0,0,0,8e5ffe20afb76fe31ba56e5faf65c9d2,0,3b9a3d13b8d6963fae1d8dc05a6037b2,0,1,0,1,fc696b1d,ffffffdb,0,1,0,0,2,00000000,"FIXED",3,00,"Data Secure Unprivileged","1 byte",0,0,00000000,"INCR",3,00,"Data Secure Unprivileged","4 bytes",0,2,c08d1dae,"SLVERR",00000000,0,2,1,0,0,0,0,0,0,0,2,0,1,6,0,1,1,1,0037e400,"INCR",3,ff,0,"Data Secure Unprivileged",0,"4 bytes",0,00000000,"FIXED",0,00,0,"Data Secure Unprivileged",0,"1 byte",0,"OKAY",1,133d9a3b,"OKAY",00000000,e,2,0,1,0,0,0,0,2,0,1,0,2,1,1,1,0,0,00000000,3,1,1,0,1,c08d1dae,3,f,0,0,0,"No Read Addr Cmds","No Read Addr Cmds","No Write Addr Cmds","No Write Addr Cmds","No Write Responses","No Write Responses","_","_","_","_","_","_","_","_","No Write Data Beats","No Write Data Beats"
642,642,0,0,1,1,0,0,0,8e5ffe20afb76fe31ba56e5faf65c9d2,0,3b9a3d13b8d6963fae1d8dc05a6037b2,0,1,0,1,fc696b1d,ffffffdb,0,1,0,0,2,00000000,"FIXED",3,00,"Data Secure Unprivileged","1 byte",0,0,00000000,"INCR",3,00,"Data Secure Unprivileged","4 bytes",0,2,c08d1dae,"SLVERR",00000000,0,2,1,0,0,0,0,0,0,0,2,0,1,6,0,1,1,1,0037e400,"INCR",3,ff,0,"Data Secure Unprivileged",0,"4 bytes",0,00000000,"FIXED",0,00,0,"Data Secure Unprivileged",0,"1 byte",0,"OKAY",1,133d9a3b,"OKAY",00000000,e,2,0,1,0,0,0,0,2,0,1,0,2,1,1,1,0,0,00000000,3,1,1,1,1,00000000,3,1,1,1,1,"No Read Addr Cmds","No Read Addr Cmds","No Write Addr Cmds","No Write Addr Cmds","No Write Responses","No Write Responses","_","_","Active","Active","_","_","Last Stream","Last Stream","No Write Data Beats","No Write Data Beats"
643,643,0,0,1,1,0,0,0,8e5ffe20afb76fe31ba56e5faf65c9d2,0,3b9a3d13b8d6963fae1d8dc05a6037b2,0,1,0,1,fc696b1d,ffffffdb,0,1,0,0,2,00000000,"FIXED",3,00,"Data Secure Unprivileged","1 byte",0,0,00000000,"INCR",3,00,"Data Secure Unprivileged","4 bytes",0,2,c08d1dae,"OKAY",00000000,0,2,1,0,0,0,0,0,0,0,2,0,1,3,1,1,0,1,0037e400,"INCR",3,ff,0,"Data Secure Unprivileged",0,"4 bytes",0,00000000,"FIXED",0,00,0,"Data Secure Unprivileged",0,"1 byte",0,"OKAY",1,133d9a3b,"OKAY",00000000,0,2,0,1,0,0,0,0,2,0,1,0,2,1,1,1,0,0,b237605a,3,f,0,0,0,00000000,3,1,0,0,1,"No Read Addr Cmds","No Read Addr Cmds","No Write Addr Cmds","No Write Addr Cmds","No Write Responses","No Write Responses","Active","_","_","_","Data Beat","_","_","_","No Write Data Beats","No Write Data Beats"
644,644,0,0,1,1,0,0,0,8e5ffe20afb76fe31ba56e5faf65c9d2,0,3b9a3d13b8d6963fae1d8dc05a6037b2,0,1,0,1,fc696b1d,ffffffdb,0,1,0,0,2,00000000,"FIXED",3,00,"Data Secure Unprivileged","1 byte",0,0,00000000,"INCR",3,00,"Data Secure Unprivileged","4 bytes",0,2,c08d1dae,"OKAY",00000000,0,2,1,0,0,0,0,0,0,0,2,0,1,2,0,1,0,1,0037e400,"INCR",3,ff,0,"Data Secure Unprivileged",0,"4 bytes",0,00000000,"FIXED",0,00,0,"Data Secure Unprivileged",0,"1 byte",0,"OKAY",1,133d9a3b,"OKAY",00000000,0,2,0,1,0,0,0,0,2,0,1,0,2,1,1,1,0,0,b237605a,3,f,1,0,0,00000000,3,1,0,0,1,"No Read Addr Cmds","No Read Addr Cmds","No Write Addr Cmds","No Write Addr Cmds","No Write Responses","No Write Responses","_","_","_","_","_","_","_","_","No Write Data Beats","No Write Data Beats"
645,645,0,0,1,1,0,0,0,8e5ffe20afb76fe31ba56e5faf65c9d2,0,3b9a3d13b8d6963fae1d8dc05a6037b2,0,1,0,1,fc696b1d,ffffffdb,0,1,0,0,2,00000000,"FIXED",3,00,"Data Secure Unprivileged","1 byte",0,0,00000000,"INCR",3,00,"Data Secure Unprivileged","4 bytes",0,2,c08d1dae,"OKAY",00000000,0,2,1,0,0,0,0,0,0,0,2,0,1,2,0,1,0,1,0037e400,"INCR",3,ff,0,"Data Secure Unprivileged",0,"4 bytes",0,00000000,"FIXED",0,00,0,"Data Secure Unprivileged",0,"1 byte",0,"OKAY",1,133d9a3b,"OKAY",00000000,0,2,0,1,0,0,0,0,2,0,1,0,2,1,1,1,0,0,b237605a,3,f,1,0,0,00000000,3,1,0,0,1,"No Read Addr Cmds","No Read Addr Cmds","No Write Addr Cmds","No Write Addr Cmds","No Write Responses","No Write Responses","_","_","_","_","_","_","_","_","No Write Data Beats","No Write Data Beats"
646,646,0,0,1,1,0,0,0,8e5ffe20afb76fe31ba56e5faf65c9d2,0,3b9a3d13b8d6963fae1d8dc05a6037b2,0,1,0,1,fc696b1d,ffffffdb,0,1,0,0,2,00000000,"FIXED",3,00,"Data Secure Unprivileged","1 byte",0,0,00000000,"INCR",3,00,"Data Secure Unprivileged","4 bytes",0,2,c08d1dae,"OKAY",00000000,0,2,1,0,0,0,0,0,0,0,2,0,1,2,0,1,0,1,0037e400,"INCR",3,ff,0,"Data Secure Unprivileged",0,"4 bytes",0,00000000,"FIXED",0,00,0,"Data Secure Unprivileged",0,"1 byte",0,"OKAY",1,133d9a3b,"OKAY",00000000,0,2,0,1,0,0,0,0,2,0,1,0,2,1,1,1,0,0,b237605a,3,f,1,1,0,b237605a,3,f,1,1,0,"No Read Addr Cmds","No Read Addr Cmds","No Write Addr Cmds","No Write Addr Cmds","No Write Responses","No Write Responses","_","_","Active","Active","_","_","Stream Beat","Stream Beat","No Write Data Beats","No Write Data Beats"
647,647,0,0,1,1,0,0,0,8e5ffe20afb76fe31ba56e5faf65c9d2,0,3b9a3d13b8d6963fae1d8dc05a6037b2,0,1,0,0,fc696b1d,ffffffdb,0,1,0,0,2,00000000,"FIXED",3,00,"Data Secure Unprivileged","1 byte",0,0,00000000,"INCR",3,00,"Data Secure Unprivileged","4 bytes",0,2,c08d1dae,"SLVERR",00000000,0,2,1,0,0,0,0,0,0,0,2,0,1,2,0,1,0,1,0037e400,"INCR",3,ff,0,"Data Secure Unprivileged",0,"4 bytes",0,00000000,"FIXED",0,00,0,"Data Secure Unprivileged",0,"1 byte",0,"OKAY",1,133d9a3b,"OKAY",00000000,a,2,0,1,4,0,0,1,2,0,1,0,2,1,1,3,1,0,00000000,3,1,1,0,1,b237605a,3,f,0,0,0,"No Read Addr Cmds","No Read Addr Cmds","No Write Addr Cmds","No Write Addr Cmds","No Write Responses","No Write Responses","_","Active","_","_","_","Data Beat","_","_","No Write Data Beats","No Write Data Beats"
648,648,0,0,1,1,0,0,0,8e5ffe20afb76fe31ba56e5faf65c9d2,0,3b9a3d13b8d6963fae1d8dc05a6037b2,0,1,0,1,03b1b875,ffffffdb,0,1,0,0,2,00000000,"FIXED",3,00,"Data Secure Unprivileged","1 byte",0,0,00000000,"INCR",3,00,"Data Secure Unprivileged","4 bytes",0,2,b237605a,"SLVERR",00000000,0,2,1,0,0,0,0,0,0,0,2,0,1,2,0,1,0,1,0037e400,"INCR",3,ff,0,"Data Secure Unprivileged",0,"4 bytes",0,00000000,"FIXED",0,00,0,"Data Secure Unprivileged",0,"1 byte",0,"OKAY",1,3f96d6b8,"OKAY",00000000,a,2,0,1,4,0,0,1,2,0,1,0,2,1,1,1,0,0,00000000,3,1,1,0,1,b237605a,3,f,0,0,0,"No Read Addr Cmds","No Read Addr Cmds","No Write Addr Cmds","No Write Addr Cmds","No Write Responses","No Write Responses","_","_","_","_","_","_","_","_","No Write Data Beats","No Write Data Beats"
649,649,0,0,1,1,0,0,0,8e5ffe20afb76fe31ba56e5faf65c9d2,0,3b9a3d13b8d6963fae1d8dc05a6037b2,0,1,0,1,03b1b875,ffffffdb,0,1,0,0,2,00000000,"FIXED",3,00,"Data Secure Unprivileged","1 byte",0,0,00000000,"INCR",3,00,"Data Secure Unprivileged","4 bytes",0,2,b237605a,"SLVERR",00000000,0,2,1,0,0,0,0,0,0,0,2,0,1,2,0,1,0,1,0037e400,"INCR",3,ff,0,"Data Secure Unprivileged",0,"4 bytes",0,00000000,"FIXED",0,00,0,"Data Secure Unprivileged",0,"1 byte",0,"OKAY",1,3f96d6b8,"OKAY",00000000,a,2,0,1,4,0,0,1,2,0,1,0,2,1,1,1,0,0,00000000,3,1,1,0,1,b237605a,3,f,0,0,0,"No Read Addr Cmds","No Read Addr Cmds","No Write Addr Cmds","No Write Addr Cmds","No Write Responses","No Write Responses","_","_","_","_","_","_","_","_","No Write Data Beats","No Write Data Beats"
650,650,0,0,1,1,0,0,0,8e5ffe20afb76fe31ba56e5faf65c9d2,0,3b9a3d13b8d6963fae1d8dc05a6037b2,0,1,0,1,03b1b875,ffffffdb,0,1,0,0,2,00000000,"FIXED",3,00,"Data Secure Unprivileged","1 byte",0,0,00000000,"INCR",3,00,"Data Secure Unprivileged","4 bytes",0,2,b237605a,"SLVERR",00000000,0,2,1,0,0,0,0,0,0,0,2,0,1,2,0,1,0,1,0037e400,"INCR",3,ff,0,"Data Secure Unprivileged",0,"4 bytes",0,00000000,"FIXED",0,00,0,"Data Secure Unprivileged",0,"1 byte",0,"OKAY",1,3f96d6b8,"OKAY",00000000,a,2,0,1,4,0,0,1,2,0,1,0,2,1,1,1,0,0,00000000,3,1,1,1,1,00000000,3,1,1,1,1,"No Read Addr Cmds","No Read Addr Cmds","No Write Addr Cmds","No Write Addr Cmds","No Write Responses","No Write Responses","_","_","Active","Active","_","_","Last Stream","Last Stream","No Write Data Beats","No Write Data Beats"
651,651,0,0,1,1,0,0,0,8e5ffe20afb76fe31ba56e5faf65c9d2,0,3b9a3d13b8d6963fae1d8dc05a6037b2,0,1,0,1,03b1b875,ffffffdb,0,1,0,0,2,00000000,"FIXED",3,00,"Data Secure Unprivileged","1 byte",0,0,00000000,"INCR",3,00,"Data Secure Unprivileged","4 bytes",0,2,b237605a,"OKAY",00000000,0,2,1,0,0,0,0,0,0,0,2,0,1,3,1,1,0,1,0037e400,"INCR",3,ff,0,"Data Secure Unprivileged",0,"4 bytes",0,00000000,"FIXED",0,00,0,"Data Secure Unprivileged",0,"1 byte",0,"OKAY",1,3f96d6b8,"OKAY",00000000,0,2,0,1,0,0,0,0,2,0,1,0,2,1,1,1,0,0,133d9a3b,3,f,0,0,0,00000000,3,1,0,0,1,"No Read Addr Cmds","No Read Addr Cmds","No Write Addr Cmds","No Write Addr Cmds","No Write Responses","No Write Responses","Active","_","_","_","Data Beat","_","_","_","No Write Data Beats","No Write Data Beats"
652,652,0,0,1,1,0,0,0,8e5ffe20afb76fe31ba56e5faf65c9d2,0,3b9a3d13b8d6963fae1d8dc05a6037b2,0,1,0,1,03b1b875,ffffffdb,0,1,0,0,2,00000000,"FIXED",3,00,"Data Secure Unprivileged","1 byte",0,0,00000000,"INCR",3,00,"Data Secure Unprivileged","4 bytes",0,2,b237605a,"OKAY",00000000,0,2,1,0,0,0,0,0,0,0,2,0,1,2,0,1,0,1,0037e400,"INCR",3,ff,0,"Data Secure Unprivileged",0,"4 bytes",0,00000000,"FIXED",0,00,0,"Data Secure Unprivileged",0,"1 byte",0,"OKAY",1,3f96d6b8,"OKAY",00000000,0,2,0,1,0,0,0,0,2,0,1,0,2,1,1,1,0,0,133d9a3b,3,f,1,0,0,00000000,3,1,0,0,1,"No Read Addr Cmds","No Read Addr Cmds","No Write Addr Cmds","No Write Addr Cmds","No Write Responses","No Write Responses","_","_","_","_","_","_","_","_","No Write Data Beats","No Write Data Beats"
653,653,0,0,1,1,0,0,0,8e5ffe20afb76fe31ba56e5faf65c9d2,0,3b9a3d13b8d6963fae1d8dc05a6037b2,0,1,0,1,03b1b875,ffffffdb,0,1,0,0,2,00000000,"FIXED",3,00,"Data Secure Unprivileged","1 byte",0,0,00000000,"INCR",3,00,"Data Secure Unprivileged","4 bytes",0,2,b237605a,"OKAY",00000000,0,2,1,0,0,0,0,0,0,0,2,0,1,2,0,1,0,1,0037e400,"INCR",3,ff,0,"Data Secure Unprivileged",0,"4 bytes",0,00000000,"FIXED",0,00,0,"Data Secure Unprivileged",0,"1 byte",0,"OKAY",1,3f96d6b8,"OKAY",00000000,0,2,0,1,0,0,0,0,2,0,1,0,2,1,1,1,0,0,133d9a3b,3,f,1,0,0,00000000,3,1,0,0,1,"No Read Addr Cmds","No Read Addr Cmds","No Write Addr Cmds","No Write Addr Cmds","No Write Responses","No Write Responses","_","_","_","_","_","_","_","_","No Write Data Beats","No Write Data Beats"
654,654,0,0,1,1,0,0,0,8e5ffe20afb76fe31ba56e5faf65c9d2,0,3b9a3d13b8d6963fae1d8dc05a6037b2,0,1,0,1,03b1b875,ffffffdb,0,1,0,0,2,00000000,"FIXED",3,00,"Data Secure Unprivileged","1 byte",0,0,00000000,"INCR",3,00,"Data Secure Unprivileged","4 bytes",0,2,b237605a,"OKAY",00000000,0,2,1,0,0,0,0,0,0,0,2,0,1,2,0,1,0,1,0037e400,"INCR",3,ff,0,"Data Secure Unprivileged",0,"4 bytes",0,00000000,"FIXED",0,00,0,"Data Secure Unprivileged",0,"1 byte",0,"OKAY",1,3f96d6b8,"OKAY",00000000,0,2,0,1,0,0,0,0,2,0,1,0,2,1,1,1,0,0,133d9a3b,3,f,1,1,0,133d9a3b,3,f,1,1,0,"No Read Addr Cmds","No Read Addr Cmds","No Write Addr Cmds","No Write Addr Cmds","No Write Responses","No Write Responses","_","_","Active","Active","_","_","Stream Beat","Stream Beat","No Write Data Beats","No Write Data Beats"
655,655,0,0,1,1,0,0,0,8e5ffe20afb76fe31ba56e5faf65c9d2,0,3b9a3d13b8d6963fae1d8dc05a6037b2,0,1,0,0,03b1b875,ffffffdb,0,1,0,0,2,00000000,"FIXED",3,00,"Data Secure Unprivileged","1 byte",0,0,00000000,"INCR",3,00,"Data Secure Unprivileged","4 bytes",0,2,b237605a,"DECERR",00000000,0,2,1,0,0,0,0,0,0,0,2,0,1,2,0,1,0,1,0037e400,"INCR",3,ff,0,"Data Secure Unprivileged",0,"4 bytes",0,00000000,"FIXED",0,00,0,"Data Secure Unprivileged",0,"1 byte",0,"OKAY",1,3f96d6b8,"OKAY",00000000,b,2,0,1,4,0,0,1,2,0,1,0,2,1,1,3,1,0,00000000,3,1,1,0,1,133d9a3b,3,f,0,0,0,"No Read Addr Cmds","No Read Addr Cmds","No Write Addr Cmds","No Write Addr Cmds","No Write Responses","No Write Responses","_","Active","_","_","_","Data Beat","_","_","No Write Data Beats","No Write Data Beats"
656,656,0,0,1,1,0,0,0,8e5ffe20afb76fe31ba56e5faf65c9d2,0,3b9a3d13b8d6963fae1d8dc05a6037b2,0,1,0,1,4dec065a,ffffffdb,0,1,0,0,2,00000000,"FIXED",3,00,"Data Secure Unprivileged","1 byte",0,0,00000000,"INCR",3,00,"Data Secure Unprivileged","4 bytes",0,2,133d9a3b,"DECERR",00000000,0,2,1,0,0,0,0,0,0,0,2,0,1,2,0,1,0,1,0037e400,"INCR",3,ff,0,"Data Secure Unprivileged",0,"4 bytes",0,00000000,"FIXED",0,00,0,"Data Secure Unprivileged",0,"1 byte",0,"OKAY",1,c08d1dae,"OKAY",00000000,b,2,0,1,4,0,0,1,2,0,1,0,2,1,1,1,0,0,00000000,3,1,1,0,1,133d9a3b,3,f,0,0,0,"No Read Addr Cmds","No Read Addr Cmds","No Write Addr Cmds","No Write Addr Cmds","No Write Responses","No Write Responses","_","_","_","_","_","_","_","_","No Write Data Beats","No Write Data Beats"
657,657,0,0,1,1,0,0,0,8e5ffe20afb76fe31ba56e5faf65c9d2,0,3b9a3d13b8d6963fae1d8dc05a6037b2,0,1,0,1,4dec065a,ffffffdb,0,1,0,0,2,00000000,"FIXED",3,00,"Data Secure Unprivileged","1 byte",0,0,00000000,"INCR",3,00,"Data Secure Unprivileged","4 bytes",0,2,133d9a3b,"DECERR",00000000,0,2,1,0,0,0,0,0,0,0,2,0,1,2,0,1,0,1,0037e400,"INCR",3,ff,0,"Data Secure Unprivileged",0,"4 bytes",0,00000000,"FIXED",0,00,0,"Data Secure Unprivileged",0,"1 byte",0,"OKAY",1,c08d1dae,"OKAY",00000000,b,2,0,1,4,0,0,1,2,0,1,0,2,1,1,1,0,0,00000000,3,1,1,0,1,133d9a3b,3,f,0,0,0,"No Read Addr Cmds","No Read Addr Cmds","No Write Addr Cmds","No Write Addr Cmds","No Write Responses","No Write Responses","_","_","_","_","_","_","_","_","No Write Data Beats","No Write Data Beats"
658,658,0,0,1,1,0,0,0,8e5ffe20afb76fe31ba56e5faf65c9d2,0,3b9a3d13b8d6963fae1d8dc05a6037b2,0,1,0,1,4dec065a,ffffffdb,0,1,0,0,2,00000000,"FIXED",3,00,"Data Secure Unprivileged","1 byte",0,0,00000000,"INCR",3,00,"Data Secure Unprivileged","4 bytes",0,2,133d9a3b,"DECERR",00000000,0,2,1,0,0,0,0,0,0,0,2,0,1,2,0,1,0,1,0037e400,"INCR",3,ff,0,"Data Secure Unprivileged",0,"4 bytes",0,00000000,"FIXED",0,00,0,"Data Secure Unprivileged",0,"1 byte",0,"OKAY",1,c08d1dae,"OKAY",00000000,b,2,0,1,4,0,0,1,2,0,1,0,2,1,1,1,0,0,00000000,3,1,1,1,1,00000000,3,1,1,1,1,"No Read Addr Cmds","No Read Addr Cmds","No Write Addr Cmds","No Write Addr Cmds","No Write Responses","No Write Responses","_","_","Active","Active","_","_","Last Stream","Last Stream","No Write Data Beats","No Write Data Beats"
659,659,0,0,1,1,0,0,0,8e5ffe20afb76fe31ba56e5faf65c9d2,0,3b9a3d13b8d6963fae1d8dc05a6037b2,0,1,0,1,4dec065a,ffffffdb,0,1,0,0,2,00000000,"FIXED",3,00,"Data Secure Unprivileged","1 byte",0,0,00000000,"INCR",3,00,"Data Secure Unprivileged","4 bytes",0,2,133d9a3b,"OKAY",00000000,0,2,1,0,0,0,0,0,0,0,2,0,1,3,1,1,0,1,0037e400,"INCR",3,ff,0,"Data Secure Unprivileged",0,"4 bytes",0,00000000,"FIXED",0,00,0,"Data Secure Unprivileged",0,"1 byte",0,"OKAY",1,c08d1dae,"OKAY",00000000,0,2,0,1,0,0,0,0,2,0,1,0,2,1,1,1,0,0,3f96d6b8,3,f,0,0,0,00000000,3,1,0,0,1,"No Read Addr Cmds","No Read Addr Cmds","No Write Addr Cmds","No Write Addr Cmds","No Write Responses","No Write Responses","Active","_","_","_","Data Beat","_","_","_","No Write Data Beats","No Write Data Beats"
660,660,0,0,1,1,0,0,0,8e5ffe20afb76fe31ba56e5faf65c9d2,0,3b9a3d13b8d6963fae1d8dc05a6037b2,0,1,0,1,4dec065a,ffffffdb,0,1,0,0,2,00000000,"FIXED",3,00,"Data Secure Unprivileged","1 byte",0,0,00000000,"INCR",3,00,"Data Secure Unprivileged","4 bytes",0,2,133d9a3b,"OKAY",00000000,0,2,1,0,0,0,0,0,0,0,2,0,1,2,0,1,0,1,0037e400,"INCR",3,ff,0,"Data Secure Unprivileged",0,"4 bytes",0,00000000,"FIXED",0,00,0,"Data Secure Unprivileged",0,"1 byte",0,"OKAY",1,c08d1dae,"OKAY",00000000,0,2,0,1,0,0,0,0,2,0,1,0,2,1,1,1,0,0,3f96d6b8,3,f,1,0,0,00000000,3,1,0,0,1,"No Read Addr Cmds","No Read Addr Cmds","No Write Addr Cmds","No Write Addr Cmds","No Write Responses","No Write Responses","_","_","_","_","_","_","_","_","No Write Data Beats","No Write Data Beats"
661,661,0,0,1,1,0,0,0,8e5ffe20afb76fe31ba56e5faf65c9d2,0,3b9a3d13b8d6963fae1d8dc05a6037b2,0,1,0,1,4dec065a,ffffffdb,0,1,0,0,2,00000000,"FIXED",3,00,"Data Secure Unprivileged","1 byte",0,0,00000000,"INCR",3,00,"Data Secure Unprivileged","4 bytes",0,2,133d9a3b,"OKAY",00000000,0,2,1,0,0,0,0,0,0,0,2,0,1,2,0,1,0,1,0037e400,"INCR",3,ff,0,"Data Secure Unprivileged",0,"4 bytes",0,00000000,"FIXED",0,00,0,"Data Secure Unprivileged",0,"1 byte",0,"OKAY",1,c08d1dae,"OKAY",00000000,0,2,0,1,0,0,0,0,2,0,1,0,2,1,1,1,0,0,3f96d6b8,3,f,1,0,0,00000000,3,1,0,0,1,"No Read Addr Cmds","No Read Addr Cmds","No Write Addr Cmds","No Write Addr Cmds","No Write Responses","No Write Responses","_","_","_","_","_","_","_","_","No Write Data Beats","No Write Data Beats"
662,662,0,0,1,1,0,0,0,8e5ffe20afb76fe31ba56e5faf65c9d2,0,3b9a3d13b8d6963fae1d8dc05a6037b2,0,1,0,1,4dec065a,ffffffdb,0,1,0,0,2,00000000,"FIXED",3,00,"Data Secure Unprivileged","1 byte",0,0,00000000,"INCR",3,00,"Data Secure Unprivileged","4 bytes",0,2,133d9a3b,"OKAY",00000000,0,2,1,0,0,0,0,0,0,0,2,0,1,2,0,1,0,1,0037e400,"INCR",3,ff,0,"Data Secure Unprivileged",0,"4 bytes",0,00000000,"FIXED",0,00,0,"Data Secure Unprivileged",0,"1 byte",0,"OKAY",1,c08d1dae,"OKAY",00000000,0,2,0,1,0,0,0,0,2,0,1,0,2,1,1,1,0,0,3f96d6b8,3,f,1,1,0,3f96d6b8,3,f,1,1,0,"No Read Addr Cmds","No Read Addr Cmds","No Write Addr Cmds","No Write Addr Cmds","No Write Responses","No Write Responses","_","_","Active","Active","_","_","Stream Beat","Stream Beat","No Write Data Beats","No Write Data Beats"
663,663,0,0,1,1,0,0,0,8e5ffe20afb76fe31ba56e5faf65c9d2,0,3b9a3d13b8d6963fae1d8dc05a6037b2,0,1,0,0,4dec065a,ffffffdb,0,1,0,0,2,00000000,"FIXED",3,00,"Data Secure Unprivileged","1 byte",0,0,00000000,"INCR",3,00,"Data Secure Unprivileged","4 bytes",0,2,133d9a3b,"OKAY",00000000,0,2,1,0,0,0,0,0,0,0,2,0,1,2,0,1,0,1,0037e400,"INCR",3,ff,0,"Data Secure Unprivileged",0,"4 bytes",0,00000000,"FIXED",0,00,0,"Data Secure Unprivileged",0,"1 byte",0,"OKAY",1,c08d1dae,"OKAY",00000000,8,2,0,1,4,0,0,1,2,0,1,0,2,1,1,3,1,0,00000000,3,1,1,0,1,3f96d6b8,3,f,0,0,0,"No Read Addr Cmds","No Read Addr Cmds","No Write Addr Cmds","No Write Addr Cmds","No Write Responses","No Write Responses","_","Active","_","_","_","Data Beat","_","_","No Write Data Beats","No Write Data Beats"
664,664,0,0,1,1,0,0,0,8e5ffe20afb76fe31ba56e5faf65c9d2,0,3b9a3d13b8d6963fae1d8dc05a6037b2,0,1,0,1,c8bc59dc,ffffffdb,0,1,0,0,2,00000000,"FIXED",3,00,"Data Secure Unprivileged","1 byte",0,0,00000000,"INCR",3,00,"Data Secure Unprivileged","4 bytes",0,2,3f96d6b8,"OKAY",00000000,0,2,1,0,0,0,0,0,0,0,2,0,1,2,0,1,0,1,0037e400,"INCR",3,ff,0,"Data Secure Unprivileged",0,"4 bytes",0,00000000,"FIXED",0,00,0,"Data Secure Unprivileged",0,"1 byte",0,"OKAY",1,b237605a,"OKAY",00000000,8,2,0,1,4,0,0,1,2,0,1,0,2,1,1,1,0,0,00000000,3,1,1,0,1,3f96d6b8,3,f,0,0,0,"No Read Addr Cmds","No Read Addr Cmds","No Write Addr Cmds","No Write Addr Cmds","No Write Responses","No Write Responses","_","_","_","_","_","_","_","_","No Write Data Beats","No Write Data Beats"
665,665,0,0,1,1,0,0,0,8e5ffe20afb76fe31ba56e5faf65c9d2,0,3b9a3d13b8d6963fae1d8dc05a6037b2,0,1,0,1,c8bc59dc,ffffffdb,0,1,0,0,2,00000000,"FIXED",3,00,"Data Secure Unprivileged","1 byte",0,0,00000000,"INCR",3,00,"Data Secure Unprivileged","4 bytes",0,2,3f96d6b8,"OKAY",00000000,0,2,1,0,0,0,0,0,0,0,2,0,1,2,0,1,0,1,0037e400,"INCR",3,ff,0,"Data Secure Unprivileged",0,"4 bytes",0,00000000,"FIXED",0,00,0,"Data Secure Unprivileged",0,"1 byte",0,"OKAY",1,b237605a,"OKAY",00000000,8,2,0,1,4,0,0,1,2,0,1,0,2,1,1,1,0,0,00000000,3,1,1,0,1,3f96d6b8,3,f,0,0,0,"No Read Addr Cmds","No Read Addr Cmds","No Write Addr Cmds","No Write Addr Cmds","No Write Responses","No Write Responses","_","_","_","_","_","_","_","_","No Write Data Beats","No Write Data Beats"
666,666,0,0,1,1,0,0,0,8e5ffe20afb76fe31ba56e5faf65c9d2,0,3b9a3d13b8d6963fae1d8dc05a6037b2,0,1,0,1,c8bc59dc,ffffffdb,0,1,0,0,2,00000000,"FIXED",3,00,"Data Secure Unprivileged","1 byte",0,0,00000000,"INCR",3,00,"Data Secure Unprivileged","4 bytes",0,2,3f96d6b8,"OKAY",00000000,0,2,1,0,0,0,0,0,0,0,2,0,1,2,0,1,0,1,0037e400,"INCR",3,ff,0,"Data Secure Unprivileged",0,"4 bytes",0,00000000,"FIXED",0,00,0,"Data Secure Unprivileged",0,"1 byte",0,"OKAY",1,b237605a,"OKAY",00000000,8,2,0,1,4,0,0,1,2,0,1,0,2,1,1,1,0,0,00000000,3,1,1,1,1,00000000,3,1,1,1,1,"No Read Addr Cmds","No Read Addr Cmds","No Write Addr Cmds","No Write Addr Cmds","No Write Responses","No Write Responses","_","_","Active","Active","_","_","Last Stream","Last Stream","No Write Data Beats","No Write Data Beats"
667,667,0,0,1,1,0,0,0,8e5ffe20afb76fe31ba56e5faf65c9d2,0,3b9a3d13b8d6963fae1d8dc05a6037b2,0,1,0,1,c8bc59dc,ffffffdb,0,1,0,0,2,00000000,"FIXED",3,00,"Data Secure Unprivileged","1 byte",0,0,00000000,"INCR",3,00,"Data Secure Unprivileged","4 bytes",0,2,3f96d6b8,"OKAY",00000000,0,2,1,0,0,0,0,0,0,0,2,0,1,3,1,1,0,1,0037e400,"INCR",3,ff,0,"Data Secure Unprivileged",0,"4 bytes",0,00000000,"FIXED",0,00,0,"Data Secure Unprivileged",0,"1 byte",0,"OKAY",1,b237605a,"OKAY",00000000,0,2,0,1,0,0,0,0,2,0,1,0,2,1,1,1,0,0,c08d1dae,3,f,0,0,0,00000000,3,1,0,0,1,"No Read Addr Cmds","No Read Addr Cmds","No Write Addr Cmds","No Write Addr Cmds","No Write Responses","No Write Responses","Active","_","_","_","Data Beat","_","_","_","No Write Data Beats","No Write Data Beats"
668,668,0,0,1,1,0,0,0,8e5ffe20afb76fe31ba56e5faf65c9d2,0,3b9a3d13b8d6963fae1d8dc05a6037b2,0,1,0,1,c8bc59dc,ffffffdb,0,1,0,0,2,00000000,"FIXED",3,00,"Data Secure Unprivileged","1 byte",0,0,00000000,"INCR",3,00,"Data Secure Unprivileged","4 bytes",0,2,3f96d6b8,"OKAY",00000000,0,2,1,0,0,0,0,0,0,0,2,0,1,2,0,1,0,1,0037e400,"INCR",3,ff,0,"Data Secure Unprivileged",0,"4 bytes",0,00000000,"FIXED",0,00,0,"Data Secure Unprivileged",0,"1 byte",0,"OKAY",1,b237605a,"OKAY",00000000,0,2,0,1,0,0,0,0,2,0,1,0,2,1,1,1,0,0,c08d1dae,3,f,1,0,0,00000000,3,1,0,0,1,"No Read Addr Cmds","No Read Addr Cmds","No Write Addr Cmds","No Write Addr Cmds","No Write Responses","No Write Responses","_","_","_","_","_","_","_","_","No Write Data Beats","No Write Data Beats"
669,669,0,0,1,1,0,0,0,8e5ffe20afb76fe31ba56e5faf65c9d2,0,3b9a3d13b8d6963fae1d8dc05a6037b2,0,1,0,1,c8bc59dc,ffffffdb,0,1,0,0,2,00000000,"FIXED",3,00,"Data Secure Unprivileged","1 byte",0,0,00000000,"INCR",3,00,"Data Secure Unprivileged","4 bytes",0,2,3f96d6b8,"OKAY",00000000,0,2,1,0,0,0,0,0,0,0,2,0,1,2,0,1,0,1,0037e400,"INCR",3,ff,0,"Data Secure Unprivileged",0,"4 bytes",0,00000000,"FIXED",0,00,0,"Data Secure Unprivileged",0,"1 byte",0,"OKAY",1,b237605a,"OKAY",00000000,0,2,0,1,0,0,0,0,2,0,1,0,2,1,1,1,0,0,c08d1dae,3,f,1,0,0,00000000,3,1,0,0,1,"No Read Addr Cmds","No Read Addr Cmds","No Write Addr Cmds","No Write Addr Cmds","No Write Responses","No Write Responses","_","_","_","_","_","_","_","_","No Write Data Beats","No Write Data Beats"
670,670,0,0,1,1,0,0,0,8e5ffe20afb76fe31ba56e5faf65c9d2,0,3b9a3d13b8d6963fae1d8dc05a6037b2,0,1,0,1,c8bc59dc,ffffffdb,0,1,0,0,2,00000000,"FIXED",3,00,"Data Secure Unprivileged","1 byte",0,0,00000000,"INCR",3,00,"Data Secure Unprivileged","4 bytes",0,2,3f96d6b8,"OKAY",00000000,0,2,1,0,0,0,0,0,0,0,2,0,1,2,0,1,0,1,0037e400,"INCR",3,ff,0,"Data Secure Unprivileged",0,"4 bytes",0,00000000,"FIXED",0,00,0,"Data Secure Unprivileged",0,"1 byte",0,"OKAY",1,b237605a,"OKAY",00000000,0,2,0,1,0,0,0,0,2,0,1,0,2,1,1,1,0,0,c08d1dae,3,f,1,1,0,c08d1dae,3,f,1,1,0,"No Read Addr Cmds","No Read Addr Cmds","No Write Addr Cmds","No Write Addr Cmds","No Write Responses","No Write Responses","_","_","Active","Active","_","_","Stream Beat","Stream Beat","No Write Data Beats","No Write Data Beats"
671,671,0,0,1,1,0,0,0,8e5ffe20afb76fe31ba56e5faf65c9d2,0,3b9a3d13b8d6963fae1d8dc05a6037b2,0,1,0,0,c8bc59dc,ffffffdb,0,1,0,0,2,00000000,"FIXED",3,00,"Data Secure Unprivileged","1 byte",0,0,00000000,"INCR",3,00,"Data Secure Unprivileged","4 bytes",0,2,3f96d6b8,"SLVERR",00000000,0,2,1,0,0,0,0,0,0,0,2,0,1,6,0,1,1,1,0037e400,"INCR",3,ff,0,"Data Secure Unprivileged",0,"4 bytes",0,00000000,"FIXED",0,00,0,"Data Secure Unprivileged",0,"1 byte",0,"OKAY",1,b237605a,"OKAY",00000000,e,2,0,1,0,0,0,0,2,0,1,0,2,1,1,3,1,0,00000000,3,1,1,0,1,c08d1dae,3,f,0,0,0,"No Read Addr Cmds","No Read Addr Cmds","No Write Addr Cmds","No Write Addr Cmds","No Write Responses","No Write Responses","_","Active","_","_","_","Data Beat","_","_","No Write Data Beats","No Write Data Beats"
672,672,0,0,1,1,0,0,0,8e5ffe20afb76fe31ba56e5faf65c9d2,0,3b9a3d13b8d6963fae1d8dc05a6037b2,0,1,0,1,fc696b1d,ffffffdb,0,1,0,0,2,00000000,"FIXED",3,00,"Data Secure Unprivileged","1 byte",0,0,00000000,"INCR",3,00,"Data Secure Unprivileged","4 bytes",0,2,c08d1dae,"SLVERR",00000000,0,2,1,0,0,0,0,0,0,0,2,0,1,6,0,1,1,1,0037e400,"INCR",3,ff,0,"Data Secure Unprivileged",0,"4 bytes",0,00000000,"FIXED",0,00,0,"Data Secure Unprivileged",0,"1 byte",0,"OKAY",1,133d9a3b,"OKAY",00000000,e,2,0,1,0,0,0,0,2,0,1,0,2,1,1,1,0,0,00000000,3,1,1,0,1,c08d1dae,3,f,0,0,0,"No Read Addr Cmds","No Read Addr Cmds","No Write Addr Cmds","No Write Addr Cmds","No Write Responses","No Write Responses","_","_","_","_","_","_","_","_","No Write Data Beats","No Write Data Beats"
673,673,0,0,1,1,0,0,0,8e5ffe20afb76fe31ba56e5faf65c9d2,0,3b9a3d13b8d6963fae1d8dc05a6037b2,0,1,0,1,fc696b1d,ffffffdb,0,1,0,0,2,00000000,"FIXED",3,00,"Data Secure Unprivileged","1 byte",0,0,00000000,"INCR",3,00,"Data Secure Unprivileged","4 bytes",0,2,c08d1dae,"SLVERR",00000000,0,2,1,0,0,0,0,0,0,0,2,0,1,6,0,1,1,1,0037e400,"INCR",3,ff,0,"Data Secure Unprivileged",0,"4 bytes",0,00000000,"FIXED",0,00,0,"Data Secure Unprivileged",0,"1 byte",0,"OKAY",1,133d9a3b,"OKAY",00000000,e,2,0,1,0,0,0,0,2,0,1,0,2,1,1,1,0,0,00000000,3,1,1,0,1,c08d1dae,3,f,0,0,0,"No Read Addr Cmds","No Read Addr Cmds","No Write Addr Cmds","No Write Addr Cmds","No Write Responses","No Write Responses","_","_","_","_","_","_","_","_","No Write Data Beats","No Write Data Beats"
674,674,0,0,1,1,0,0,0,8e5ffe20afb76fe31ba56e5faf65c9d2,0,3b9a3d13b8d6963fae1d8dc05a6037b2,0,1,0,1,fc696b1d,ffffffdb,0,1,0,0,2,00000000,"FIXED",3,00,"Data Secure Unprivileged","1 byte",0,0,00000000,"INCR",3,00,"Data Secure Unprivileged","4 bytes",0,2,c08d1dae,"SLVERR",00000000,0,2,1,0,0,0,0,0,0,0,2,0,1,6,0,1,1,1,0037e400,"INCR",3,ff,0,"Data Secure Unprivileged",0,"4 bytes",0,00000000,"FIXED",0,00,0,"Data Secure Unprivileged",0,"1 byte",0,"OKAY",1,133d9a3b,"OKAY",00000000,e,2,0,1,0,0,0,0,2,0,1,0,2,1,1,1,0,0,00000000,3,1,1,1,1,00000000,3,1,1,1,1,"No Read Addr Cmds","No Read Addr Cmds","No Write Addr Cmds","No Write Addr Cmds","No Write Responses","No Write Responses","_","_","Active","Active","_","_","Last Stream","Last Stream","No Write Data Beats","No Write Data Beats"
675,675,0,0,1,1,0,0,0,8e5ffe20afb76fe31ba56e5faf65c9d2,0,3b9a3d13b8d6963fae1d8dc05a6037b2,0,1,0,1,fc696b1d,ffffffdb,0,1,0,0,2,00000000,"FIXED",3,00,"Data Secure Unprivileged","1 byte",0,0,00000000,"INCR",3,00,"Data Secure Unprivileged","4 bytes",0,2,c08d1dae,"OKAY",00000000,0,2,1,0,0,0,0,0,0,0,2,0,1,3,1,1,0,1,0037e400,"INCR",3,ff,0,"Data Secure Unprivileged",0,"4 bytes",0,00000000,"FIXED",0,00,0,"Data Secure Unprivileged",0,"1 byte",0,"OKAY",1,133d9a3b,"OKAY",00000000,0,2,0,1,0,0,0,0,2,0,1,0,2,1,1,1,0,0,b237605a,3,f,0,0,0,00000000,3,1,0,0,1,"No Read Addr Cmds","No Read Addr Cmds","No Write Addr Cmds","No Write Addr Cmds","No Write Responses","No Write Responses","Active","_","_","_","Data Beat","_","_","_","No Write Data Beats","No Write Data Beats"
676,676,0,0,1,1,0,0,0,8e5ffe20afb76fe31ba56e5faf65c9d2,0,3b9a3d13b8d6963fae1d8dc05a6037b2,0,1,0,1,fc696b1d,ffffffdb,0,1,0,0,2,00000000,"FIXED",3,00,"Data Secure Unprivileged","1 byte",0,0,00000000,"INCR",3,00,"Data Secure Unprivileged","4 bytes",0,2,c08d1dae,"OKAY",00000000,0,2,1,0,0,0,0,0,0,0,2,0,1,2,0,1,0,1,0037e400,"INCR",3,ff,0,"Data Secure Unprivileged",0,"4 bytes",0,00000000,"FIXED",0,00,0,"Data Secure Unprivileged",0,"1 byte",0,"OKAY",1,133d9a3b,"OKAY",00000000,0,2,0,1,0,0,0,0,2,0,1,0,2,1,1,1,0,0,b237605a,3,f,1,0,0,00000000,3,1,0,0,1,"No Read Addr Cmds","No Read Addr Cmds","No Write Addr Cmds","No Write Addr Cmds","No Write Responses","No Write Responses","_","_","_","_","_","_","_","_","No Write Data Beats","No Write Data Beats"
677,677,0,0,1,1,0,0,0,8e5ffe20afb76fe31ba56e5faf65c9d2,0,3b9a3d13b8d6963fae1d8dc05a6037b2,0,1,0,1,fc696b1d,ffffffdb,0,1,0,0,2,00000000,"FIXED",3,00,"Data Secure Unprivileged","1 byte",0,0,00000000,"INCR",3,00,"Data Secure Unprivileged","4 bytes",0,2,c08d1dae,"OKAY",00000000,0,2,1,0,0,0,0,0,0,0,2,0,1,2,0,1,0,1,0037e400,"INCR",3,ff,0,"Data Secure Unprivileged",0,"4 bytes",0,00000000,"FIXED",0,00,0,"Data Secure Unprivileged",0,"1 byte",0,"OKAY",1,133d9a3b,"OKAY",00000000,0,2,0,1,0,0,0,0,2,0,1,0,2,1,1,1,0,0,b237605a,3,f,1,0,0,00000000,3,1,0,0,1,"No Read Addr Cmds","No Read Addr Cmds","No Write Addr Cmds","No Write Addr Cmds","No Write Responses","No Write Responses","_","_","_","_","_","_","_","_","No Write Data Beats","No Write Data Beats"
678,678,0,0,1,1,0,0,0,8e5ffe20afb76fe31ba56e5faf65c9d2,0,3b9a3d13b8d6963fae1d8dc05a6037b2,0,1,0,1,fc696b1d,ffffffdb,0,1,0,0,2,00000000,"FIXED",3,00,"Data Secure Unprivileged","1 byte",0,0,00000000,"INCR",3,00,"Data Secure Unprivileged","4 bytes",0,2,c08d1dae,"OKAY",00000000,0,2,1,0,0,0,0,0,0,0,2,0,1,2,0,1,0,1,0037e400,"INCR",3,ff,0,"Data Secure Unprivileged",0,"4 bytes",0,00000000,"FIXED",0,00,0,"Data Secure Unprivileged",0,"1 byte",0,"OKAY",1,133d9a3b,"OKAY",00000000,0,2,0,1,0,0,0,0,2,0,1,0,2,1,1,1,0,0,b237605a,3,f,1,1,0,b237605a,3,f,1,1,0,"No Read Addr Cmds","No Read Addr Cmds","No Write Addr Cmds","No Write Addr Cmds","No Write Responses","No Write Responses","_","_","Active","Active","_","_","Stream Beat","Stream Beat","No Write Data Beats","No Write Data Beats"
679,679,0,0,1,1,0,0,0,8e5ffe20afb76fe31ba56e5faf65c9d2,0,3b9a3d13b8d6963fae1d8dc05a6037b2,0,1,0,0,fc696b1d,ffffffdb,0,1,0,0,2,00000000,"FIXED",3,00,"Data Secure Unprivileged","1 byte",0,0,00000000,"INCR",3,00,"Data Secure Unprivileged","4 bytes",0,2,c08d1dae,"SLVERR",00000000,0,2,1,0,0,0,0,0,0,0,2,0,1,2,0,1,0,1,0037e400,"INCR",3,ff,0,"Data Secure Unprivileged",0,"4 bytes",0,00000000,"FIXED",0,00,0,"Data Secure Unprivileged",0,"1 byte",0,"OKAY",1,133d9a3b,"OKAY",00000000,a,2,0,1,4,0,0,1,2,0,1,0,2,1,1,3,1,0,00000000,3,1,1,0,1,b237605a,3,f,0,0,0,"No Read Addr Cmds","No Read Addr Cmds","No Write Addr Cmds","No Write Addr Cmds","No Write Responses","No Write Responses","_","Active","_","_","_","Data Beat","_","_","No Write Data Beats","No Write Data Beats"
680,680,0,0,1,1,0,0,0,8e5ffe20afb76fe31ba56e5faf65c9d2,0,3b9a3d13b8d6963fae1d8dc05a6037b2,0,1,0,1,03b1b875,ffffffdb,0,1,0,0,2,00000000,"FIXED",3,00,"Data Secure Unprivileged","1 byte",0,0,00000000,"INCR",3,00,"Data Secure Unprivileged","4 bytes",0,2,b237605a,"SLVERR",00000000,0,2,1,0,0,0,0,0,0,0,2,0,1,2,0,1,0,1,0037e400,"INCR",3,ff,0,"Data Secure Unprivileged",0,"4 bytes",0,00000000,"FIXED",0,00,0,"Data Secure Unprivileged",0,"1 byte",0,"OKAY",1,3f96d6b8,"OKAY",00000000,a,2,0,1,4,0,0,1,2,0,1,0,2,1,1,1,0,0,00000000,3,1,1,0,1,b237605a,3,f,0,0,0,"No Read Addr Cmds","No Read Addr Cmds","No Write Addr Cmds","No Write Addr Cmds","No Write Responses","No Write Responses","_","_","_","_","_","_","_","_","No Write Data Beats","No Write Data Beats"
681,681,0,0,1,1,0,0,0,8e5ffe20afb76fe31ba56e5faf65c9d2,0,3b9a3d13b8d6963fae1d8dc05a6037b2,0,1,0,1,03b1b875,ffffffdb,0,1,0,0,2,00000000,"FIXED",3,00,"Data Secure Unprivileged","1 byte",0,0,00000000,"INCR",3,00,"Data Secure Unprivileged","4 bytes",0,2,b237605a,"SLVERR",00000000,0,2,1,0,0,0,0,0,0,0,2,0,1,2,0,1,0,1,0037e400,"INCR",3,ff,0,"Data Secure Unprivileged",0,"4 bytes",0,00000000,"FIXED",0,00,0,"Data Secure Unprivileged",0,"1 byte",0,"OKAY",1,3f96d6b8,"OKAY",00000000,a,2,0,1,4,0,0,1,2,0,1,0,2,1,1,1,0,0,00000000,3,1,1,0,1,b237605a,3,f,0,0,0,"No Read Addr Cmds","No Read Addr Cmds","No Write Addr Cmds","No Write Addr Cmds","No Write Responses","No Write Responses","_","_","_","_","_","_","_","_","No Write Data Beats","No Write Data Beats"
682,682,0,0,1,1,0,0,0,8e5ffe20afb76fe31ba56e5faf65c9d2,0,3b9a3d13b8d6963fae1d8dc05a6037b2,0,1,0,1,03b1b875,ffffffdb,0,1,0,0,2,00000000,"FIXED",3,00,"Data Secure Unprivileged","1 byte",0,0,00000000,"INCR",3,00,"Data Secure Unprivileged","4 bytes",0,2,b237605a,"SLVERR",00000000,0,2,1,0,0,0,0,0,0,0,2,0,1,2,0,1,0,1,0037e400,"INCR",3,ff,0,"Data Secure Unprivileged",0,"4 bytes",0,00000000,"FIXED",0,00,0,"Data Secure Unprivileged",0,"1 byte",0,"OKAY",1,3f96d6b8,"OKAY",00000000,a,2,0,1,4,0,0,1,2,0,1,0,2,1,1,1,0,0,00000000,3,1,1,1,1,00000000,3,1,1,1,1,"No Read Addr Cmds","No Read Addr Cmds","No Write Addr Cmds","No Write Addr Cmds","No Write Responses","No Write Responses","_","_","Active","Active","_","_","Last Stream","Last Stream","No Write Data Beats","No Write Data Beats"
683,683,0,0,1,1,0,0,0,8e5ffe20afb76fe31ba56e5faf65c9d2,0,3b9a3d13b8d6963fae1d8dc05a6037b2,0,1,0,1,03b1b875,ffffffdb,0,1,0,0,2,00000000,"FIXED",3,00,"Data Secure Unprivileged","1 byte",0,0,00000000,"INCR",3,00,"Data Secure Unprivileged","4 bytes",0,2,b237605a,"OKAY",00000000,0,2,1,0,0,0,0,0,0,0,2,0,1,3,1,1,0,1,0037e400,"INCR",3,ff,0,"Data Secure Unprivileged",0,"4 bytes",0,00000000,"FIXED",0,00,0,"Data Secure Unprivileged",0,"1 byte",0,"OKAY",1,3f96d6b8,"OKAY",00000000,0,2,0,1,0,0,0,0,2,0,1,0,2,1,1,1,0,0,133d9a3b,3,f,0,0,0,00000000,3,1,0,0,1,"No Read Addr Cmds","No Read Addr Cmds","No Write Addr Cmds","No Write Addr Cmds","No Write Responses","No Write Responses","Active","_","_","_","Data Beat","_","_","_","No Write Data Beats","No Write Data Beats"
684,684,0,0,1,1,0,0,0,8e5ffe20afb76fe31ba56e5faf65c9d2,0,3b9a3d13b8d6963fae1d8dc05a6037b2,0,1,0,1,03b1b875,ffffffdb,0,1,0,0,2,00000000,"FIXED",3,00,"Data Secure Unprivileged","1 byte",0,0,00000000,"INCR",3,00,"Data Secure Unprivileged","4 bytes",0,2,b237605a,"OKAY",00000000,0,2,1,0,0,0,0,0,0,0,2,0,1,2,0,1,0,1,0037e400,"INCR",3,ff,0,"Data Secure Unprivileged",0,"4 bytes",0,00000000,"FIXED",0,00,0,"Data Secure Unprivileged",0,"1 byte",0,"OKAY",1,3f96d6b8,"OKAY",00000000,0,2,0,1,0,0,0,0,2,0,1,0,2,1,1,1,0,0,133d9a3b,3,f,1,0,0,00000000,3,1,0,0,1,"No Read Addr Cmds","No Read Addr Cmds","No Write Addr Cmds","No Write Addr Cmds","No Write Responses","No Write Responses","_","_","_","_","_","_","_","_","No Write Data Beats","No Write Data Beats"
685,685,0,0,1,1,0,0,0,8e5ffe20afb76fe31ba56e5faf65c9d2,0,3b9a3d13b8d6963fae1d8dc05a6037b2,0,1,0,1,03b1b875,ffffffdb,0,1,0,0,2,00000000,"FIXED",3,00,"Data Secure Unprivileged","1 byte",0,0,00000000,"INCR",3,00,"Data Secure Unprivileged","4 bytes",0,2,b237605a,"OKAY",00000000,0,2,1,0,0,0,0,0,0,0,2,0,1,2,0,1,0,1,0037e400,"INCR",3,ff,0,"Data Secure Unprivileged",0,"4 bytes",0,00000000,"FIXED",0,00,0,"Data Secure Unprivileged",0,"1 byte",0,"OKAY",1,3f96d6b8,"OKAY",00000000,0,2,0,1,0,0,0,0,2,0,1,0,2,1,1,1,0,0,133d9a3b,3,f,1,0,0,00000000,3,1,0,0,1,"No Read Addr Cmds","No Read Addr Cmds","No Write Addr Cmds","No Write Addr Cmds","No Write Responses","No Write Responses","_","_","_","_","_","_","_","_","No Write Data Beats","No Write Data Beats"
686,686,0,0,1,1,0,0,0,8e5ffe20afb76fe31ba56e5faf65c9d2,0,3b9a3d13b8d6963fae1d8dc05a6037b2,0,1,0,1,03b1b875,ffffffdb,0,1,0,0,2,00000000,"FIXED",3,00,"Data Secure Unprivileged","1 byte",0,0,00000000,"INCR",3,00,"Data Secure Unprivileged","4 bytes",0,2,b237605a,"OKAY",00000000,0,2,1,0,0,0,0,0,0,0,2,0,1,2,0,1,0,1,0037e400,"INCR",3,ff,0,"Data Secure Unprivileged",0,"4 bytes",0,00000000,"FIXED",0,00,0,"Data Secure Unprivileged",0,"1 byte",0,"OKAY",1,3f96d6b8,"OKAY",00000000,0,2,0,1,0,0,0,0,2,0,1,0,2,1,1,1,0,0,133d9a3b,3,f,1,1,0,133d9a3b,3,f,1,1,0,"No Read Addr Cmds","No Read Addr Cmds","No Write Addr Cmds","No Write Addr Cmds","No Write Responses","No Write Responses","_","_","Active","Active","_","_","Stream Beat","Stream Beat","No Write Data Beats","No Write Data Beats"
687,687,0,0,1,1,0,0,0,8e5ffe20afb76fe31ba56e5faf65c9d2,0,3b9a3d13b8d6963fae1d8dc05a6037b2,0,1,0,0,03b1b875,ffffffdb,0,1,0,0,2,00000000,"FIXED",3,00,"Data Secure Unprivileged","1 byte",0,0,00000000,"INCR",3,00,"Data Secure Unprivileged","4 bytes",0,2,b237605a,"DECERR",00000000,0,2,1,0,0,0,0,0,0,0,2,0,1,2,0,1,0,1,0037e400,"INCR",3,ff,0,"Data Secure Unprivileged",0,"4 bytes",0,00000000,"FIXED",0,00,0,"Data Secure Unprivileged",0,"1 byte",0,"OKAY",1,3f96d6b8,"OKAY",00000000,b,2,0,1,4,0,0,1,2,0,1,0,2,1,1,3,1,0,00000000,3,1,1,0,1,133d9a3b,3,f,0,0,0,"No Read Addr Cmds","No Read Addr Cmds","No Write Addr Cmds","No Write Addr Cmds","No Write Responses","No Write Responses","_","Active","_","_","_","Data Beat","_","_","No Write Data Beats","No Write Data Beats"
688,688,0,0,1,1,0,0,0,8e5ffe20afb76fe31ba56e5faf65c9d2,0,3b9a3d13b8d6963fae1d8dc05a6037b2,0,1,0,1,4dec065a,ffffffdb,0,1,0,0,2,00000000,"FIXED",3,00,"Data Secure Unprivileged","1 byte",0,0,00000000,"INCR",3,00,"Data Secure Unprivileged","4 bytes",0,2,133d9a3b,"DECERR",00000000,0,2,1,0,0,0,0,0,0,0,2,0,1,2,0,1,0,1,0037e400,"INCR",3,ff,0,"Data Secure Unprivileged",0,"4 bytes",0,00000000,"FIXED",0,00,0,"Data Secure Unprivileged",0,"1 byte",0,"OKAY",1,c08d1dae,"OKAY",00000000,b,2,0,1,4,0,0,1,2,0,1,0,2,1,1,1,0,0,00000000,3,1,1,0,1,133d9a3b,3,f,0,0,0,"No Read Addr Cmds","No Read Addr Cmds","No Write Addr Cmds","No Write Addr Cmds","No Write Responses","No Write Responses","_","_","_","_","_","_","_","_","No Write Data Beats","No Write Data Beats"
689,689,0,0,1,1,0,0,0,8e5ffe20afb76fe31ba56e5faf65c9d2,0,3b9a3d13b8d6963fae1d8dc05a6037b2,0,1,0,1,4dec065a,ffffffdb,0,1,0,0,2,00000000,"FIXED",3,00,"Data Secure Unprivileged","1 byte",0,0,00000000,"INCR",3,00,"Data Secure Unprivileged","4 bytes",0,2,133d9a3b,"DECERR",00000000,0,2,1,0,0,0,0,0,0,0,2,0,1,2,0,1,0,1,0037e400,"INCR",3,ff,0,"Data Secure Unprivileged",0,"4 bytes",0,00000000,"FIXED",0,00,0,"Data Secure Unprivileged",0,"1 byte",0,"OKAY",1,c08d1dae,"OKAY",00000000,b,2,0,1,4,0,0,1,2,0,1,0,2,1,1,1,0,0,00000000,3,1,1,0,1,133d9a3b,3,f,0,0,0,"No Read Addr Cmds","No Read Addr Cmds","No Write Addr Cmds","No Write Addr Cmds","No Write Responses","No Write Responses","_","_","_","_","_","_","_","_","No Write Data Beats","No Write Data Beats"
690,690,0,0,1,1,0,0,0,8e5ffe20afb76fe31ba56e5faf65c9d2,0,3b9a3d13b8d6963fae1d8dc05a6037b2,0,1,0,1,4dec065a,ffffffdb,0,1,0,0,2,00000000,"FIXED",3,00,"Data Secure Unprivileged","1 byte",0,0,00000000,"INCR",3,00,"Data Secure Unprivileged","4 bytes",0,2,133d9a3b,"DECERR",00000000,0,2,1,0,0,0,0,0,0,0,2,0,1,2,0,1,0,1,0037e400,"INCR",3,ff,0,"Data Secure Unprivileged",0,"4 bytes",0,00000000,"FIXED",0,00,0,"Data Secure Unprivileged",0,"1 byte",0,"OKAY",1,c08d1dae,"OKAY",00000000,b,2,0,1,4,0,0,1,2,0,1,0,2,1,1,1,0,0,00000000,3,1,1,1,1,00000000,3,1,1,1,1,"No Read Addr Cmds","No Read Addr Cmds","No Write Addr Cmds","No Write Addr Cmds","No Write Responses","No Write Responses","_","_","Active","Active","_","_","Last Stream","Last Stream","No Write Data Beats","No Write Data Beats"
691,691,0,0,1,1,0,0,0,8e5ffe20afb76fe31ba56e5faf65c9d2,0,3b9a3d13b8d6963fae1d8dc05a6037b2,0,1,0,1,4dec065a,ffffffdb,0,1,0,0,2,00000000,"FIXED",3,00,"Data Secure Unprivileged","1 byte",0,0,00000000,"INCR",3,00,"Data Secure Unprivileged","4 bytes",0,2,133d9a3b,"OKAY",00000000,0,2,1,0,0,0,0,0,0,0,2,0,1,3,1,1,0,1,0037e400,"INCR",3,ff,0,"Data Secure Unprivileged",0,"4 bytes",0,00000000,"FIXED",0,00,0,"Data Secure Unprivileged",0,"1 byte",0,"OKAY",1,c08d1dae,"OKAY",00000000,0,2,0,1,0,0,0,0,2,0,1,0,2,1,1,1,0,0,3f96d6b8,3,f,0,0,0,00000000,3,1,0,0,1,"No Read Addr Cmds","No Read Addr Cmds","No Write Addr Cmds","No Write Addr Cmds","No Write Responses","No Write Responses","Active","_","_","_","Data Beat","_","_","_","No Write Data Beats","No Write Data Beats"
692,692,0,0,1,1,0,0,0,8e5ffe20afb76fe31ba56e5faf65c9d2,0,3b9a3d13b8d6963fae1d8dc05a6037b2,0,1,0,1,4dec065a,ffffffdb,0,1,0,0,2,00000000,"FIXED",3,00,"Data Secure Unprivileged","1 byte",0,0,00000000,"INCR",3,00,"Data Secure Unprivileged","4 bytes",0,2,133d9a3b,"OKAY",00000000,0,2,1,0,0,0,0,0,0,0,2,0,1,2,0,1,0,1,0037e400,"INCR",3,ff,0,"Data Secure Unprivileged",0,"4 bytes",0,00000000,"FIXED",0,00,0,"Data Secure Unprivileged",0,"1 byte",0,"OKAY",1,c08d1dae,"OKAY",00000000,0,2,0,1,0,0,0,0,2,0,1,0,2,1,1,1,0,0,3f96d6b8,3,f,1,0,0,00000000,3,1,0,0,1,"No Read Addr Cmds","No Read Addr Cmds","No Write Addr Cmds","No Write Addr Cmds","No Write Responses","No Write Responses","_","_","_","_","_","_","_","_","No Write Data Beats","No Write Data Beats"
693,693,0,0,1,1,0,0,0,8e5ffe20afb76fe31ba56e5faf65c9d2,0,3b9a3d13b8d6963fae1d8dc05a6037b2,0,1,0,1,4dec065a,ffffffdb,0,1,0,0,2,00000000,"FIXED",3,00,"Data Secure Unprivileged","1 byte",0,0,00000000,"INCR",3,00,"Data Secure Unprivileged","4 bytes",0,2,133d9a3b,"OKAY",00000000,0,2,1,0,0,0,0,0,0,0,2,0,1,2,0,1,0,1,0037e400,"INCR",3,ff,0,"Data Secure Unprivileged",0,"4 bytes",0,00000000,"FIXED",0,00,0,"Data Secure Unprivileged",0,"1 byte",0,"OKAY",1,c08d1dae,"OKAY",00000000,0,2,0,1,0,0,0,0,2,0,1,0,2,1,1,1,0,0,3f96d6b8,3,f,1,0,0,00000000,3,1,0,0,1,"No Read Addr Cmds","No Read Addr Cmds","No Write Addr Cmds","No Write Addr Cmds","No Write Responses","No Write Responses","_","_","_","_","_","_","_","_","No Write Data Beats","No Write Data Beats"
694,694,0,0,1,1,0,0,0,8e5ffe20afb76fe31ba56e5faf65c9d2,0,3b9a3d13b8d6963fae1d8dc05a6037b2,0,1,0,1,4dec065a,ffffffdb,0,1,0,0,2,00000000,"FIXED",3,00,"Data Secure Unprivileged","1 byte",0,0,00000000,"INCR",3,00,"Data Secure Unprivileged","4 bytes",0,2,133d9a3b,"OKAY",00000000,0,2,1,0,0,0,0,0,0,0,2,0,1,2,0,1,0,1,0037e400,"INCR",3,ff,0,"Data Secure Unprivileged",0,"4 bytes",0,00000000,"FIXED",0,00,0,"Data Secure Unprivileged",0,"1 byte",0,"OKAY",1,c08d1dae,"OKAY",00000000,0,2,0,1,0,0,0,0,2,0,1,0,2,1,1,1,0,0,3f96d6b8,3,f,1,1,0,3f96d6b8,3,f,1,1,0,"No Read Addr Cmds","No Read Addr Cmds","No Write Addr Cmds","No Write Addr Cmds","No Write Responses","No Write Responses","_","_","Active","Active","_","_","Stream Beat","Stream Beat","No Write Data Beats","No Write Data Beats"
695,695,0,0,1,1,0,0,0,8e5ffe20afb76fe31ba56e5faf65c9d2,0,3b9a3d13b8d6963fae1d8dc05a6037b2,0,1,0,0,4dec065a,ffffffdb,0,1,0,0,2,00000000,"FIXED",3,00,"Data Secure Unprivileged","1 byte",0,0,00000000,"INCR",3,00,"Data Secure Unprivileged","4 bytes",0,2,133d9a3b,"OKAY",00000000,0,2,1,0,0,0,0,0,0,0,2,0,1,2,0,1,0,1,0037e400,"INCR",3,ff,0,"Data Secure Unprivileged",0,"4 bytes",0,00000000,"FIXED",0,00,0,"Data Secure Unprivileged",0,"1 byte",0,"OKAY",1,c08d1dae,"OKAY",00000000,8,2,0,1,4,0,0,1,2,0,1,0,2,1,1,3,1,0,00000000,3,1,1,0,1,3f96d6b8,3,f,0,0,0,"No Read Addr Cmds","No Read Addr Cmds","No Write Addr Cmds","No Write Addr Cmds","No Write Responses","No Write Responses","_","Active","_","_","_","Data Beat","_","_","No Write Data Beats","No Write Data Beats"
696,696,0,0,1,1,0,0,0,8e5ffe20afb76fe31ba56e5faf65c9d2,0,3b9a3d13b8d6963fae1d8dc05a6037b2,0,1,0,1,c8bc59dc,ffffffdb,0,1,0,0,2,00000000,"FIXED",3,00,"Data Secure Unprivileged","1 byte",0,0,00000000,"INCR",3,00,"Data Secure Unprivileged","4 bytes",0,2,3f96d6b8,"OKAY",00000000,0,2,1,0,0,0,0,0,0,0,2,0,1,2,0,1,0,1,0037e400,"INCR",3,ff,0,"Data Secure Unprivileged",0,"4 bytes",0,00000000,"FIXED",0,00,0,"Data Secure Unprivileged",0,"1 byte",0,"OKAY",1,b237605a,"OKAY",00000000,8,2,0,1,4,0,0,1,2,0,1,0,2,1,1,1,0,0,00000000,3,1,1,0,1,3f96d6b8,3,f,0,0,0,"No Read Addr Cmds","No Read Addr Cmds","No Write Addr Cmds","No Write Addr Cmds","No Write Responses","No Write Responses","_","_","_","_","_","_","_","_","No Write Data Beats","No Write Data Beats"
697,697,0,0,1,1,0,0,0,8e5ffe20afb76fe31ba56e5faf65c9d2,0,3b9a3d13b8d6963fae1d8dc05a6037b2,0,1,0,1,c8bc59dc,ffffffdb,0,1,0,0,2,00000000,"FIXED",3,00,"Data Secure Unprivileged","1 byte",0,0,00000000,"INCR",3,00,"Data Secure Unprivileged","4 bytes",0,2,3f96d6b8,"OKAY",00000000,0,2,1,0,0,0,0,0,0,0,2,0,1,2,0,1,0,1,0037e400,"INCR",3,ff,0,"Data Secure Unprivileged",0,"4 bytes",0,00000000,"FIXED",0,00,0,"Data Secure Unprivileged",0,"1 byte",0,"OKAY",1,b237605a,"OKAY",00000000,8,2,0,1,4,0,0,1,2,0,1,0,2,1,1,1,0,0,00000000,3,1,1,0,1,3f96d6b8,3,f,0,0,0,"No Read Addr Cmds","No Read Addr Cmds","No Write Addr Cmds","No Write Addr Cmds","No Write Responses","No Write Responses","_","_","_","_","_","_","_","_","No Write Data Beats","No Write Data Beats"
698,698,0,0,1,1,0,0,0,8e5ffe20afb76fe31ba56e5faf65c9d2,0,3b9a3d13b8d6963fae1d8dc05a6037b2,0,1,0,1,c8bc59dc,ffffffdb,0,1,0,0,2,00000000,"FIXED",3,00,"Data Secure Unprivileged","1 byte",0,0,00000000,"INCR",3,00,"Data Secure Unprivileged","4 bytes",0,2,3f96d6b8,"OKAY",00000000,0,2,1,0,0,0,0,0,0,0,2,0,1,2,0,1,0,1,0037e400,"INCR",3,ff,0,"Data Secure Unprivileged",0,"4 bytes",0,00000000,"FIXED",0,00,0,"Data Secure Unprivileged",0,"1 byte",0,"OKAY",1,b237605a,"OKAY",00000000,8,2,0,1,4,0,0,1,2,0,1,0,2,1,1,1,0,0,00000000,3,1,1,1,1,00000004,3,1,1,1,1,"No Read Addr Cmds","No Read Addr Cmds","No Write Addr Cmds","No Write Addr Cmds","No Write Responses","No Write Responses","_","_","Active","Active","_","_","Last Stream","Last Stream","No Write Data Beats","No Write Data Beats"
699,699,0,0,1,1,0,0,0,8e5ffe20afb76fe31ba56e5faf65c9d2,0,3b9a3d13b8d6963fae1d8dc05a6037b2,0,1,0,1,c8bc59dc,ffffffdb,0,1,0,0,2,00000000,"FIXED",3,00,"Data Secure Unprivileged","1 byte",0,0,00000000,"INCR",3,00,"Data Secure Unprivileged","4 bytes",0,2,3f96d6b8,"OKAY",00000000,0,2,1,0,0,0,0,0,0,0,2,0,1,7,1,1,1,1,0037e400,"INCR",3,ff,0,"Data Secure Unprivileged",0,"4 bytes",0,00000000,"FIXED",0,00,0,"Data Secure Unprivileged",0,"1 byte",0,"OKAY",1,b237605a,"OKAY",00000000,4,2,0,1,0,0,0,0,2,0,1,0,2,1,1,1,0,0,c08d1dae,3,f,0,0,0,00000004,3,1,0,0,1,"No Read Addr Cmds","No Read Addr Cmds","No Write Addr Cmds","No Write Addr Cmds","No Write Responses","No Write Responses","Active","_","_","_","Last Data","_","_","_","No Write Data Beats","No Write Data Beats"
700,700,0,0,1,1,0,0,0,8e5ffe20afb76fe31ba56e5faf65c9d2,0,3b9a3d13b8d6963fae1d8dc05a6037b2,0,1,0,1,c8bc59dc,ffffffdb,0,1,0,0,1,00000000,"FIXED",3,00,"Data Secure Unprivileged","1 byte",0,0,00000000,"INCR",3,00,"Data Secure Unprivileged","4 bytes",0,1,3f96d6b8,"OKAY",00000000,0,2,1,0,0,0,0,0,0,0,2,0,1,6,0,1,1,1,0037e400,"INCR",3,ff,0,"Data Secure Unprivileged",0,"4 bytes",0,00000000,"FIXED",0,00,0,"Data Secure Unprivileged",0,"1 byte",0,"OKAY",1,b237605a,"OKAY",00000000,4,2,0,1,0,0,0,0,2,0,1,0,2,1,1,1,0,0,c08d1dae,3,f,1,0,0,00000004,3,1,0,0,1,"No Read Addr Cmds","No Read Addr Cmds","No Write Addr Cmds","No Write Addr Cmds","No Write Responses","No Write Responses","_","_","_","_","_","_","_","_","No Write Data Beats","No Write Data Beats"
701,701,0,0,1,1,0,0,0,8e5ffe20afb76fe31ba56e5faf65c9d2,0,3b9a3d13b8d6963fae1d8dc05a6037b2,0,1,0,1,c8bc59dc,ffffffdb,0,1,0,0,1,00000000,"FIXED",3,00,"Data Secure Unprivileged","1 byte",0,0,00000000,"INCR",3,00,"Data Secure Unprivileged","4 bytes",0,1,3f96d6b8,"OKAY",00000000,0,2,1,0,0,0,0,0,0,0,2,0,1,6,0,1,1,1,0037e400,"INCR",3,ff,0,"Data Secure Unprivileged",0,"4 bytes",0,00000000,"FIXED",0,00,0,"Data Secure Unprivileged",0,"1 byte",0,"OKAY",1,b237605a,"OKAY",00000000,4,2,0,1,0,0,0,0,2,0,1,0,2,1,1,1,0,0,c08d1dae,3,f,1,0,0,00000004,3,1,0,0,1,"No Read Addr Cmds","No Read Addr Cmds","No Write Addr Cmds","No Write Addr Cmds","No Write Responses","No Write Responses","_","_","_","_","_","_","_","_","No Write Data Beats","No Write Data Beats"
702,702,0,0,1,1,0,0,0,8e5ffe20afb76fe31ba56e5faf65c9d2,0,3b9a3d13b8d6963fae1d8dc05a6037b2,0,1,0,1,c8bc59dc,ffffffdb,0,1,0,0,1,00000000,"FIXED",3,00,"Data Secure Unprivileged","1 byte",0,0,00000000,"INCR",3,00,"Data Secure Unprivileged","4 bytes",0,1,3f96d6b8,"OKAY",00000000,0,2,1,0,0,0,0,0,0,0,2,0,1,6,0,1,1,1,0037e400,"INCR",3,ff,0,"Data Secure Unprivileged",0,"4 bytes",0,00000000,"FIXED",0,00,0,"Data Secure Unprivileged",0,"1 byte",0,"OKAY",1,b237605a,"OKAY",00000000,4,2,0,1,0,0,0,0,2,0,1,0,2,1,1,1,0,0,c08d1dae,3,f,1,1,0,c08d1dae,3,f,1,1,0,"No Read Addr Cmds","No Read Addr Cmds","No Write Addr Cmds","No Write Addr Cmds","No Write Responses","No Write Responses","_","_","Active","Active","_","_","Stream Beat","Stream Beat","No Write Data Beats","No Write Data Beats"
703,703,0,0,1,1,0,0,0,8e5ffe20afb76fe31ba56e5faf65c9d2,0,3b9a3d13b8d6963fae1d8dc05a6037b2,0,1,0,0,c8bc59dc,ffffffdb,0,1,0,0,1,00000000,"FIXED",3,00,"Data Secure Unprivileged","1 byte",0,0,00000000,"INCR",3,00,"Data Secure Unprivileged","4 bytes",0,1,3f96d6b8,"SLVERR",00000000,0,2,1,0,0,0,0,0,0,0,2,0,1,6,0,1,1,1,0037e400,"INCR",3,ff,0,"Data Secure Unprivileged",0,"4 bytes",0,00000000,"FIXED",0,00,0,"Data Secure Unprivileged",0,"1 byte",0,"OKAY",1,b237605a,"OKAY",00000000,e,2,0,1,0,0,0,0,2,0,1,0,2,1,1,3,1,0,00000000,3,1,1,0,1,c08d1dae,3,f,0,0,0,"No Read Addr Cmds","No Read Addr Cmds","No Write Addr Cmds","No Write Addr Cmds","No Write Responses","No Write Responses","_","Active","_","_","_","Data Beat","_","_","No Write Data Beats","No Write Data Beats"
704,704,0,0,1,1,0,0,0,8e5ffe20afb76fe31ba56e5faf65c9d2,0,3b9a3d13b8d6963fae1d8dc05a6037b2,0,1,0,1,fc696b1d,ffffffdb,0,1,0,0,1,00000000,"FIXED",3,00,"Data Secure Unprivileged","1 byte",0,0,00000000,"INCR",3,00,"Data Secure Unprivileged","4 bytes",0,1,c08d1dae,"SLVERR",00000000,0,2,1,0,0,0,0,0,0,0,2,0,1,6,0,1,1,1,0037e400,"INCR",3,ff,0,"Data Secure Unprivileged",0,"4 bytes",0,00000000,"FIXED",0,00,0,"Data Secure Unprivileged",0,"1 byte",0,"OKAY",1,133d9a3b,"OKAY",00000000,e,2,0,1,0,0,0,0,2,0,1,0,2,1,1,1,0,0,00000000,3,1,1,0,1,c08d1dae,3,f,0,0,0,"No Read Addr Cmds","No Read Addr Cmds","No Write Addr Cmds","No Write Addr Cmds","No Write Responses","No Write Responses","_","_","_","_","_","_","_","_","No Write Data Beats","No Write Data Beats"
705,705,0,0,1,1,0,0,0,8e5ffe20afb76fe31ba56e5faf65c9d2,0,3b9a3d13b8d6963fae1d8dc05a6037b2,0,1,0,1,fc696b1d,ffffffdb,0,1,0,0,1,00000000,"FIXED",3,00,"Data Secure Unprivileged","1 byte",0,0,00000000,"INCR",3,00,"Data Secure Unprivileged","4 bytes",0,1,c08d1dae,"SLVERR",00000000,0,2,1,0,0,0,0,0,0,0,2,0,1,6,0,1,1,1,0037e400,"INCR",3,ff,0,"Data Secure Unprivileged",0,"4 bytes",0,00000000,"FIXED",0,00,0,"Data Secure Unprivileged",0,"1 byte",0,"OKAY",1,133d9a3b,"OKAY",00000000,e,2,0,1,0,0,0,0,2,0,1,0,2,1,1,1,0,0,00000000,3,1,1,0,1,c08d1dae,3,f,0,0,0,"No Read Addr Cmds","No Read Addr Cmds","No Write Addr Cmds","No Write Addr Cmds","No Write Responses","No Write Responses","_","_","_","_","_","_","_","_","No Write Data Beats","No Write Data Beats"
706,706,0,0,1,1,0,0,0,8e5ffe20afb76fe31ba56e5faf65c9d2,0,3b9a3d13b8d6963fae1d8dc05a6037b2,0,1,0,1,fc696b1d,ffffffdb,0,1,0,0,1,00000000,"FIXED",3,00,"Data Secure Unprivileged","1 byte",0,0,00000000,"INCR",3,00,"Data Secure Unprivileged","4 bytes",0,1,c08d1dae,"SLVERR",00000000,0,2,1,0,0,0,0,0,0,0,2,0,1,6,0,1,1,1,0037e400,"INCR",3,ff,0,"Data Secure Unprivileged",0,"4 bytes",0,00000000,"FIXED",0,00,0,"Data Secure Unprivileged",0,"1 byte",0,"OKAY",1,133d9a3b,"OKAY",00000000,e,2,0,1,0,0,0,0,2,0,1,0,2,1,1,1,0,0,00000000,3,1,1,1,1,00000000,3,1,1,1,1,"No Read Addr Cmds","No Read Addr Cmds","No Write Addr Cmds","No Write Addr Cmds","No Write Responses","No Write Responses","_","_","Active","Active","_","_","Last Stream","Last Stream","No Write Data Beats","No Write Data Beats"
707,707,0,0,1,1,0,0,0,8e5ffe20afb76fe31ba56e5faf65c9d2,0,3b9a3d13b8d6963fae1d8dc05a6037b2,0,1,0,1,fc696b1d,ffffffdb,0,1,0,0,1,00000000,"FIXED",3,00,"Data Secure Unprivileged","1 byte",0,0,00000000,"INCR",3,00,"Data Secure Unprivileged","4 bytes",0,1,c08d1dae,"OKAY",00000000,0,2,1,0,0,0,0,0,0,0,2,0,1,3,1,1,0,1,0037e400,"INCR",3,ff,0,"Data Secure Unprivileged",0,"4 bytes",0,00000000,"FIXED",0,00,0,"Data Secure Unprivileged",0,"1 byte",0,"OKAY",1,133d9a3b,"OKAY",00000000,0,2,0,1,0,0,0,0,2,0,1,0,2,1,1,1,0,0,b237605a,3,f,0,0,0,00000000,3,1,0,0,1,"No Read Addr Cmds","No Read Addr Cmds","No Write Addr Cmds","No Write Addr Cmds","No Write Responses","No Write Responses","Active","_","_","_","Data Beat","_","_","_","No Write Data Beats","No Write Data Beats"
708,708,0,0,1,1,0,0,0,8e5ffe20afb76fe31ba56e5faf65c9d2,0,3b9a3d13b8d6963fae1d8dc05a6037b2,0,1,0,1,fc696b1d,ffffffdb,0,1,0,0,1,00000000,"FIXED",3,00,"Data Secure Unprivileged","1 byte",0,0,00000000,"INCR",3,00,"Data Secure Unprivileged","4 bytes",0,1,c08d1dae,"OKAY",00000000,0,2,1,0,0,0,0,0,0,0,2,0,1,2,0,1,0,1,0037e400,"INCR",3,ff,0,"Data Secure Unprivileged",0,"4 bytes",0,00000000,"FIXED",0,00,0,"Data Secure Unprivileged",0,"1 byte",0,"OKAY",1,133d9a3b,"OKAY",00000000,0,2,0,1,0,0,0,0,2,0,1,0,2,1,1,1,0,0,b237605a,3,f,1,0,0,00000000,3,1,0,0,1,"No Read Addr Cmds","No Read Addr Cmds","No Write Addr Cmds","No Write Addr Cmds","No Write Responses","No Write Responses","_","_","_","_","_","_","_","_","No Write Data Beats","No Write Data Beats"
709,709,0,0,1,1,0,0,0,8e5ffe20afb76fe31ba56e5faf65c9d2,0,3b9a3d13b8d6963fae1d8dc05a6037b2,0,1,0,1,fc696b1d,ffffffdb,0,1,0,0,1,00000000,"FIXED",3,00,"Data Secure Unprivileged","1 byte",0,0,00000000,"INCR",3,00,"Data Secure Unprivileged","4 bytes",0,1,c08d1dae,"OKAY",00000000,0,2,1,0,0,0,0,0,0,0,2,0,1,2,0,1,0,1,0037e400,"INCR",3,ff,0,"Data Secure Unprivileged",0,"4 bytes",0,00000000,"FIXED",0,00,0,"Data Secure Unprivileged",0,"1 byte",0,"OKAY",1,133d9a3b,"OKAY",00000000,0,2,0,1,0,0,0,0,2,0,1,0,2,1,1,1,0,0,b237605a,3,f,1,0,0,00000000,3,1,0,0,1,"No Read Addr Cmds","No Read Addr Cmds","No Write Addr Cmds","No Write Addr Cmds","No Write Responses","No Write Responses","_","_","_","_","_","_","_","_","No Write Data Beats","No Write Data Beats"
710,710,0,0,1,1,0,0,0,8e5ffe20afb76fe31ba56e5faf65c9d2,0,3b9a3d13b8d6963fae1d8dc05a6037b2,0,1,0,1,fc696b1d,ffffffdb,0,1,0,0,1,00000000,"FIXED",3,00,"Data Secure Unprivileged","1 byte",0,0,00000000,"INCR",3,00,"Data Secure Unprivileged","4 bytes",0,1,c08d1dae,"OKAY",00000000,0,2,1,0,0,0,0,0,0,0,2,0,1,2,0,1,0,1,0037e400,"INCR",3,ff,0,"Data Secure Unprivileged",0,"4 bytes",0,00000000,"FIXED",0,00,0,"Data Secure Unprivileged",0,"1 byte",0,"OKAY",1,133d9a3b,"OKAY",00000000,0,2,0,1,0,0,0,0,2,0,1,0,2,1,1,1,0,0,b237605a,3,f,1,1,0,b237605a,3,f,1,1,0,"No Read Addr Cmds","No Read Addr Cmds","No Write Addr Cmds","No Write Addr Cmds","No Write Responses","No Write Responses","_","_","Active","Active","_","_","Stream Beat","Stream Beat","No Write Data Beats","No Write Data Beats"
711,711,0,0,1,1,0,0,0,8e5ffe20afb76fe31ba56e5faf65c9d2,0,3b9a3d13b8d6963fae1d8dc05a6037b2,0,1,0,0,fc696b1d,ffffffdb,0,1,0,0,1,00000000,"FIXED",3,00,"Data Secure Unprivileged","1 byte",0,0,00000000,"INCR",3,00,"Data Secure Unprivileged","4 bytes",0,1,c08d1dae,"SLVERR",00000000,0,2,1,0,0,0,0,0,0,0,2,0,1,2,0,1,0,1,0037e400,"INCR",3,ff,0,"Data Secure Unprivileged",0,"4 bytes",0,00000000,"FIXED",0,00,0,"Data Secure Unprivileged",0,"1 byte",0,"OKAY",1,133d9a3b,"OKAY",00000000,a,2,0,1,4,0,0,1,2,0,1,0,2,1,1,3,1,0,00000000,3,1,1,0,1,b237605a,3,f,0,0,0,"No Read Addr Cmds","No Read Addr Cmds","No Write Addr Cmds","No Write Addr Cmds","No Write Responses","No Write Responses","_","Active","_","_","_","Data Beat","_","_","No Write Data Beats","No Write Data Beats"
712,712,0,0,1,1,0,0,0,8e5ffe20afb76fe31ba56e5faf65c9d2,0,3b9a3d13b8d6963fae1d8dc05a6037b2,0,1,0,1,03b1b875,ffffffdb,0,1,0,0,1,00000000,"FIXED",3,00,"Data Secure Unprivileged","1 byte",0,0,00000000,"INCR",3,00,"Data Secure Unprivileged","4 bytes",0,1,b237605a,"SLVERR",00000000,0,2,1,0,0,0,0,0,0,0,2,0,1,2,0,1,0,1,0037e400,"INCR",3,ff,0,"Data Secure Unprivileged",0,"4 bytes",0,00000000,"FIXED",0,00,0,"Data Secure Unprivileged",0,"1 byte",0,"OKAY",1,3f96d6b8,"OKAY",00000000,a,2,0,1,4,0,0,1,2,0,1,0,2,1,1,1,0,0,00000000,3,1,1,0,1,b237605a,3,f,0,0,0,"No Read Addr Cmds","No Read Addr Cmds","No Write Addr Cmds","No Write Addr Cmds","No Write Responses","No Write Responses","_","_","_","_","_","_","_","_","No Write Data Beats","No Write Data Beats"
713,713,0,0,1,1,0,0,0,8e5ffe20afb76fe31ba56e5faf65c9d2,0,3b9a3d13b8d6963fae1d8dc05a6037b2,0,1,0,1,03b1b875,ffffffdb,0,1,0,0,1,00000000,"FIXED",3,00,"Data Secure Unprivileged","1 byte",0,0,00000000,"INCR",3,00,"Data Secure Unprivileged","4 bytes",0,1,b237605a,"SLVERR",00000000,0,2,1,0,0,0,0,0,0,0,2,0,1,2,0,1,0,1,0037e400,"INCR",3,ff,0,"Data Secure Unprivileged",0,"4 bytes",0,00000000,"FIXED",0,00,0,"Data Secure Unprivileged",0,"1 byte",0,"OKAY",1,3f96d6b8,"OKAY",00000000,a,2,0,1,4,0,0,1,2,0,1,0,2,1,1,1,0,0,00000000,3,1,1,0,1,b237605a,3,f,0,0,0,"No Read Addr Cmds","No Read Addr Cmds","No Write Addr Cmds","No Write Addr Cmds","No Write Responses","No Write Responses","_","_","_","_","_","_","_","_","No Write Data Beats","No Write Data Beats"
714,714,0,0,1,1,0,0,0,8e5ffe20afb76fe31ba56e5faf65c9d2,0,3b9a3d13b8d6963fae1d8dc05a6037b2,0,1,0,1,03b1b875,ffffffdb,0,1,0,0,1,00000000,"FIXED",3,00,"Data Secure Unprivileged","1 byte",0,0,00000000,"INCR",3,00,"Data Secure Unprivileged","4 bytes",0,1,b237605a,"SLVERR",00000000,0,2,1,0,0,0,0,0,0,0,2,0,1,2,0,1,0,1,0037e400,"INCR",3,ff,0,"Data Secure Unprivileged",0,"4 bytes",0,00000000,"FIXED",0,00,0,"Data Secure Unprivileged",0,"1 byte",0,"OKAY",1,3f96d6b8,"OKAY",00000000,a,2,0,1,4,0,0,1,2,0,1,0,2,1,1,1,0,0,00000000,3,1,1,1,1,00000000,3,1,1,1,1,"No Read Addr Cmds","No Read Addr Cmds","No Write Addr Cmds","No Write Addr Cmds","No Write Responses","No Write Responses","_","_","Active","Active","_","_","Last Stream","Last Stream","No Write Data Beats","No Write Data Beats"
715,715,0,0,1,1,0,0,0,8e5ffe20afb76fe31ba56e5faf65c9d2,0,3b9a3d13b8d6963fae1d8dc05a6037b2,0,1,0,1,03b1b875,ffffffdb,0,1,0,0,1,00000000,"FIXED",3,00,"Data Secure Unprivileged","1 byte",0,0,00000000,"INCR",3,00,"Data Secure Unprivileged","4 bytes",0,1,b237605a,"OKAY",00000000,0,2,1,0,0,0,0,0,0,0,2,0,1,3,1,1,0,1,0037e400,"INCR",3,ff,0,"Data Secure Unprivileged",0,"4 bytes",0,00000000,"FIXED",0,00,0,"Data Secure Unprivileged",0,"1 byte",0,"OKAY",1,3f96d6b8,"OKAY",00000000,0,2,0,1,0,0,0,0,2,0,1,0,2,1,1,1,0,0,133d9a3b,3,f,0,0,0,00000000,3,1,0,0,1,"No Read Addr Cmds","No Read Addr Cmds","No Write Addr Cmds","No Write Addr Cmds","No Write Responses","No Write Responses","Active","_","_","_","Data Beat","_","_","_","No Write Data Beats","No Write Data Beats"
716,716,0,0,1,1,0,0,0,8e5ffe20afb76fe31ba56e5faf65c9d2,0,3b9a3d13b8d6963fae1d8dc05a6037b2,0,1,0,1,03b1b875,ffffffdb,0,1,0,0,1,00000000,"FIXED",3,00,"Data Secure Unprivileged","1 byte",0,0,00000000,"INCR",3,00,"Data Secure Unprivileged","4 bytes",0,1,b237605a,"OKAY",00000000,0,2,1,0,0,0,0,0,0,0,2,0,1,2,0,1,0,1,0037e400,"INCR",3,ff,0,"Data Secure Unprivileged",0,"4 bytes",0,00000000,"FIXED",0,00,0,"Data Secure Unprivileged",0,"1 byte",0,"OKAY",1,3f96d6b8,"OKAY",00000000,0,2,0,1,0,0,0,0,2,0,1,0,2,1,1,1,0,0,133d9a3b,3,f,1,0,0,00000000,3,1,0,0,1,"No Read Addr Cmds","No Read Addr Cmds","No Write Addr Cmds","No Write Addr Cmds","No Write Responses","No Write Responses","_","_","_","_","_","_","_","_","No Write Data Beats","No Write Data Beats"
717,717,0,0,1,1,0,0,0,8e5ffe20afb76fe31ba56e5faf65c9d2,0,3b9a3d13b8d6963fae1d8dc05a6037b2,0,1,0,1,03b1b875,ffffffdb,0,1,0,0,1,00000000,"FIXED",3,00,"Data Secure Unprivileged","1 byte",0,0,00000000,"INCR",3,00,"Data Secure Unprivileged","4 bytes",0,1,b237605a,"OKAY",00000000,0,2,1,0,0,0,0,0,0,0,2,0,1,2,0,1,0,1,0037e400,"INCR",3,ff,0,"Data Secure Unprivileged",0,"4 bytes",0,00000000,"FIXED",0,00,0,"Data Secure Unprivileged",0,"1 byte",0,"OKAY",1,3f96d6b8,"OKAY",00000000,0,2,0,1,0,0,0,0,2,0,1,0,2,1,1,1,0,0,133d9a3b,3,f,1,0,0,00000000,3,1,0,0,1,"No Read Addr Cmds","No Read Addr Cmds","No Write Addr Cmds","No Write Addr Cmds","No Write Responses","No Write Responses","_","_","_","_","_","_","_","_","No Write Data Beats","No Write Data Beats"
718,718,0,0,1,1,0,0,0,8e5ffe20afb76fe31ba56e5faf65c9d2,0,3b9a3d13b8d6963fae1d8dc05a6037b2,0,1,0,1,03b1b875,ffffffdb,0,1,0,0,1,00000000,"FIXED",3,00,"Data Secure Unprivileged","1 byte",0,0,00000000,"INCR",3,00,"Data Secure Unprivileged","4 bytes",0,1,b237605a,"OKAY",00000000,0,2,1,0,0,0,0,0,0,0,2,0,1,2,0,1,0,1,0037e400,"INCR",3,ff,0,"Data Secure Unprivileged",0,"4 bytes",0,00000000,"FIXED",0,00,0,"Data Secure Unprivileged",0,"1 byte",0,"OKAY",1,3f96d6b8,"OKAY",00000000,0,2,0,1,0,0,0,0,2,0,1,0,2,1,1,1,0,0,133d9a3b,3,f,1,1,0,133d9a3b,3,f,1,1,0,"No Read Addr Cmds","No Read Addr Cmds","No Write Addr Cmds","No Write Addr Cmds","No Write Responses","No Write Responses","_","_","Active","Active","_","_","Stream Beat","Stream Beat","No Write Data Beats","No Write Data Beats"
719,719,0,0,1,1,0,0,0,8e5ffe20afb76fe31ba56e5faf65c9d2,0,3b9a3d13b8d6963fae1d8dc05a6037b2,0,1,0,0,03b1b875,ffffffdb,0,1,0,0,1,00000000,"FIXED",3,00,"Data Secure Unprivileged","1 byte",0,0,00000000,"INCR",3,00,"Data Secure Unprivileged","4 bytes",0,1,b237605a,"DECERR",00000000,0,2,1,0,0,0,0,0,0,0,2,0,1,2,0,1,0,1,0037e400,"INCR",3,ff,0,"Data Secure Unprivileged",0,"4 bytes",0,00000000,"FIXED",0,00,0,"Data Secure Unprivileged",0,"1 byte",0,"OKAY",1,3f96d6b8,"OKAY",00000000,b,2,0,1,4,0,0,1,2,0,1,0,2,1,1,3,1,0,00000000,3,1,1,0,1,133d9a3b,3,f,0,0,0,"No Read Addr Cmds","No Read Addr Cmds","No Write Addr Cmds","No Write Addr Cmds","No Write Responses","No Write Responses","_","Active","_","_","_","Data Beat","_","_","No Write Data Beats","No Write Data Beats"
720,720,0,0,1,1,0,0,0,8e5ffe20afb76fe31ba56e5faf65c9d2,0,3b9a3d13b8d6963fae1d8dc05a6037b2,0,1,0,1,4dec065a,ffffffdb,0,1,0,0,1,00000000,"FIXED",3,00,"Data Secure Unprivileged","1 byte",0,0,00000000,"INCR",3,00,"Data Secure Unprivileged","4 bytes",0,1,133d9a3b,"DECERR",00000000,0,2,1,0,0,0,0,0,0,0,2,0,1,2,0,1,0,1,0037e400,"INCR",3,ff,0,"Data Secure Unprivileged",0,"4 bytes",0,00000000,"FIXED",0,00,0,"Data Secure Unprivileged",0,"1 byte",0,"OKAY",1,c08d1dae,"OKAY",00000000,b,2,0,1,4,0,0,1,2,0,1,0,2,1,1,1,0,0,00000000,3,1,1,0,1,133d9a3b,3,f,0,0,0,"No Read Addr Cmds","No Read Addr Cmds","No Write Addr Cmds","No Write Addr Cmds","No Write Responses","No Write Responses","_","_","_","_","_","_","_","_","No Write Data Beats","No Write Data Beats"
721,721,0,0,1,1,0,0,0,8e5ffe20afb76fe31ba56e5faf65c9d2,0,3b9a3d13b8d6963fae1d8dc05a6037b2,0,1,0,1,4dec065a,ffffffdb,0,1,0,0,1,00000000,"FIXED",3,00,"Data Secure Unprivileged","1 byte",0,0,00000000,"INCR",3,00,"Data Secure Unprivileged","4 bytes",0,1,133d9a3b,"DECERR",00000000,0,2,1,0,0,0,0,0,0,0,2,0,1,2,0,1,0,1,0037e400,"INCR",3,ff,0,"Data Secure Unprivileged",0,"4 bytes",0,00000000,"FIXED",0,00,0,"Data Secure Unprivileged",0,"1 byte",0,"OKAY",1,c08d1dae,"OKAY",00000000,b,2,0,1,4,0,0,1,2,0,1,0,2,1,1,1,0,0,00000000,3,1,1,0,1,133d9a3b,3,f,0,0,0,"No Read Addr Cmds","No Read Addr Cmds","No Write Addr Cmds","No Write Addr Cmds","No Write Responses","No Write Responses","_","_","_","_","_","_","_","_","No Write Data Beats","No Write Data Beats"
722,722,0,0,1,1,0,0,0,8e5ffe20afb76fe31ba56e5faf65c9d2,0,3b9a3d13b8d6963fae1d8dc05a6037b2,0,1,0,1,4dec065a,ffffffdb,0,1,0,0,1,00000000,"FIXED",3,00,"Data Secure Unprivileged","1 byte",0,0,00000000,"INCR",3,00,"Data Secure Unprivileged","4 bytes",0,1,133d9a3b,"DECERR",00000000,0,2,1,0,0,0,0,0,0,0,2,0,1,2,0,1,0,1,0037e400,"INCR",3,ff,0,"Data Secure Unprivileged",0,"4 bytes",0,00000000,"FIXED",0,00,0,"Data Secure Unprivileged",0,"1 byte",0,"OKAY",1,c08d1dae,"OKAY",00000000,b,2,0,1,4,0,0,1,2,0,1,0,2,1,1,1,0,0,00000000,3,1,1,1,1,00000000,3,1,1,1,1,"No Read Addr Cmds","No Read Addr Cmds","No Write Addr Cmds","No Write Addr Cmds","No Write Responses","No Write Responses","_","_","Active","Active","_","_","Last Stream","Last Stream","No Write Data Beats","No Write Data Beats"
723,723,0,0,1,1,0,0,0,8e5ffe20afb76fe31ba56e5faf65c9d2,0,3b9a3d13b8d6963fae1d8dc05a6037b2,0,1,0,1,4dec065a,ffffffdb,0,1,0,0,1,00000000,"FIXED",3,00,"Data Secure Unprivileged","1 byte",0,0,00000000,"INCR",3,00,"Data Secure Unprivileged","4 bytes",0,1,133d9a3b,"OKAY",00000000,0,2,1,0,0,0,0,0,0,0,2,0,1,3,1,1,0,1,0037e400,"INCR",3,ff,0,"Data Secure Unprivileged",0,"4 bytes",0,00000000,"FIXED",0,00,0,"Data Secure Unprivileged",0,"1 byte",0,"OKAY",1,c08d1dae,"OKAY",00000000,0,2,0,1,0,0,0,0,2,0,1,0,2,1,1,1,0,0,3f96d6b8,3,f,0,0,0,00000000,3,1,0,0,1,"No Read Addr Cmds","No Read Addr Cmds","No Write Addr Cmds","No Write Addr Cmds","No Write Responses","No Write Responses","Active","_","_","_","Data Beat","_","_","_","No Write Data Beats","No Write Data Beats"
724,724,0,0,1,1,0,0,0,8e5ffe20afb76fe31ba56e5faf65c9d2,0,3b9a3d13b8d6963fae1d8dc05a6037b2,0,1,0,1,4dec065a,ffffffdb,0,1,0,0,1,00000000,"FIXED",3,00,"Data Secure Unprivileged","1 byte",0,0,00000000,"INCR",3,00,"Data Secure Unprivileged","4 bytes",0,1,133d9a3b,"OKAY",00000000,0,2,1,0,0,0,0,0,0,0,2,0,1,2,0,1,0,1,0037e400,"INCR",3,ff,0,"Data Secure Unprivileged",0,"4 bytes",0,00000000,"FIXED",0,00,0,"Data Secure Unprivileged",0,"1 byte",0,"OKAY",1,c08d1dae,"OKAY",00000000,0,2,0,1,0,0,0,0,2,0,1,0,2,1,1,1,0,0,3f96d6b8,3,f,1,0,0,00000000,3,1,0,0,1,"No Read Addr Cmds","No Read Addr Cmds","No Write Addr Cmds","No Write Addr Cmds","No Write Responses","No Write Responses","_","_","_","_","_","_","_","_","No Write Data Beats","No Write Data Beats"
725,725,0,0,1,1,0,0,0,8e5ffe20afb76fe31ba56e5faf65c9d2,0,3b9a3d13b8d6963fae1d8dc05a6037b2,0,1,0,1,4dec065a,ffffffdb,0,1,0,0,1,00000000,"FIXED",3,00,"Data Secure Unprivileged","1 byte",0,0,00000000,"INCR",3,00,"Data Secure Unprivileged","4 bytes",0,1,133d9a3b,"OKAY",00000000,0,2,1,0,0,0,0,0,0,0,2,0,1,2,0,1,0,1,0037e400,"INCR",3,ff,0,"Data Secure Unprivileged",0,"4 bytes",0,00000000,"FIXED",0,00,0,"Data Secure Unprivileged",0,"1 byte",0,"OKAY",1,c08d1dae,"OKAY",00000000,0,2,0,1,0,0,0,0,2,0,1,0,2,1,1,1,0,0,3f96d6b8,3,f,1,0,0,00000000,3,1,0,0,1,"No Read Addr Cmds","No Read Addr Cmds","No Write Addr Cmds","No Write Addr Cmds","No Write Responses","No Write Responses","_","_","_","_","_","_","_","_","No Write Data Beats","No Write Data Beats"
726,726,0,0,1,1,0,0,0,8e5ffe20afb76fe31ba56e5faf65c9d2,0,3b9a3d13b8d6963fae1d8dc05a6037b2,0,1,0,1,4dec065a,ffffffdb,0,1,0,0,1,00000000,"FIXED",3,00,"Data Secure Unprivileged","1 byte",0,0,00000000,"INCR",3,00,"Data Secure Unprivileged","4 bytes",0,1,133d9a3b,"OKAY",00000000,0,2,1,0,0,0,0,0,0,0,2,0,1,2,0,1,0,1,0037e400,"INCR",3,ff,0,"Data Secure Unprivileged",0,"4 bytes",0,00000000,"FIXED",0,00,0,"Data Secure Unprivileged",0,"1 byte",0,"OKAY",1,c08d1dae,"OKAY",00000000,0,2,0,1,0,0,0,0,2,0,1,0,2,1,1,1,0,0,3f96d6b8,3,f,1,1,0,3f96d6b8,3,f,1,1,0,"No Read Addr Cmds","No Read Addr Cmds","No Write Addr Cmds","No Write Addr Cmds","No Write Responses","No Write Responses","_","_","Active","Active","_","_","Stream Beat","Stream Beat","No Write Data Beats","No Write Data Beats"
727,727,0,0,1,1,0,0,0,8e5ffe20afb76fe31ba56e5faf65c9d2,0,3b9a3d13b8d6963fae1d8dc05a6037b2,0,1,0,0,4dec065a,ffffffdb,0,1,0,0,1,00000000,"FIXED",3,00,"Data Secure Unprivileged","1 byte",0,0,00000000,"INCR",3,00,"Data Secure Unprivileged","4 bytes",0,1,133d9a3b,"OKAY",00000000,0,2,1,0,0,0,0,0,0,0,2,0,1,2,0,1,0,1,0037e400,"INCR",3,ff,0,"Data Secure Unprivileged",0,"4 bytes",0,00000000,"FIXED",0,00,0,"Data Secure Unprivileged",0,"1 byte",0,"OKAY",1,c08d1dae,"OKAY",00000000,8,2,0,1,4,0,0,1,2,0,1,0,2,1,1,3,1,0,00000000,3,1,1,0,1,3f96d6b8,3,f,0,0,0,"No Read Addr Cmds","No Read Addr Cmds","No Write Addr Cmds","No Write Addr Cmds","No Write Responses","No Write Responses","_","Active","_","_","_","Data Beat","_","_","No Write Data Beats","No Write Data Beats"
728,728,0,0,1,1,0,0,0,8e5ffe20afb76fe31ba56e5faf65c9d2,0,3b9a3d13b8d6963fae1d8dc05a6037b2,0,1,0,1,c8bc59dc,ffffffdb,0,1,0,0,1,00000000,"FIXED",3,00,"Data Secure Unprivileged","1 byte",0,0,00000000,"INCR",3,00,"Data Secure Unprivileged","4 bytes",0,1,3f96d6b8,"OKAY",00000000,0,2,1,0,0,0,0,0,0,0,2,0,1,2,0,1,0,1,0037e400,"INCR",3,ff,0,"Data Secure Unprivileged",0,"4 bytes",0,00000000,"FIXED",0,00,0,"Data Secure Unprivileged",0,"1 byte",0,"OKAY",1,b237605a,"OKAY",00000000,8,2,0,1,4,0,0,1,2,0,1,0,2,1,1,1,0,0,00000000,3,1,1,0,1,3f96d6b8,3,f,0,0,0,"No Read Addr Cmds","No Read Addr Cmds","No Write Addr Cmds","No Write Addr Cmds","No Write Responses","No Write Responses","_","_","_","_","_","_","_","_","No Write Data Beats","No Write Data Beats"
729,729,0,0,1,1,0,0,0,8e5ffe20afb76fe31ba56e5faf65c9d2,0,3b9a3d13b8d6963fae1d8dc05a6037b2,0,1,0,1,c8bc59dc,ffffffdb,0,1,0,0,1,00000000,"FIXED",3,00,"Data Secure Unprivileged","1 byte",0,0,00000000,"INCR",3,00,"Data Secure Unprivileged","4 bytes",0,1,3f96d6b8,"OKAY",00000000,0,2,1,0,0,0,0,0,0,0,2,0,1,2,0,1,0,1,0037e400,"INCR",3,ff,0,"Data Secure Unprivileged",0,"4 bytes",0,00000000,"FIXED",0,00,0,"Data Secure Unprivileged",0,"1 byte",0,"OKAY",1,b237605a,"OKAY",00000000,8,2,0,1,4,0,0,1,2,0,1,0,2,1,1,1,0,0,00000000,3,1,1,0,1,3f96d6b8,3,f,0,0,0,"No Read Addr Cmds","No Read Addr Cmds","No Write Addr Cmds","No Write Addr Cmds","No Write Responses","No Write Responses","_","_","_","_","_","_","_","_","No Write Data Beats","No Write Data Beats"
730,730,0,0,1,1,0,0,0,8e5ffe20afb76fe31ba56e5faf65c9d2,0,3b9a3d13b8d6963fae1d8dc05a6037b2,0,1,0,1,c8bc59dc,ffffffdb,0,1,0,0,1,00000000,"FIXED",3,00,"Data Secure Unprivileged","1 byte",0,0,00000000,"INCR",3,00,"Data Secure Unprivileged","4 bytes",0,1,3f96d6b8,"OKAY",00000000,0,2,1,0,0,0,0,0,0,0,2,0,1,2,0,1,0,1,0037e400,"INCR",3,ff,0,"Data Secure Unprivileged",0,"4 bytes",0,00000000,"FIXED",0,00,0,"Data Secure Unprivileged",0,"1 byte",0,"OKAY",1,b237605a,"OKAY",00000000,8,2,0,1,4,0,0,1,2,0,1,0,2,1,1,1,0,0,00000000,3,1,1,1,1,00000000,3,1,1,1,1,"No Read Addr Cmds","No Read Addr Cmds","No Write Addr Cmds","No Write Addr Cmds","No Write Responses","No Write Responses","_","_","Active","Active","_","_","Last Stream","Last Stream","No Write Data Beats","No Write Data Beats"
731,731,0,0,1,1,0,0,0,8e5ffe20afb76fe31ba56e5faf65c9d2,0,3b9a3d13b8d6963fae1d8dc05a6037b2,0,1,0,1,c8bc59dc,ffffffdb,0,1,0,0,1,00000000,"FIXED",3,00,"Data Secure Unprivileged","1 byte",0,0,00000000,"INCR",3,00,"Data Secure Unprivileged","4 bytes",0,1,3f96d6b8,"OKAY",00000000,0,2,1,0,0,0,0,0,0,0,2,0,1,3,1,1,0,1,0037e400,"INCR",3,ff,0,"Data Secure Unprivileged",0,"4 bytes",0,00000000,"FIXED",0,00,0,"Data Secure Unprivileged",0,"1 byte",0,"OKAY",1,b237605a,"OKAY",00000000,0,2,0,1,0,0,0,0,2,0,1,0,2,1,1,1,0,0,c08d1dae,3,f,0,0,0,00000000,3,1,0,0,1,"No Read Addr Cmds","No Read Addr Cmds","No Write Addr Cmds","No Write Addr Cmds","No Write Responses","No Write Responses","Active","_","_","_","Data Beat","_","_","_","No Write Data Beats","No Write Data Beats"
732,732,0,0,1,1,0,0,0,8e5ffe20afb76fe31ba56e5faf65c9d2,0,3b9a3d13b8d6963fae1d8dc05a6037b2,0,1,0,1,c8bc59dc,ffffffdb,0,1,0,0,1,00000000,"FIXED",3,00,"Data Secure Unprivileged","1 byte",0,0,00000000,"INCR",3,00,"Data Secure Unprivileged","4 bytes",0,1,3f96d6b8,"OKAY",00000000,0,2,1,0,0,0,0,0,0,0,2,0,1,2,0,1,0,1,0037e400,"INCR",3,ff,0,"Data Secure Unprivileged",0,"4 bytes",0,00000000,"FIXED",0,00,0,"Data Secure Unprivileged",0,"1 byte",0,"OKAY",1,b237605a,"OKAY",00000000,0,2,0,1,0,0,0,0,2,0,1,0,2,1,1,1,0,0,c08d1dae,3,f,1,0,0,00000000,3,1,0,0,1,"No Read Addr Cmds","No Read Addr Cmds","No Write Addr Cmds","No Write Addr Cmds","No Write Responses","No Write Responses","_","_","_","_","_","_","_","_","No Write Data Beats","No Write Data Beats"
733,733,0,0,1,1,0,0,0,8e5ffe20afb76fe31ba56e5faf65c9d2,0,3b9a3d13b8d6963fae1d8dc05a6037b2,0,1,0,1,c8bc59dc,ffffffdb,0,1,0,0,1,00000000,"FIXED",3,00,"Data Secure Unprivileged","1 byte",0,0,00000000,"INCR",3,00,"Data Secure Unprivileged","4 bytes",0,1,3f96d6b8,"OKAY",00000000,0,2,1,0,0,0,0,0,0,0,2,0,1,2,0,1,0,1,0037e400,"INCR",3,ff,0,"Data Secure Unprivileged",0,"4 bytes",0,00000000,"FIXED",0,00,0,"Data Secure Unprivileged",0,"1 byte",0,"OKAY",1,b237605a,"OKAY",00000000,0,2,0,1,0,0,0,0,2,0,1,0,2,1,1,1,0,0,c08d1dae,3,f,1,0,0,00000000,3,1,0,0,1,"No Read Addr Cmds","No Read Addr Cmds","No Write Addr Cmds","No Write Addr Cmds","No Write Responses","No Write Responses","_","_","_","_","_","_","_","_","No Write Data Beats","No Write Data Beats"
734,734,0,0,1,1,0,0,0,8e5ffe20afb76fe31ba56e5faf65c9d2,0,3b9a3d13b8d6963fae1d8dc05a6037b2,0,1,0,1,c8bc59dc,ffffffdb,0,1,0,0,1,00000000,"FIXED",3,00,"Data Secure Unprivileged","1 byte",0,0,00000000,"INCR",3,00,"Data Secure Unprivileged","4 bytes",0,1,3f96d6b8,"OKAY",00000000,0,2,1,0,0,0,0,0,0,0,2,0,1,2,0,1,0,1,0037e400,"INCR",3,ff,0,"Data Secure Unprivileged",0,"4 bytes",0,00000000,"FIXED",0,00,0,"Data Secure Unprivileged",0,"1 byte",0,"OKAY",1,b237605a,"OKAY",00000000,0,2,0,1,0,0,0,0,2,0,1,0,2,1,1,1,0,0,c08d1dae,3,f,1,1,0,c08d1dae,3,f,1,1,0,"No Read Addr Cmds","No Read Addr Cmds","No Write Addr Cmds","No Write Addr Cmds","No Write Responses","No Write Responses","_","_","Active","Active","_","_","Stream Beat","Stream Beat","No Write Data Beats","No Write Data Beats"
735,735,0,0,1,1,0,0,0,8e5ffe20afb76fe31ba56e5faf65c9d2,0,3b9a3d13b8d6963fae1d8dc05a6037b2,0,1,0,0,c8bc59dc,ffffffdb,0,1,0,0,1,00000000,"FIXED",3,00,"Data Secure Unprivileged","1 byte",0,0,00000000,"INCR",3,00,"Data Secure Unprivileged","4 bytes",0,1,3f96d6b8,"SLVERR",00000000,0,2,1,0,0,0,0,0,0,0,2,0,1,6,0,1,1,1,0037e400,"INCR",3,ff,0,"Data Secure Unprivileged",0,"4 bytes",0,00000000,"FIXED",0,00,0,"Data Secure Unprivileged",0,"1 byte",0,"OKAY",1,b237605a,"OKAY",00000000,e,2,0,1,0,0,0,0,2,0,1,0,2,1,1,3,1,0,00000000,3,1,1,0,1,c08d1dae,3,f,0,0,0,"No Read Addr Cmds","No Read Addr Cmds","No Write Addr Cmds","No Write Addr Cmds","No Write Responses","No Write Responses","_","Active","_","_","_","Data Beat","_","_","No Write Data Beats","No Write Data Beats"
736,736,0,0,1,1,0,0,0,8e5ffe20afb76fe31ba56e5faf65c9d2,0,3b9a3d13b8d6963fae1d8dc05a6037b2,0,1,0,1,fc696b1d,ffffffdb,0,1,0,0,1,00000000,"FIXED",3,00,"Data Secure Unprivileged","1 byte",0,0,00000000,"INCR",3,00,"Data Secure Unprivileged","4 bytes",0,1,c08d1dae,"SLVERR",00000000,0,2,1,0,0,0,0,0,0,0,2,0,1,6,0,1,1,1,0037e400,"INCR",3,ff,0,"Data Secure Unprivileged",0,"4 bytes",0,00000000,"FIXED",0,00,0,"Data Secure Unprivileged",0,"1 byte",0,"OKAY",1,133d9a3b,"OKAY",00000000,e,2,0,1,0,0,0,0,2,0,1,0,2,1,1,1,0,0,00000000,3,1,1,0,1,c08d1dae,3,f,0,0,0,"No Read Addr Cmds","No Read Addr Cmds","No Write Addr Cmds","No Write Addr Cmds","No Write Responses","No Write Responses","_","_","_","_","_","_","_","_","No Write Data Beats","No Write Data Beats"
737,737,0,0,1,1,0,0,0,8e5ffe20afb76fe31ba56e5faf65c9d2,0,3b9a3d13b8d6963fae1d8dc05a6037b2,0,1,0,1,fc696b1d,ffffffdb,0,1,0,0,1,00000000,"FIXED",3,00,"Data Secure Unprivileged","1 byte",0,0,00000000,"INCR",3,00,"Data Secure Unprivileged","4 bytes",0,1,c08d1dae,"SLVERR",00000000,0,2,1,0,0,0,0,0,0,0,2,0,1,6,0,1,1,1,0037e400,"INCR",3,ff,0,"Data Secure Unprivileged",0,"4 bytes",0,00000000,"FIXED",0,00,0,"Data Secure Unprivileged",0,"1 byte",0,"OKAY",1,133d9a3b,"OKAY",00000000,e,2,0,1,0,0,0,0,2,0,1,0,2,1,1,1,0,0,00000000,3,1,1,0,1,c08d1dae,3,f,0,0,0,"No Read Addr Cmds","No Read Addr Cmds","No Write Addr Cmds","No Write Addr Cmds","No Write Responses","No Write Responses","_","_","_","_","_","_","_","_","No Write Data Beats","No Write Data Beats"
738,738,0,0,1,1,0,0,0,8e5ffe20afb76fe31ba56e5faf65c9d2,0,3b9a3d13b8d6963fae1d8dc05a6037b2,0,1,0,1,fc696b1d,ffffffdb,0,1,0,0,1,00000000,"FIXED",3,00,"Data Secure Unprivileged","1 byte",0,0,00000000,"INCR",3,00,"Data Secure Unprivileged","4 bytes",0,1,c08d1dae,"SLVERR",00000000,0,2,1,0,0,0,0,0,0,0,2,0,1,6,0,1,1,1,0037e400,"INCR",3,ff,0,"Data Secure Unprivileged",0,"4 bytes",0,00000000,"FIXED",0,00,0,"Data Secure Unprivileged",0,"1 byte",0,"OKAY",1,133d9a3b,"OKAY",00000000,e,2,0,1,0,0,0,0,2,0,1,0,2,1,1,1,0,0,00000000,3,1,1,1,1,00000000,3,1,1,1,1,"No Read Addr Cmds","No Read Addr Cmds","No Write Addr Cmds","No Write Addr Cmds","No Write Responses","No Write Responses","_","_","Active","Active","_","_","Last Stream","Last Stream","No Write Data Beats","No Write Data Beats"
739,739,0,0,1,1,0,0,0,8e5ffe20afb76fe31ba56e5faf65c9d2,0,3b9a3d13b8d6963fae1d8dc05a6037b2,0,1,0,1,fc696b1d,ffffffdb,0,1,0,0,1,00000000,"FIXED",3,00,"Data Secure Unprivileged","1 byte",0,0,00000000,"INCR",3,00,"Data Secure Unprivileged","4 bytes",0,1,c08d1dae,"OKAY",00000000,0,2,1,0,0,0,0,0,0,0,2,0,1,3,1,1,0,1,0037e400,"INCR",3,ff,0,"Data Secure Unprivileged",0,"4 bytes",0,00000000,"FIXED",0,00,0,"Data Secure Unprivileged",0,"1 byte",0,"OKAY",1,133d9a3b,"OKAY",00000000,0,2,0,1,0,0,0,0,2,0,1,0,2,1,1,1,0,0,b237605a,3,f,0,0,0,00000000,3,1,0,0,1,"No Read Addr Cmds","No Read Addr Cmds","No Write Addr Cmds","No Write Addr Cmds","No Write Responses","No Write Responses","Active","_","_","_","Data Beat","_","_","_","No Write Data Beats","No Write Data Beats"
740,740,0,0,1,1,0,0,0,8e5ffe20afb76fe31ba56e5faf65c9d2,0,3b9a3d13b8d6963fae1d8dc05a6037b2,0,1,0,1,fc696b1d,ffffffdb,0,1,0,0,1,00000000,"FIXED",3,00,"Data Secure Unprivileged","1 byte",0,0,00000000,"INCR",3,00,"Data Secure Unprivileged","4 bytes",0,1,c08d1dae,"OKAY",00000000,0,2,1,0,0,0,0,0,0,0,2,0,1,2,0,1,0,1,0037e400,"INCR",3,ff,0,"Data Secure Unprivileged",0,"4 bytes",0,00000000,"FIXED",0,00,0,"Data Secure Unprivileged",0,"1 byte",0,"OKAY",1,133d9a3b,"OKAY",00000000,0,2,0,1,0,0,0,0,2,0,1,0,2,1,1,1,0,0,b237605a,3,f,1,0,0,00000000,3,1,0,0,1,"No Read Addr Cmds","No Read Addr Cmds","No Write Addr Cmds","No Write Addr Cmds","No Write Responses","No Write Responses","_","_","_","_","_","_","_","_","No Write Data Beats","No Write Data Beats"
741,741,0,0,1,1,0,0,0,8e5ffe20afb76fe31ba56e5faf65c9d2,0,3b9a3d13b8d6963fae1d8dc05a6037b2,0,1,0,1,fc696b1d,ffffffdb,0,1,0,0,1,00000000,"FIXED",3,00,"Data Secure Unprivileged","1 byte",0,0,00000000,"INCR",3,00,"Data Secure Unprivileged","4 bytes",0,1,c08d1dae,"OKAY",00000000,0,2,1,0,0,0,0,0,0,0,2,0,1,2,0,1,0,1,0037e400,"INCR",3,ff,0,"Data Secure Unprivileged",0,"4 bytes",0,00000000,"FIXED",0,00,0,"Data Secure Unprivileged",0,"1 byte",0,"OKAY",1,133d9a3b,"OKAY",00000000,0,2,0,1,0,0,0,0,2,0,1,0,2,1,1,1,0,0,b237605a,3,f,1,0,0,00000000,3,1,0,0,1,"No Read Addr Cmds","No Read Addr Cmds","No Write Addr Cmds","No Write Addr Cmds","No Write Responses","No Write Responses","_","_","_","_","_","_","_","_","No Write Data Beats","No Write Data Beats"
742,742,0,0,1,1,0,0,0,8e5ffe20afb76fe31ba56e5faf65c9d2,0,3b9a3d13b8d6963fae1d8dc05a6037b2,0,1,0,1,fc696b1d,ffffffdb,0,1,0,0,1,00000000,"FIXED",3,00,"Data Secure Unprivileged","1 byte",0,0,00000000,"INCR",3,00,"Data Secure Unprivileged","4 bytes",0,1,c08d1dae,"OKAY",00000000,0,2,1,0,0,0,0,0,0,0,2,0,1,2,0,1,0,1,0037e400,"INCR",3,ff,0,"Data Secure Unprivileged",0,"4 bytes",0,00000000,"FIXED",0,00,0,"Data Secure Unprivileged",0,"1 byte",0,"OKAY",1,133d9a3b,"OKAY",00000000,0,2,0,1,0,0,0,0,2,0,1,0,2,1,1,1,0,0,b237605a,3,f,1,1,0,b237605a,3,f,1,1,0,"No Read Addr Cmds","No Read Addr Cmds","No Write Addr Cmds","No Write Addr Cmds","No Write Responses","No Write Responses","_","_","Active","Active","_","_","Stream Beat","Stream Beat","No Write Data Beats","No Write Data Beats"
743,743,0,0,1,1,0,0,0,8e5ffe20afb76fe31ba56e5faf65c9d2,0,3b9a3d13b8d6963fae1d8dc05a6037b2,0,1,0,0,fc696b1d,ffffffdb,0,1,0,0,1,00000000,"FIXED",3,00,"Data Secure Unprivileged","1 byte",0,0,00000000,"INCR",3,00,"Data Secure Unprivileged","4 bytes",0,1,c08d1dae,"SLVERR",00000000,0,2,1,0,0,0,0,0,0,0,2,0,1,2,0,1,0,1,0037e400,"INCR",3,ff,0,"Data Secure Unprivileged",0,"4 bytes",0,00000000,"FIXED",0,00,0,"Data Secure Unprivileged",0,"1 byte",0,"OKAY",1,133d9a3b,"OKAY",00000000,a,2,0,1,4,0,0,1,2,0,1,0,2,1,1,3,1,0,00000000,3,1,1,0,1,b237605a,3,f,0,0,0,"No Read Addr Cmds","No Read Addr Cmds","No Write Addr Cmds","No Write Addr Cmds","No Write Responses","No Write Responses","_","Active","_","_","_","Data Beat","_","_","No Write Data Beats","No Write Data Beats"
744,744,0,0,1,1,0,0,0,8e5ffe20afb76fe31ba56e5faf65c9d2,0,3b9a3d13b8d6963fae1d8dc05a6037b2,0,1,0,1,03b1b875,ffffffdb,0,1,0,0,1,00000000,"FIXED",3,00,"Data Secure Unprivileged","1 byte",0,0,00000000,"INCR",3,00,"Data Secure Unprivileged","4 bytes",0,1,b237605a,"SLVERR",00000000,0,2,1,0,0,0,0,0,0,0,2,0,1,2,0,1,0,1,0037e400,"INCR",3,ff,0,"Data Secure Unprivileged",0,"4 bytes",0,00000000,"FIXED",0,00,0,"Data Secure Unprivileged",0,"1 byte",0,"OKAY",1,3f96d6b8,"OKAY",00000000,a,2,0,1,4,0,0,1,2,0,1,0,2,1,1,1,0,0,00000000,3,1,1,0,1,b237605a,3,f,0,0,0,"No Read Addr Cmds","No Read Addr Cmds","No Write Addr Cmds","No Write Addr Cmds","No Write Responses","No Write Responses","_","_","_","_","_","_","_","_","No Write Data Beats","No Write Data Beats"
745,745,0,0,1,1,0,0,0,8e5ffe20afb76fe31ba56e5faf65c9d2,0,3b9a3d13b8d6963fae1d8dc05a6037b2,0,1,0,1,03b1b875,ffffffdb,0,1,0,0,1,00000000,"FIXED",3,00,"Data Secure Unprivileged","1 byte",0,0,00000000,"INCR",3,00,"Data Secure Unprivileged","4 bytes",0,1,b237605a,"SLVERR",00000000,0,2,1,0,0,0,0,0,0,0,2,0,1,2,0,1,0,1,0037e400,"INCR",3,ff,0,"Data Secure Unprivileged",0,"4 bytes",0,00000000,"FIXED",0,00,0,"Data Secure Unprivileged",0,"1 byte",0,"OKAY",1,3f96d6b8,"OKAY",00000000,a,2,0,1,4,0,0,1,2,0,1,0,2,1,1,1,0,0,00000000,3,1,1,0,1,b237605a,3,f,0,0,0,"No Read Addr Cmds","No Read Addr Cmds","No Write Addr Cmds","No Write Addr Cmds","No Write Responses","No Write Responses","_","_","_","_","_","_","_","_","No Write Data Beats","No Write Data Beats"
746,746,0,0,1,1,0,0,0,8e5ffe20afb76fe31ba56e5faf65c9d2,0,3b9a3d13b8d6963fae1d8dc05a6037b2,0,1,0,1,03b1b875,ffffffdb,0,1,0,0,1,00000000,"FIXED",3,00,"Data Secure Unprivileged","1 byte",0,0,00000000,"INCR",3,00,"Data Secure Unprivileged","4 bytes",0,1,b237605a,"SLVERR",00000000,0,2,1,0,0,0,0,0,0,0,2,0,1,2,0,1,0,1,0037e400,"INCR",3,ff,0,"Data Secure Unprivileged",0,"4 bytes",0,00000000,"FIXED",0,00,0,"Data Secure Unprivileged",0,"1 byte",0,"OKAY",1,3f96d6b8,"OKAY",00000000,a,2,0,1,4,0,0,1,2,0,1,0,2,1,1,1,0,0,00000000,3,1,1,1,1,00000000,3,1,1,1,1,"No Read Addr Cmds","No Read Addr Cmds","No Write Addr Cmds","No Write Addr Cmds","No Write Responses","No Write Responses","_","_","Active","Active","_","_","Last Stream","Last Stream","No Write Data Beats","No Write Data Beats"
747,747,0,0,1,1,0,0,0,8e5ffe20afb76fe31ba56e5faf65c9d2,0,3b9a3d13b8d6963fae1d8dc05a6037b2,0,1,0,1,03b1b875,ffffffdb,0,1,0,0,1,00000000,"FIXED",3,00,"Data Secure Unprivileged","1 byte",0,0,00000000,"INCR",3,00,"Data Secure Unprivileged","4 bytes",0,1,b237605a,"OKAY",00000000,0,2,1,0,0,0,0,0,0,0,2,0,1,3,1,1,0,1,0037e400,"INCR",3,ff,0,"Data Secure Unprivileged",0,"4 bytes",0,00000000,"FIXED",0,00,0,"Data Secure Unprivileged",0,"1 byte",0,"OKAY",1,3f96d6b8,"OKAY",00000000,0,2,0,1,0,0,0,0,2,0,1,0,2,1,1,1,0,0,133d9a3b,3,f,0,0,0,00000000,3,1,0,0,1,"No Read Addr Cmds","No Read Addr Cmds","No Write Addr Cmds","No Write Addr Cmds","No Write Responses","No Write Responses","Active","_","_","_","Data Beat","_","_","_","No Write Data Beats","No Write Data Beats"
748,748,0,0,1,1,0,0,0,8e5ffe20afb76fe31ba56e5faf65c9d2,0,3b9a3d13b8d6963fae1d8dc05a6037b2,0,1,0,1,03b1b875,ffffffdb,0,1,0,0,1,00000000,"FIXED",3,00,"Data Secure Unprivileged","1 byte",0,0,00000000,"INCR",3,00,"Data Secure Unprivileged","4 bytes",0,1,b237605a,"OKAY",00000000,0,2,1,0,0,0,0,0,0,0,2,0,1,2,0,1,0,1,0037e400,"INCR",3,ff,0,"Data Secure Unprivileged",0,"4 bytes",0,00000000,"FIXED",0,00,0,"Data Secure Unprivileged",0,"1 byte",0,"OKAY",1,3f96d6b8,"OKAY",00000000,0,2,0,1,0,0,0,0,2,0,1,0,2,1,1,1,0,0,133d9a3b,3,f,1,0,0,00000000,3,1,0,0,1,"No Read Addr Cmds","No Read Addr Cmds","No Write Addr Cmds","No Write Addr Cmds","No Write Responses","No Write Responses","_","_","_","_","_","_","_","_","No Write Data Beats","No Write Data Beats"
749,749,0,0,1,1,0,0,0,8e5ffe20afb76fe31ba56e5faf65c9d2,0,3b9a3d13b8d6963fae1d8dc05a6037b2,0,1,0,1,03b1b875,ffffffdb,0,1,0,0,1,00000000,"FIXED",3,00,"Data Secure Unprivileged","1 byte",0,0,00000000,"INCR",3,00,"Data Secure Unprivileged","4 bytes",0,1,b237605a,"OKAY",00000000,0,2,1,0,0,0,0,0,0,0,2,0,1,2,0,1,0,1,0037e400,"INCR",3,ff,0,"Data Secure Unprivileged",0,"4 bytes",0,00000000,"FIXED",0,00,0,"Data Secure Unprivileged",0,"1 byte",0,"OKAY",1,3f96d6b8,"OKAY",00000000,0,2,0,1,0,0,0,0,2,0,1,0,2,1,1,1,0,0,133d9a3b,3,f,1,0,0,00000000,3,1,0,0,1,"No Read Addr Cmds","No Read Addr Cmds","No Write Addr Cmds","No Write Addr Cmds","No Write Responses","No Write Responses","_","_","_","_","_","_","_","_","No Write Data Beats","No Write Data Beats"
750,750,0,0,1,1,0,0,0,8e5ffe20afb76fe31ba56e5faf65c9d2,0,3b9a3d13b8d6963fae1d8dc05a6037b2,0,1,0,1,03b1b875,ffffffdb,0,1,0,0,1,00000000,"FIXED",3,00,"Data Secure Unprivileged","1 byte",0,0,00000000,"INCR",3,00,"Data Secure Unprivileged","4 bytes",0,1,b237605a,"OKAY",00000000,0,2,1,0,0,0,0,0,0,0,2,0,1,2,0,1,0,1,0037e400,"INCR",3,ff,0,"Data Secure Unprivileged",0,"4 bytes",0,00000000,"FIXED",0,00,0,"Data Secure Unprivileged",0,"1 byte",0,"OKAY",1,3f96d6b8,"OKAY",00000000,0,2,0,1,0,0,0,0,2,0,1,0,2,1,1,1,0,0,133d9a3b,3,f,1,1,0,133d9a3b,3,f,1,1,0,"No Read Addr Cmds","No Read Addr Cmds","No Write Addr Cmds","No Write Addr Cmds","No Write Responses","No Write Responses","_","_","Active","Active","_","_","Stream Beat","Stream Beat","No Write Data Beats","No Write Data Beats"
751,751,0,0,1,1,0,0,0,8e5ffe20afb76fe31ba56e5faf65c9d2,0,3b9a3d13b8d6963fae1d8dc05a6037b2,0,1,0,0,03b1b875,ffffffdb,0,1,0,0,1,00000000,"FIXED",3,00,"Data Secure Unprivileged","1 byte",0,0,00000000,"INCR",3,00,"Data Secure Unprivileged","4 bytes",0,1,b237605a,"DECERR",00000000,0,2,1,0,0,0,0,0,0,0,2,0,1,2,0,1,0,1,0037e400,"INCR",3,ff,0,"Data Secure Unprivileged",0,"4 bytes",0,00000000,"FIXED",0,00,0,"Data Secure Unprivileged",0,"1 byte",0,"OKAY",1,3f96d6b8,"OKAY",00000000,b,2,0,1,4,0,0,1,2,0,1,0,2,1,1,3,1,0,00000000,3,1,1,0,1,133d9a3b,3,f,0,0,0,"No Read Addr Cmds","No Read Addr Cmds","No Write Addr Cmds","No Write Addr Cmds","No Write Responses","No Write Responses","_","Active","_","_","_","Data Beat","_","_","No Write Data Beats","No Write Data Beats"
752,752,0,0,1,1,0,0,0,8e5ffe20afb76fe31ba56e5faf65c9d2,0,3b9a3d13b8d6963fae1d8dc05a6037b2,0,1,0,1,4dec065a,ffffffdb,0,1,0,0,1,00000000,"FIXED",3,00,"Data Secure Unprivileged","1 byte",0,0,00000000,"INCR",3,00,"Data Secure Unprivileged","4 bytes",0,1,133d9a3b,"DECERR",00000000,0,2,1,0,0,0,0,0,0,0,2,0,1,2,0,1,0,1,0037e400,"INCR",3,ff,0,"Data Secure Unprivileged",0,"4 bytes",0,00000000,"FIXED",0,00,0,"Data Secure Unprivileged",0,"1 byte",0,"OKAY",1,c08d1dae,"OKAY",00000000,b,2,0,1,4,0,0,1,2,0,1,0,2,1,1,1,0,0,00000000,3,1,1,0,1,133d9a3b,3,f,0,0,0,"No Read Addr Cmds","No Read Addr Cmds","No Write Addr Cmds","No Write Addr Cmds","No Write Responses","No Write Responses","_","_","_","_","_","_","_","_","No Write Data Beats","No Write Data Beats"
753,753,0,0,1,1,0,0,0,8e5ffe20afb76fe31ba56e5faf65c9d2,0,3b9a3d13b8d6963fae1d8dc05a6037b2,0,1,0,1,4dec065a,ffffffdb,0,1,0,0,1,00000000,"FIXED",3,00,"Data Secure Unprivileged","1 byte",0,0,00000000,"INCR",3,00,"Data Secure Unprivileged","4 bytes",0,1,133d9a3b,"DECERR",00000000,0,2,1,0,0,0,0,0,0,0,2,0,1,2,0,1,0,1,0037e400,"INCR",3,ff,0,"Data Secure Unprivileged",0,"4 bytes",0,00000000,"FIXED",0,00,0,"Data Secure Unprivileged",0,"1 byte",0,"OKAY",1,c08d1dae,"OKAY",00000000,b,2,0,1,4,0,0,1,2,0,1,0,2,1,1,1,0,0,00000000,3,1,1,0,1,133d9a3b,3,f,0,0,0,"No Read Addr Cmds","No Read Addr Cmds","No Write Addr Cmds","No Write Addr Cmds","No Write Responses","No Write Responses","_","_","_","_","_","_","_","_","No Write Data Beats","No Write Data Beats"
754,754,0,0,1,1,0,0,0,8e5ffe20afb76fe31ba56e5faf65c9d2,0,3b9a3d13b8d6963fae1d8dc05a6037b2,0,1,0,1,4dec065a,ffffffdb,0,1,0,0,1,00000000,"FIXED",3,00,"Data Secure Unprivileged","1 byte",0,0,00000000,"INCR",3,00,"Data Secure Unprivileged","4 bytes",0,1,133d9a3b,"DECERR",00000000,0,2,1,0,0,0,0,0,0,0,2,0,1,2,0,1,0,1,0037e400,"INCR",3,ff,0,"Data Secure Unprivileged",0,"4 bytes",0,00000000,"FIXED",0,00,0,"Data Secure Unprivileged",0,"1 byte",0,"OKAY",1,c08d1dae,"OKAY",00000000,b,2,0,1,4,0,0,1,2,0,1,0,2,1,1,1,0,0,00000000,3,1,1,1,1,00000000,3,1,1,1,1,"No Read Addr Cmds","No Read Addr Cmds","No Write Addr Cmds","No Write Addr Cmds","No Write Responses","No Write Responses","_","_","Active","Active","_","_","Last Stream","Last Stream","No Write Data Beats","No Write Data Beats"
755,755,0,0,1,1,0,0,0,8e5ffe20afb76fe31ba56e5faf65c9d2,0,3b9a3d13b8d6963fae1d8dc05a6037b2,0,1,0,1,4dec065a,ffffffdb,0,1,0,0,1,00000000,"FIXED",3,00,"Data Secure Unprivileged","1 byte",0,0,00000000,"INCR",3,00,"Data Secure Unprivileged","4 bytes",0,1,133d9a3b,"OKAY",00000000,0,2,1,0,0,0,0,0,0,0,2,0,1,3,1,1,0,1,0037e400,"INCR",3,ff,0,"Data Secure Unprivileged",0,"4 bytes",0,00000000,"FIXED",0,00,0,"Data Secure Unprivileged",0,"1 byte",0,"OKAY",1,c08d1dae,"OKAY",00000000,0,2,0,1,0,0,0,0,2,0,1,0,2,1,1,1,0,0,3f96d6b8,3,f,0,0,0,00000000,3,1,0,0,1,"No Read Addr Cmds","No Read Addr Cmds","No Write Addr Cmds","No Write Addr Cmds","No Write Responses","No Write Responses","Active","_","_","_","Data Beat","_","_","_","No Write Data Beats","No Write Data Beats"
756,756,0,0,1,1,0,0,0,8e5ffe20afb76fe31ba56e5faf65c9d2,0,3b9a3d13b8d6963fae1d8dc05a6037b2,0,1,0,1,4dec065a,ffffffdb,0,1,0,0,1,00000000,"FIXED",3,00,"Data Secure Unprivileged","1 byte",0,0,00000000,"INCR",3,00,"Data Secure Unprivileged","4 bytes",0,1,133d9a3b,"OKAY",00000000,0,2,1,0,0,0,0,0,0,0,2,0,1,2,0,1,0,1,0037e400,"INCR",3,ff,0,"Data Secure Unprivileged",0,"4 bytes",0,00000000,"FIXED",0,00,0,"Data Secure Unprivileged",0,"1 byte",0,"OKAY",1,c08d1dae,"OKAY",00000000,0,2,0,1,0,0,0,0,2,0,1,0,2,1,1,1,0,0,3f96d6b8,3,f,1,0,0,00000000,3,1,0,0,1,"No Read Addr Cmds","No Read Addr Cmds","No Write Addr Cmds","No Write Addr Cmds","No Write Responses","No Write Responses","_","_","_","_","_","_","_","_","No Write Data Beats","No Write Data Beats"
757,757,0,0,1,1,0,0,0,8e5ffe20afb76fe31ba56e5faf65c9d2,0,3b9a3d13b8d6963fae1d8dc05a6037b2,0,1,0,1,4dec065a,ffffffdb,0,1,0,0,1,00000000,"FIXED",3,00,"Data Secure Unprivileged","1 byte",0,0,00000000,"INCR",3,00,"Data Secure Unprivileged","4 bytes",0,1,133d9a3b,"OKAY",00000000,0,2,1,0,0,0,0,0,0,0,2,0,1,2,0,1,0,1,0037e400,"INCR",3,ff,0,"Data Secure Unprivileged",0,"4 bytes",0,00000000,"FIXED",0,00,0,"Data Secure Unprivileged",0,"1 byte",0,"OKAY",1,c08d1dae,"OKAY",00000000,0,2,0,1,0,0,0,0,2,0,1,0,2,1,1,1,0,0,3f96d6b8,3,f,1,0,0,00000000,3,1,0,0,1,"No Read Addr Cmds","No Read Addr Cmds","No Write Addr Cmds","No Write Addr Cmds","No Write Responses","No Write Responses","_","_","_","_","_","_","_","_","No Write Data Beats","No Write Data Beats"
758,758,0,0,1,1,0,0,0,8e5ffe20afb76fe31ba56e5faf65c9d2,0,3b9a3d13b8d6963fae1d8dc05a6037b2,0,1,0,1,4dec065a,ffffffdb,0,1,0,0,1,00000000,"FIXED",3,00,"Data Secure Unprivileged","1 byte",0,0,00000000,"INCR",3,00,"Data Secure Unprivileged","4 bytes",0,1,133d9a3b,"OKAY",00000000,0,2,1,0,0,0,0,0,0,0,2,0,1,2,0,1,0,1,0037e400,"INCR",3,ff,0,"Data Secure Unprivileged",0,"4 bytes",0,00000000,"FIXED",0,00,0,"Data Secure Unprivileged",0,"1 byte",0,"OKAY",1,c08d1dae,"OKAY",00000000,0,2,0,1,0,0,0,0,2,0,1,0,2,1,1,1,0,0,3f96d6b8,3,f,1,1,0,3f96d6b8,3,f,1,1,0,"No Read Addr Cmds","No Read Addr Cmds","No Write Addr Cmds","No Write Addr Cmds","No Write Responses","No Write Responses","_","_","Active","Active","_","_","Stream Beat","Stream Beat","No Write Data Beats","No Write Data Beats"
759,759,0,0,1,1,0,0,0,8e5ffe20afb76fe31ba56e5faf65c9d2,0,3b9a3d13b8d6963fae1d8dc05a6037b2,0,1,0,0,4dec065a,ffffffdb,0,1,0,0,1,00000000,"FIXED",3,00,"Data Secure Unprivileged","1 byte",0,0,00000000,"INCR",3,00,"Data Secure Unprivileged","4 bytes",0,1,133d9a3b,"OKAY",00000000,0,2,1,0,0,0,0,0,0,0,2,0,1,2,0,1,0,1,0037e400,"INCR",3,ff,0,"Data Secure Unprivileged",0,"4 bytes",0,00000000,"FIXED",0,00,0,"Data Secure Unprivileged",0,"1 byte",0,"OKAY",1,c08d1dae,"OKAY",00000000,8,2,0,1,4,0,0,1,2,0,1,0,2,1,1,3,1,0,00000000,3,1,1,0,1,3f96d6b8,3,f,0,0,0,"No Read Addr Cmds","No Read Addr Cmds","No Write Addr Cmds","No Write Addr Cmds","No Write Responses","No Write Responses","_","Active","_","_","_","Data Beat","_","_","No Write Data Beats","No Write Data Beats"
760,760,0,0,1,1,0,0,0,8e5ffe20afb76fe31ba56e5faf65c9d2,0,3b9a3d13b8d6963fae1d8dc05a6037b2,0,1,0,1,c8bc59dc,ffffffdb,0,1,0,0,1,00000000,"FIXED",3,00,"Data Secure Unprivileged","1 byte",0,0,00000000,"INCR",3,00,"Data Secure Unprivileged","4 bytes",0,1,3f96d6b8,"OKAY",00000000,0,2,1,0,0,0,0,0,0,0,2,0,1,2,0,1,0,1,0037e400,"INCR",3,ff,0,"Data Secure Unprivileged",0,"4 bytes",0,00000000,"FIXED",0,00,0,"Data Secure Unprivileged",0,"1 byte",0,"OKAY",1,b237605a,"OKAY",00000000,8,2,0,1,4,0,0,1,2,0,1,0,2,1,1,1,0,0,00000000,3,1,1,0,1,3f96d6b8,3,f,0,0,0,"No Read Addr Cmds","No Read Addr Cmds","No Write Addr Cmds","No Write Addr Cmds","No Write Responses","No Write Responses","_","_","_","_","_","_","_","_","No Write Data Beats","No Write Data Beats"
761,761,0,0,1,1,0,0,0,8e5ffe20afb76fe31ba56e5faf65c9d2,0,3b9a3d13b8d6963fae1d8dc05a6037b2,0,1,0,1,c8bc59dc,ffffffdb,0,1,0,0,1,00000000,"FIXED",3,00,"Data Secure Unprivileged","1 byte",0,0,00000000,"INCR",3,00,"Data Secure Unprivileged","4 bytes",0,1,3f96d6b8,"OKAY",00000000,0,2,1,0,0,0,0,0,0,0,2,0,1,2,0,1,0,1,0037e400,"INCR",3,ff,0,"Data Secure Unprivileged",0,"4 bytes",0,00000000,"FIXED",0,00,0,"Data Secure Unprivileged",0,"1 byte",0,"OKAY",1,b237605a,"OKAY",00000000,8,2,0,1,4,0,0,1,2,0,1,0,2,1,1,1,0,0,00000000,3,1,1,0,1,3f96d6b8,3,f,0,0,0,"No Read Addr Cmds","No Read Addr Cmds","No Write Addr Cmds","No Write Addr Cmds","No Write Responses","No Write Responses","_","_","_","_","_","_","_","_","No Write Data Beats","No Write Data Beats"
762,762,0,0,1,1,0,0,0,8e5ffe20afb76fe31ba56e5faf65c9d2,0,3b9a3d13b8d6963fae1d8dc05a6037b2,0,1,0,1,c8bc59dc,ffffffdb,0,1,0,0,1,00000000,"FIXED",3,00,"Data Secure Unprivileged","1 byte",0,0,00000000,"INCR",3,00,"Data Secure Unprivileged","4 bytes",0,1,3f96d6b8,"OKAY",00000000,0,2,1,0,0,0,0,0,0,0,2,0,1,2,0,1,0,1,0037e400,"INCR",3,ff,0,"Data Secure Unprivileged",0,"4 bytes",0,00000000,"FIXED",0,00,0,"Data Secure Unprivileged",0,"1 byte",0,"OKAY",1,b237605a,"OKAY",00000000,8,2,0,1,4,0,0,1,2,0,1,0,2,1,1,1,0,0,00000000,3,1,1,1,1,00000000,3,1,1,1,1,"No Read Addr Cmds","No Read Addr Cmds","No Write Addr Cmds","No Write Addr Cmds","No Write Responses","No Write Responses","_","_","Active","Active","_","_","Last Stream","Last Stream","No Write Data Beats","No Write Data Beats"
763,763,0,0,1,1,0,0,0,8e5ffe20afb76fe31ba56e5faf65c9d2,0,3b9a3d13b8d6963fae1d8dc05a6037b2,0,1,0,1,c8bc59dc,ffffffdb,0,1,0,0,1,00000000,"FIXED",3,00,"Data Secure Unprivileged","1 byte",0,0,00000000,"INCR",3,00,"Data Secure Unprivileged","4 bytes",0,1,3f96d6b8,"OKAY",00000000,0,2,1,0,0,0,0,0,0,0,2,0,1,3,1,1,0,1,0037e400,"INCR",3,ff,0,"Data Secure Unprivileged",0,"4 bytes",0,00000000,"FIXED",0,00,0,"Data Secure Unprivileged",0,"1 byte",0,"OKAY",1,b237605a,"OKAY",00000000,0,2,0,1,0,0,0,0,2,0,1,0,2,1,1,1,0,0,c08d1dae,3,f,0,0,0,00000000,3,1,0,0,1,"No Read Addr Cmds","No Read Addr Cmds","No Write Addr Cmds","No Write Addr Cmds","No Write Responses","No Write Responses","Active","_","_","_","Data Beat","_","_","_","No Write Data Beats","No Write Data Beats"
764,764,0,0,1,1,0,0,0,8e5ffe20afb76fe31ba56e5faf65c9d2,0,3b9a3d13b8d6963fae1d8dc05a6037b2,0,1,0,1,c8bc59dc,ffffffdb,0,1,0,0,1,00000000,"FIXED",3,00,"Data Secure Unprivileged","1 byte",0,0,00000000,"INCR",3,00,"Data Secure Unprivileged","4 bytes",0,1,3f96d6b8,"OKAY",00000000,0,2,1,0,0,0,0,0,0,0,2,0,1,2,0,1,0,1,0037e400,"INCR",3,ff,0,"Data Secure Unprivileged",0,"4 bytes",0,00000000,"FIXED",0,00,0,"Data Secure Unprivileged",0,"1 byte",0,"OKAY",1,b237605a,"OKAY",00000000,0,2,0,1,0,0,0,0,2,0,1,0,2,1,1,1,0,0,c08d1dae,3,f,1,0,0,00000000,3,1,0,0,1,"No Read Addr Cmds","No Read Addr Cmds","No Write Addr Cmds","No Write Addr Cmds","No Write Responses","No Write Responses","_","_","_","_","_","_","_","_","No Write Data Beats","No Write Data Beats"
765,765,0,0,1,1,0,0,0,8e5ffe20afb76fe31ba56e5faf65c9d2,0,3b9a3d13b8d6963fae1d8dc05a6037b2,0,1,0,1,c8bc59dc,ffffffdb,0,1,0,0,1,00000000,"FIXED",3,00,"Data Secure Unprivileged","1 byte",0,0,00000000,"INCR",3,00,"Data Secure Unprivileged","4 bytes",0,1,3f96d6b8,"OKAY",00000000,0,2,1,0,0,0,0,0,0,0,2,0,1,2,0,1,0,1,0037e400,"INCR",3,ff,0,"Data Secure Unprivileged",0,"4 bytes",0,00000000,"FIXED",0,00,0,"Data Secure Unprivileged",0,"1 byte",0,"OKAY",1,b237605a,"OKAY",00000000,0,2,0,1,0,0,0,0,2,0,1,0,2,1,1,1,0,0,c08d1dae,3,f,1,0,0,00000000,3,1,0,0,1,"No Read Addr Cmds","No Read Addr Cmds","No Write Addr Cmds","No Write Addr Cmds","No Write Responses","No Write Responses","_","_","_","_","_","_","_","_","No Write Data Beats","No Write Data Beats"
766,766,0,0,1,1,0,0,0,8e5ffe20afb76fe31ba56e5faf65c9d2,0,3b9a3d13b8d6963fae1d8dc05a6037b2,0,1,0,1,c8bc59dc,ffffffdb,0,1,0,0,1,00000000,"FIXED",3,00,"Data Secure Unprivileged","1 byte",0,0,00000000,"INCR",3,00,"Data Secure Unprivileged","4 bytes",0,1,3f96d6b8,"OKAY",00000000,0,2,1,0,0,0,0,0,0,0,2,0,1,2,0,1,0,1,0037e400,"INCR",3,ff,0,"Data Secure Unprivileged",0,"4 bytes",0,00000000,"FIXED",0,00,0,"Data Secure Unprivileged",0,"1 byte",0,"OKAY",1,b237605a,"OKAY",00000000,0,2,0,1,0,0,0,0,2,0,1,0,2,1,1,1,0,0,c08d1dae,3,f,1,1,0,c08d1dae,3,f,1,1,0,"No Read Addr Cmds","No Read Addr Cmds","No Write Addr Cmds","No Write Addr Cmds","No Write Responses","No Write Responses","_","_","Active","Active","_","_","Stream Beat","Stream Beat","No Write Data Beats","No Write Data Beats"
767,767,0,0,1,1,0,0,0,8e5ffe20afb76fe31ba56e5faf65c9d2,0,3b9a3d13b8d6963fae1d8dc05a6037b2,0,1,0,0,c8bc59dc,ffffffdb,0,1,0,0,1,00000000,"FIXED",3,00,"Data Secure Unprivileged","1 byte",0,0,00000000,"INCR",3,00,"Data Secure Unprivileged","4 bytes",0,1,3f96d6b8,"SLVERR",00000000,0,2,1,0,0,0,0,0,0,0,2,0,1,6,0,1,1,1,0037e400,"INCR",3,ff,0,"Data Secure Unprivileged",0,"4 bytes",0,00000000,"FIXED",0,00,0,"Data Secure Unprivileged",0,"1 byte",0,"OKAY",1,b237605a,"OKAY",00000000,e,2,0,1,0,0,0,0,2,0,1,0,2,1,1,3,1,0,00000000,3,1,1,0,1,c08d1dae,3,f,0,0,0,"No Read Addr Cmds","No Read Addr Cmds","No Write Addr Cmds","No Write Addr Cmds","No Write Responses","No Write Responses","_","Active","_","_","_","Data Beat","_","_","No Write Data Beats","No Write Data Beats"
768,768,0,0,1,1,0,0,0,8e5ffe20afb76fe31ba56e5faf65c9d2,0,3b9a3d13b8d6963fae1d8dc05a6037b2,0,1,0,1,fc696b1d,ffffffdb,0,1,0,0,1,00000000,"FIXED",3,00,"Data Secure Unprivileged","1 byte",0,0,00000000,"INCR",3,00,"Data Secure Unprivileged","4 bytes",0,1,c08d1dae,"SLVERR",00000000,0,2,1,0,0,0,0,0,0,0,2,0,1,6,0,1,1,1,0037e400,"INCR",3,ff,0,"Data Secure Unprivileged",0,"4 bytes",0,00000000,"FIXED",0,00,0,"Data Secure Unprivileged",0,"1 byte",0,"OKAY",1,133d9a3b,"OKAY",00000000,e,2,0,1,0,0,0,0,2,0,1,0,2,1,1,1,0,0,00000000,3,1,1,0,1,c08d1dae,3,f,0,0,0,"No Read Addr Cmds","No Read Addr Cmds","No Write Addr Cmds","No Write Addr Cmds","No Write Responses","No Write Responses","_","_","_","_","_","_","_","_","No Write Data Beats","No Write Data Beats"
769,769,0,0,1,1,0,0,0,8e5ffe20afb76fe31ba56e5faf65c9d2,0,3b9a3d13b8d6963fae1d8dc05a6037b2,0,1,0,1,fc696b1d,ffffffdb,0,1,0,0,1,00000000,"FIXED",3,00,"Data Secure Unprivileged","1 byte",0,0,00000000,"INCR",3,00,"Data Secure Unprivileged","4 bytes",0,1,c08d1dae,"SLVERR",00000000,0,2,1,0,0,0,0,0,0,0,2,0,1,6,0,1,1,1,0037e400,"INCR",3,ff,0,"Data Secure Unprivileged",0,"4 bytes",0,00000000,"FIXED",0,00,0,"Data Secure Unprivileged",0,"1 byte",0,"OKAY",1,133d9a3b,"OKAY",00000000,e,2,0,1,0,0,0,0,2,0,1,0,2,1,1,1,0,0,00000000,3,1,1,0,1,c08d1dae,3,f,0,0,0,"No Read Addr Cmds","No Read Addr Cmds","No Write Addr Cmds","No Write Addr Cmds","No Write Responses","No Write Responses","_","_","_","_","_","_","_","_","No Write Data Beats","No Write Data Beats"
770,770,0,0,1,1,0,0,0,8e5ffe20afb76fe31ba56e5faf65c9d2,0,3b9a3d13b8d6963fae1d8dc05a6037b2,0,1,0,1,fc696b1d,ffffffdb,0,1,0,0,1,00000000,"FIXED",3,00,"Data Secure Unprivileged","1 byte",0,0,00000000,"INCR",3,00,"Data Secure Unprivileged","4 bytes",0,1,c08d1dae,"SLVERR",00000000,0,2,1,0,0,0,0,0,0,0,2,0,1,6,0,1,1,1,0037e400,"INCR",3,ff,0,"Data Secure Unprivileged",0,"4 bytes",0,00000000,"FIXED",0,00,0,"Data Secure Unprivileged",0,"1 byte",0,"OKAY",1,133d9a3b,"OKAY",00000000,e,2,0,1,0,0,0,0,2,0,1,0,2,1,1,1,0,0,00000000,3,1,1,1,1,00000000,3,1,1,1,1,"No Read Addr Cmds","No Read Addr Cmds","No Write Addr Cmds","No Write Addr Cmds","No Write Responses","No Write Responses","_","_","Active","Active","_","_","Last Stream","Last Stream","No Write Data Beats","No Write Data Beats"
771,771,0,0,1,1,0,0,0,8e5ffe20afb76fe31ba56e5faf65c9d2,0,3b9a3d13b8d6963fae1d8dc05a6037b2,0,1,0,1,fc696b1d,ffffffdb,0,1,0,0,1,00000000,"FIXED",3,00,"Data Secure Unprivileged","1 byte",0,0,00000000,"INCR",3,00,"Data Secure Unprivileged","4 bytes",0,1,c08d1dae,"OKAY",00000000,0,2,1,0,0,0,0,0,0,0,2,0,1,3,1,1,0,1,0037e400,"INCR",3,ff,0,"Data Secure Unprivileged",0,"4 bytes",0,00000000,"FIXED",0,00,0,"Data Secure Unprivileged",0,"1 byte",0,"OKAY",1,133d9a3b,"OKAY",00000000,0,2,0,1,0,0,0,0,2,0,1,0,2,1,1,1,0,0,b237605a,3,f,0,0,0,00000000,3,1,0,0,1,"No Read Addr Cmds","No Read Addr Cmds","No Write Addr Cmds","No Write Addr Cmds","No Write Responses","No Write Responses","Active","_","_","_","Data Beat","_","_","_","No Write Data Beats","No Write Data Beats"
772,772,0,0,1,1,0,0,0,8e5ffe20afb76fe31ba56e5faf65c9d2,0,3b9a3d13b8d6963fae1d8dc05a6037b2,0,1,0,1,fc696b1d,ffffffdb,0,1,0,0,1,00000000,"FIXED",3,00,"Data Secure Unprivileged","1 byte",0,0,00000000,"INCR",3,00,"Data Secure Unprivileged","4 bytes",0,1,c08d1dae,"OKAY",00000000,0,2,1,0,0,0,0,0,0,0,2,0,1,2,0,1,0,1,0037e400,"INCR",3,ff,0,"Data Secure Unprivileged",0,"4 bytes",0,00000000,"FIXED",0,00,0,"Data Secure Unprivileged",0,"1 byte",0,"OKAY",1,133d9a3b,"OKAY",00000000,0,2,0,1,0,0,0,0,2,0,1,0,2,1,1,1,0,0,b237605a,3,f,1,0,0,00000000,3,1,0,0,1,"No Read Addr Cmds","No Read Addr Cmds","No Write Addr Cmds","No Write Addr Cmds","No Write Responses","No Write Responses","_","_","_","_","_","_","_","_","No Write Data Beats","No Write Data Beats"
773,773,0,0,1,1,0,0,0,8e5ffe20afb76fe31ba56e5faf65c9d2,0,3b9a3d13b8d6963fae1d8dc05a6037b2,0,1,0,1,fc696b1d,ffffffdb,0,1,0,0,1,00000000,"FIXED",3,00,"Data Secure Unprivileged","1 byte",0,0,00000000,"INCR",3,00,"Data Secure Unprivileged","4 bytes",0,1,c08d1dae,"OKAY",00000000,0,2,1,0,0,0,0,0,0,0,2,0,1,2,0,1,0,1,0037e400,"INCR",3,ff,0,"Data Secure Unprivileged",0,"4 bytes",0,00000000,"FIXED",0,00,0,"Data Secure Unprivileged",0,"1 byte",0,"OKAY",1,133d9a3b,"OKAY",00000000,0,2,0,1,0,0,0,0,2,0,1,0,2,1,1,1,0,0,b237605a,3,f,1,0,0,00000000,3,1,0,0,1,"No Read Addr Cmds","No Read Addr Cmds","No Write Addr Cmds","No Write Addr Cmds","No Write Responses","No Write Responses","_","_","_","_","_","_","_","_","No Write Data Beats","No Write Data Beats"
774,774,0,0,1,1,0,0,0,8e5ffe20afb76fe31ba56e5faf65c9d2,0,3b9a3d13b8d6963fae1d8dc05a6037b2,0,1,0,1,fc696b1d,ffffffdb,0,1,0,0,1,00000000,"FIXED",3,00,"Data Secure Unprivileged","1 byte",0,0,00000000,"INCR",3,00,"Data Secure Unprivileged","4 bytes",0,1,c08d1dae,"OKAY",00000000,0,2,1,0,0,0,0,0,0,0,2,0,1,2,0,1,0,1,0037e400,"INCR",3,ff,0,"Data Secure Unprivileged",0,"4 bytes",0,00000000,"FIXED",0,00,0,"Data Secure Unprivileged",0,"1 byte",0,"OKAY",1,133d9a3b,"OKAY",00000000,0,2,0,1,0,0,0,0,2,0,1,0,2,1,1,1,0,0,b237605a,3,f,1,1,0,b237605a,3,f,1,1,0,"No Read Addr Cmds","No Read Addr Cmds","No Write Addr Cmds","No Write Addr Cmds","No Write Responses","No Write Responses","_","_","Active","Active","_","_","Stream Beat","Stream Beat","No Write Data Beats","No Write Data Beats"
775,775,0,0,1,1,0,0,0,8e5ffe20afb76fe31ba56e5faf65c9d2,0,3b9a3d13b8d6963fae1d8dc05a6037b2,0,1,0,0,fc696b1d,ffffffdb,0,1,0,0,1,00000000,"FIXED",3,00,"Data Secure Unprivileged","1 byte",0,0,00000000,"INCR",3,00,"Data Secure Unprivileged","4 bytes",0,1,c08d1dae,"SLVERR",00000000,0,2,1,0,0,0,0,0,0,0,2,0,1,2,0,1,0,1,0037e400,"INCR",3,ff,0,"Data Secure Unprivileged",0,"4 bytes",0,00000000,"FIXED",0,00,0,"Data Secure Unprivileged",0,"1 byte",0,"OKAY",1,133d9a3b,"OKAY",00000000,a,2,0,1,4,0,0,1,2,0,1,0,2,1,1,3,1,0,00000000,3,1,1,0,1,b237605a,3,f,0,0,0,"No Read Addr Cmds","No Read Addr Cmds","No Write Addr Cmds","No Write Addr Cmds","No Write Responses","No Write Responses","_","Active","_","_","_","Data Beat","_","_","No Write Data Beats","No Write Data Beats"
776,776,0,0,1,1,0,0,0,8e5ffe20afb76fe31ba56e5faf65c9d2,0,3b9a3d13b8d6963fae1d8dc05a6037b2,0,1,0,1,03b1b875,ffffffdb,0,1,0,0,1,00000000,"FIXED",3,00,"Data Secure Unprivileged","1 byte",0,0,00000000,"INCR",3,00,"Data Secure Unprivileged","4 bytes",0,1,b237605a,"SLVERR",00000000,0,2,1,0,0,0,0,0,0,0,2,0,1,2,0,1,0,1,0037e400,"INCR",3,ff,0,"Data Secure Unprivileged",0,"4 bytes",0,00000000,"FIXED",0,00,0,"Data Secure Unprivileged",0,"1 byte",0,"OKAY",1,3f96d6b8,"OKAY",00000000,a,2,0,1,4,0,0,1,2,0,1,0,2,1,1,1,0,0,00000000,3,1,1,0,1,b237605a,3,f,0,0,0,"No Read Addr Cmds","No Read Addr Cmds","No Write Addr Cmds","No Write Addr Cmds","No Write Responses","No Write Responses","_","_","_","_","_","_","_","_","No Write Data Beats","No Write Data Beats"
777,777,0,0,1,1,0,0,0,8e5ffe20afb76fe31ba56e5faf65c9d2,0,3b9a3d13b8d6963fae1d8dc05a6037b2,0,1,0,1,03b1b875,ffffffdb,0,1,0,0,1,00000000,"FIXED",3,00,"Data Secure Unprivileged","1 byte",0,0,00000000,"INCR",3,00,"Data Secure Unprivileged","4 bytes",0,1,b237605a,"SLVERR",00000000,0,2,1,0,0,0,0,0,0,0,2,0,1,2,0,1,0,1,0037e400,"INCR",3,ff,0,"Data Secure Unprivileged",0,"4 bytes",0,00000000,"FIXED",0,00,0,"Data Secure Unprivileged",0,"1 byte",0,"OKAY",1,3f96d6b8,"OKAY",00000000,a,2,0,1,4,0,0,1,2,0,1,0,2,1,1,1,0,0,00000000,3,1,1,0,1,b237605a,3,f,0,0,0,"No Read Addr Cmds","No Read Addr Cmds","No Write Addr Cmds","No Write Addr Cmds","No Write Responses","No Write Responses","_","_","_","_","_","_","_","_","No Write Data Beats","No Write Data Beats"
778,778,0,0,1,1,0,0,0,8e5ffe20afb76fe31ba56e5faf65c9d2,0,3b9a3d13b8d6963fae1d8dc05a6037b2,0,1,0,1,03b1b875,ffffffdb,0,1,0,0,1,00000000,"FIXED",3,00,"Data Secure Unprivileged","1 byte",0,0,00000000,"INCR",3,00,"Data Secure Unprivileged","4 bytes",0,1,b237605a,"SLVERR",00000000,0,2,1,0,0,0,0,0,0,0,2,0,1,2,0,1,0,1,0037e400,"INCR",3,ff,0,"Data Secure Unprivileged",0,"4 bytes",0,00000000,"FIXED",0,00,0,"Data Secure Unprivileged",0,"1 byte",0,"OKAY",1,3f96d6b8,"OKAY",00000000,a,2,0,1,4,0,0,1,2,0,1,0,2,1,1,1,0,0,00000000,3,1,1,1,1,00000000,3,1,1,1,1,"No Read Addr Cmds","No Read Addr Cmds","No Write Addr Cmds","No Write Addr Cmds","No Write Responses","No Write Responses","_","_","Active","Active","_","_","Last Stream","Last Stream","No Write Data Beats","No Write Data Beats"
779,779,0,0,1,1,0,0,0,8e5ffe20afb76fe31ba56e5faf65c9d2,0,3b9a3d13b8d6963fae1d8dc05a6037b2,0,1,0,1,03b1b875,ffffffdb,0,1,0,0,1,00000000,"FIXED",3,00,"Data Secure Unprivileged","1 byte",0,0,00000000,"INCR",3,00,"Data Secure Unprivileged","4 bytes",0,1,b237605a,"OKAY",00000000,0,2,1,0,0,0,0,0,0,0,2,0,1,3,1,1,0,1,0037e400,"INCR",3,ff,0,"Data Secure Unprivileged",0,"4 bytes",0,00000000,"FIXED",0,00,0,"Data Secure Unprivileged",0,"1 byte",0,"OKAY",1,3f96d6b8,"OKAY",00000000,0,2,0,1,0,0,0,0,2,0,1,0,2,1,1,1,0,0,133d9a3b,3,f,0,0,0,00000000,3,1,0,0,1,"No Read Addr Cmds","No Read Addr Cmds","No Write Addr Cmds","No Write Addr Cmds","No Write Responses","No Write Responses","Active","_","_","_","Data Beat","_","_","_","No Write Data Beats","No Write Data Beats"
780,780,0,0,1,1,0,0,0,8e5ffe20afb76fe31ba56e5faf65c9d2,0,3b9a3d13b8d6963fae1d8dc05a6037b2,0,1,0,1,03b1b875,ffffffdb,0,1,0,0,1,00000000,"FIXED",3,00,"Data Secure Unprivileged","1 byte",0,0,00000000,"INCR",3,00,"Data Secure Unprivileged","4 bytes",0,1,b237605a,"OKAY",00000000,0,2,1,0,0,0,0,0,0,0,2,0,1,2,0,1,0,1,0037e400,"INCR",3,ff,0,"Data Secure Unprivileged",0,"4 bytes",0,00000000,"FIXED",0,00,0,"Data Secure Unprivileged",0,"1 byte",0,"OKAY",1,3f96d6b8,"OKAY",00000000,0,2,0,1,0,0,0,0,2,0,1,0,2,1,1,1,0,0,133d9a3b,3,f,1,0,0,00000000,3,1,0,0,1,"No Read Addr Cmds","No Read Addr Cmds","No Write Addr Cmds","No Write Addr Cmds","No Write Responses","No Write Responses","_","_","_","_","_","_","_","_","No Write Data Beats","No Write Data Beats"
781,781,0,0,1,1,0,0,0,8e5ffe20afb76fe31ba56e5faf65c9d2,0,3b9a3d13b8d6963fae1d8dc05a6037b2,0,1,0,1,03b1b875,ffffffdb,0,1,0,0,1,00000000,"FIXED",3,00,"Data Secure Unprivileged","1 byte",0,0,00000000,"INCR",3,00,"Data Secure Unprivileged","4 bytes",0,1,b237605a,"OKAY",00000000,0,2,1,0,0,0,0,0,0,0,2,0,1,2,0,1,0,1,0037e400,"INCR",3,ff,0,"Data Secure Unprivileged",0,"4 bytes",0,00000000,"FIXED",0,00,0,"Data Secure Unprivileged",0,"1 byte",0,"OKAY",1,3f96d6b8,"OKAY",00000000,0,2,0,1,0,0,0,0,2,0,1,0,2,1,1,1,0,0,133d9a3b,3,f,1,0,0,00000000,3,1,0,0,1,"No Read Addr Cmds","No Read Addr Cmds","No Write Addr Cmds","No Write Addr Cmds","No Write Responses","No Write Responses","_","_","_","_","_","_","_","_","No Write Data Beats","No Write Data Beats"
782,782,0,0,1,1,0,0,0,8e5ffe20afb76fe31ba56e5faf65c9d2,0,3b9a3d13b8d6963fae1d8dc05a6037b2,0,1,0,1,03b1b875,ffffffdb,0,1,0,0,1,00000000,"FIXED",3,00,"Data Secure Unprivileged","1 byte",0,0,00000000,"INCR",3,00,"Data Secure Unprivileged","4 bytes",0,1,b237605a,"OKAY",00000000,0,2,1,0,0,0,0,0,0,0,2,0,1,2,0,1,0,1,0037e400,"INCR",3,ff,0,"Data Secure Unprivileged",0,"4 bytes",0,00000000,"FIXED",0,00,0,"Data Secure Unprivileged",0,"1 byte",0,"OKAY",1,3f96d6b8,"OKAY",00000000,0,2,0,1,0,0,0,0,2,0,1,0,2,1,1,1,0,0,133d9a3b,3,f,1,1,0,133d9a3b,3,f,1,1,0,"No Read Addr Cmds","No Read Addr Cmds","No Write Addr Cmds","No Write Addr Cmds","No Write Responses","No Write Responses","_","_","Active","Active","_","_","Stream Beat","Stream Beat","No Write Data Beats","No Write Data Beats"
783,783,0,0,1,1,0,0,0,8e5ffe20afb76fe31ba56e5faf65c9d2,0,3b9a3d13b8d6963fae1d8dc05a6037b2,0,1,0,0,03b1b875,ffffffdb,0,1,0,0,1,00000000,"FIXED",3,00,"Data Secure Unprivileged","1 byte",0,0,00000000,"INCR",3,00,"Data Secure Unprivileged","4 bytes",0,1,b237605a,"DECERR",00000000,0,2,1,0,0,0,0,0,0,0,2,0,1,2,0,1,0,1,0037e400,"INCR",3,ff,0,"Data Secure Unprivileged",0,"4 bytes",0,00000000,"FIXED",0,00,0,"Data Secure Unprivileged",0,"1 byte",0,"OKAY",1,3f96d6b8,"OKAY",00000000,b,2,0,1,4,0,0,1,2,0,1,0,2,1,1,3,1,0,00000000,3,1,1,0,1,133d9a3b,3,f,0,0,0,"No Read Addr Cmds","No Read Addr Cmds","No Write Addr Cmds","No Write Addr Cmds","No Write Responses","No Write Responses","_","Active","_","_","_","Data Beat","_","_","No Write Data Beats","No Write Data Beats"
784,784,0,0,1,1,0,0,0,8e5ffe20afb76fe31ba56e5faf65c9d2,0,3b9a3d13b8d6963fae1d8dc05a6037b2,0,1,0,1,4dec065a,ffffffdb,0,1,0,0,1,00000000,"FIXED",3,00,"Data Secure Unprivileged","1 byte",0,0,00000000,"INCR",3,00,"Data Secure Unprivileged","4 bytes",0,1,133d9a3b,"DECERR",00000000,0,2,1,0,0,0,0,0,0,0,2,0,1,2,0,1,0,1,0037e400,"INCR",3,ff,0,"Data Secure Unprivileged",0,"4 bytes",0,00000000,"FIXED",0,00,0,"Data Secure Unprivileged",0,"1 byte",0,"OKAY",1,c08d1dae,"OKAY",00000000,b,2,0,1,4,0,0,1,2,0,1,0,2,1,1,1,0,0,00000000,3,1,1,0,1,133d9a3b,3,f,0,0,0,"No Read Addr Cmds","No Read Addr Cmds","No Write Addr Cmds","No Write Addr Cmds","No Write Responses","No Write Responses","_","_","_","_","_","_","_","_","No Write Data Beats","No Write Data Beats"
785,785,0,0,1,1,0,0,0,8e5ffe20afb76fe31ba56e5faf65c9d2,0,3b9a3d13b8d6963fae1d8dc05a6037b2,0,1,0,1,4dec065a,ffffffdb,0,1,0,0,1,00000000,"FIXED",3,00,"Data Secure Unprivileged","1 byte",0,0,00000000,"INCR",3,00,"Data Secure Unprivileged","4 bytes",0,1,133d9a3b,"DECERR",00000000,0,2,1,0,0,0,0,0,0,0,2,0,1,2,0,1,0,1,0037e400,"INCR",3,ff,0,"Data Secure Unprivileged",0,"4 bytes",0,00000000,"FIXED",0,00,0,"Data Secure Unprivileged",0,"1 byte",0,"OKAY",1,c08d1dae,"OKAY",00000000,b,2,0,1,4,0,0,1,2,0,1,0,2,1,1,1,0,0,00000000,3,1,1,0,1,133d9a3b,3,f,0,0,0,"No Read Addr Cmds","No Read Addr Cmds","No Write Addr Cmds","No Write Addr Cmds","No Write Responses","No Write Responses","_","_","_","_","_","_","_","_","No Write Data Beats","No Write Data Beats"
786,786,0,0,1,1,0,0,0,8e5ffe20afb76fe31ba56e5faf65c9d2,0,3b9a3d13b8d6963fae1d8dc05a6037b2,0,1,0,1,4dec065a,ffffffdb,0,1,0,0,1,00000000,"FIXED",3,00,"Data Secure Unprivileged","1 byte",0,0,00000000,"INCR",3,00,"Data Secure Unprivileged","4 bytes",0,1,133d9a3b,"DECERR",00000000,0,2,1,0,0,0,0,0,0,0,2,0,1,2,0,1,0,1,0037e400,"INCR",3,ff,0,"Data Secure Unprivileged",0,"4 bytes",0,00000000,"FIXED",0,00,0,"Data Secure Unprivileged",0,"1 byte",0,"OKAY",1,c08d1dae,"OKAY",00000000,b,2,0,1,4,0,0,1,2,0,1,0,2,1,1,1,0,0,00000000,3,1,1,1,1,00000000,3,1,1,1,1,"No Read Addr Cmds","No Read Addr Cmds","No Write Addr Cmds","No Write Addr Cmds","No Write Responses","No Write Responses","_","_","Active","Active","_","_","Last Stream","Last Stream","No Write Data Beats","No Write Data Beats"
787,787,0,0,1,1,0,0,0,8e5ffe20afb76fe31ba56e5faf65c9d2,0,3b9a3d13b8d6963fae1d8dc05a6037b2,0,1,0,1,4dec065a,ffffffdb,0,1,0,0,1,00000000,"FIXED",3,00,"Data Secure Unprivileged","1 byte",0,0,00000000,"INCR",3,00,"Data Secure Unprivileged","4 bytes",0,1,133d9a3b,"OKAY",00000000,0,2,1,0,0,0,0,0,0,0,2,0,1,3,1,1,0,1,0037e400,"INCR",3,ff,0,"Data Secure Unprivileged",0,"4 bytes",0,00000000,"FIXED",0,00,0,"Data Secure Unprivileged",0,"1 byte",0,"OKAY",1,c08d1dae,"OKAY",00000000,0,2,0,1,0,0,0,0,2,0,1,0,2,1,1,1,0,0,3f96d6b8,3,f,0,0,0,00000000,3,1,0,0,1,"No Read Addr Cmds","No Read Addr Cmds","No Write Addr Cmds","No Write Addr Cmds","No Write Responses","No Write Responses","Active","_","_","_","Data Beat","_","_","_","No Write Data Beats","No Write Data Beats"
788,788,0,0,1,1,0,0,0,8e5ffe20afb76fe31ba56e5faf65c9d2,0,3b9a3d13b8d6963fae1d8dc05a6037b2,0,1,0,1,4dec065a,ffffffdb,0,1,0,0,1,00000000,"FIXED",3,00,"Data Secure Unprivileged","1 byte",0,0,00000000,"INCR",3,00,"Data Secure Unprivileged","4 bytes",0,1,133d9a3b,"OKAY",00000000,0,2,1,0,0,0,0,0,0,0,2,0,1,2,0,1,0,1,0037e400,"INCR",3,ff,0,"Data Secure Unprivileged",0,"4 bytes",0,00000000,"FIXED",0,00,0,"Data Secure Unprivileged",0,"1 byte",0,"OKAY",1,c08d1dae,"OKAY",00000000,0,2,0,1,0,0,0,0,2,0,1,0,2,1,1,1,0,0,3f96d6b8,3,f,1,0,0,00000000,3,1,0,0,1,"No Read Addr Cmds","No Read Addr Cmds","No Write Addr Cmds","No Write Addr Cmds","No Write Responses","No Write Responses","_","_","_","_","_","_","_","_","No Write Data Beats","No Write Data Beats"
789,789,0,0,1,1,0,0,0,8e5ffe20afb76fe31ba56e5faf65c9d2,0,3b9a3d13b8d6963fae1d8dc05a6037b2,0,1,0,1,4dec065a,ffffffdb,0,1,0,0,1,00000000,"FIXED",3,00,"Data Secure Unprivileged","1 byte",0,0,00000000,"INCR",3,00,"Data Secure Unprivileged","4 bytes",0,1,133d9a3b,"OKAY",00000000,0,2,1,0,0,0,0,0,0,0,2,0,1,2,0,1,0,1,0037e400,"INCR",3,ff,0,"Data Secure Unprivileged",0,"4 bytes",0,00000000,"FIXED",0,00,0,"Data Secure Unprivileged",0,"1 byte",0,"OKAY",1,c08d1dae,"OKAY",00000000,0,2,0,1,0,0,0,0,2,0,1,0,2,1,1,1,0,0,3f96d6b8,3,f,1,0,0,00000000,3,1,0,0,1,"No Read Addr Cmds","No Read Addr Cmds","No Write Addr Cmds","No Write Addr Cmds","No Write Responses","No Write Responses","_","_","_","_","_","_","_","_","No Write Data Beats","No Write Data Beats"
790,790,0,0,1,1,0,0,0,8e5ffe20afb76fe31ba56e5faf65c9d2,0,3b9a3d13b8d6963fae1d8dc05a6037b2,0,1,0,1,4dec065a,ffffffdb,0,1,0,0,1,00000000,"FIXED",3,00,"Data Secure Unprivileged","1 byte",0,0,00000000,"INCR",3,00,"Data Secure Unprivileged","4 bytes",0,1,133d9a3b,"OKAY",00000000,0,2,1,0,0,0,0,0,0,0,2,0,1,2,0,1,0,1,0037e400,"INCR",3,ff,0,"Data Secure Unprivileged",0,"4 bytes",0,00000000,"FIXED",0,00,0,"Data Secure Unprivileged",0,"1 byte",0,"OKAY",1,c08d1dae,"OKAY",00000000,0,2,0,1,0,0,0,0,2,0,1,0,2,1,1,1,0,0,3f96d6b8,3,f,1,1,0,3f96d6b8,3,f,1,1,0,"No Read Addr Cmds","No Read Addr Cmds","No Write Addr Cmds","No Write Addr Cmds","No Write Responses","No Write Responses","_","_","Active","Active","_","_","Stream Beat","Stream Beat","No Write Data Beats","No Write Data Beats"
791,791,0,0,1,1,0,0,0,8e5ffe20afb76fe31ba56e5faf65c9d2,0,3b9a3d13b8d6963fae1d8dc05a6037b2,0,1,0,0,4dec065a,ffffffdb,0,1,0,0,1,00000000,"FIXED",3,00,"Data Secure Unprivileged","1 byte",0,0,00000000,"INCR",3,00,"Data Secure Unprivileged","4 bytes",0,1,133d9a3b,"OKAY",00000000,0,2,1,0,0,0,0,0,0,0,2,0,1,2,0,1,0,1,0037e400,"INCR",3,ff,0,"Data Secure Unprivileged",0,"4 bytes",0,00000000,"FIXED",0,00,0,"Data Secure Unprivileged",0,"1 byte",0,"OKAY",1,c08d1dae,"OKAY",00000000,8,2,0,1,4,0,0,1,2,0,1,0,2,1,1,3,1,0,00000000,3,1,1,0,1,3f96d6b8,3,f,0,0,0,"No Read Addr Cmds","No Read Addr Cmds","No Write Addr Cmds","No Write Addr Cmds","No Write Responses","No Write Responses","_","Active","_","_","_","Data Beat","_","_","No Write Data Beats","No Write Data Beats"
792,792,0,0,1,1,0,0,0,8e5ffe20afb76fe31ba56e5faf65c9d2,0,3b9a3d13b8d6963fae1d8dc05a6037b2,0,1,0,1,c8bc59dc,ffffffdb,0,1,0,0,1,00000000,"FIXED",3,00,"Data Secure Unprivileged","1 byte",0,0,00000000,"INCR",3,00,"Data Secure Unprivileged","4 bytes",0,1,3f96d6b8,"OKAY",00000000,0,2,1,0,0,0,0,0,0,0,2,0,1,2,0,1,0,1,0037e400,"INCR",3,ff,0,"Data Secure Unprivileged",0,"4 bytes",0,00000000,"FIXED",0,00,0,"Data Secure Unprivileged",0,"1 byte",0,"OKAY",1,b237605a,"OKAY",00000000,8,2,0,1,4,0,0,1,2,0,1,0,2,1,1,1,0,0,00000000,3,1,1,0,1,3f96d6b8,3,f,0,0,0,"No Read Addr Cmds","No Read Addr Cmds","No Write Addr Cmds","No Write Addr Cmds","No Write Responses","No Write Responses","_","_","_","_","_","_","_","_","No Write Data Beats","No Write Data Beats"
793,793,0,0,1,1,0,0,0,8e5ffe20afb76fe31ba56e5faf65c9d2,0,3b9a3d13b8d6963fae1d8dc05a6037b2,0,1,0,1,c8bc59dc,ffffffdb,0,1,0,0,1,00000000,"FIXED",3,00,"Data Secure Unprivileged","1 byte",0,0,00000000,"INCR",3,00,"Data Secure Unprivileged","4 bytes",0,1,3f96d6b8,"OKAY",00000000,0,2,1,0,0,0,0,0,0,0,2,0,1,2,0,1,0,1,0037e400,"INCR",3,ff,0,"Data Secure Unprivileged",0,"4 bytes",0,00000000,"FIXED",0,00,0,"Data Secure Unprivileged",0,"1 byte",0,"OKAY",1,b237605a,"OKAY",00000000,8,2,0,1,4,0,0,1,2,0,1,0,2,1,1,1,0,0,00000000,3,1,1,0,1,3f96d6b8,3,f,0,0,0,"No Read Addr Cmds","No Read Addr Cmds","No Write Addr Cmds","No Write Addr Cmds","No Write Responses","No Write Responses","_","_","_","_","_","_","_","_","No Write Data Beats","No Write Data Beats"
794,794,0,0,1,1,0,0,0,8e5ffe20afb76fe31ba56e5faf65c9d2,0,3b9a3d13b8d6963fae1d8dc05a6037b2,0,1,0,1,c8bc59dc,ffffffdb,0,1,0,0,1,00000000,"FIXED",3,00,"Data Secure Unprivileged","1 byte",0,0,00000000,"INCR",3,00,"Data Secure Unprivileged","4 bytes",0,1,3f96d6b8,"OKAY",00000000,0,2,1,0,0,0,0,0,0,0,2,0,1,2,0,1,0,1,0037e400,"INCR",3,ff,0,"Data Secure Unprivileged",0,"4 bytes",0,00000000,"FIXED",0,00,0,"Data Secure Unprivileged",0,"1 byte",0,"OKAY",1,b237605a,"OKAY",00000000,8,2,0,1,4,0,0,1,2,0,1,0,2,1,1,1,0,0,00000000,3,1,1,1,1,00000000,3,1,1,1,1,"No Read Addr Cmds","No Read Addr Cmds","No Write Addr Cmds","No Write Addr Cmds","No Write Responses","No Write Responses","_","_","Active","Active","_","_","Last Stream","Last Stream","No Write Data Beats","No Write Data Beats"
795,795,0,0,1,1,0,0,0,8e5ffe20afb76fe31ba56e5faf65c9d2,0,3b9a3d13b8d6963fae1d8dc05a6037b2,0,1,0,1,c8bc59dc,ffffffdb,0,1,0,0,1,00000000,"FIXED",3,00,"Data Secure Unprivileged","1 byte",0,0,00000000,"INCR",3,00,"Data Secure Unprivileged","4 bytes",0,1,3f96d6b8,"OKAY",00000000,0,2,1,0,0,0,0,0,0,0,2,0,1,3,1,1,0,1,0037e400,"INCR",3,ff,0,"Data Secure Unprivileged",0,"4 bytes",0,00000000,"FIXED",0,00,0,"Data Secure Unprivileged",0,"1 byte",0,"OKAY",1,b237605a,"OKAY",00000000,0,2,0,1,0,0,0,0,2,0,1,0,2,1,1,1,0,0,c08d1dae,3,f,0,0,0,00000000,3,1,0,0,1,"No Read Addr Cmds","No Read Addr Cmds","No Write Addr Cmds","No Write Addr Cmds","No Write Responses","No Write Responses","Active","_","_","_","Data Beat","_","_","_","No Write Data Beats","No Write Data Beats"
796,796,0,0,1,1,0,0,0,8e5ffe20afb76fe31ba56e5faf65c9d2,0,3b9a3d13b8d6963fae1d8dc05a6037b2,0,1,0,1,c8bc59dc,ffffffdb,0,1,0,0,1,00000000,"FIXED",3,00,"Data Secure Unprivileged","1 byte",0,0,00000000,"INCR",3,00,"Data Secure Unprivileged","4 bytes",0,1,3f96d6b8,"OKAY",00000000,0,2,1,0,0,0,0,0,0,0,2,0,1,2,0,1,0,1,0037e400,"INCR",3,ff,0,"Data Secure Unprivileged",0,"4 bytes",0,00000000,"FIXED",0,00,0,"Data Secure Unprivileged",0,"1 byte",0,"OKAY",1,b237605a,"OKAY",00000000,0,2,0,1,0,0,0,0,2,0,1,0,2,1,1,1,0,0,c08d1dae,3,f,1,0,0,00000000,3,1,0,0,1,"No Read Addr Cmds","No Read Addr Cmds","No Write Addr Cmds","No Write Addr Cmds","No Write Responses","No Write Responses","_","_","_","_","_","_","_","_","No Write Data Beats","No Write Data Beats"
797,797,0,0,1,1,0,0,0,8e5ffe20afb76fe31ba56e5faf65c9d2,0,3b9a3d13b8d6963fae1d8dc05a6037b2,0,1,0,1,c8bc59dc,ffffffdb,0,1,0,0,1,00000000,"FIXED",3,00,"Data Secure Unprivileged","1 byte",0,0,00000000,"INCR",3,00,"Data Secure Unprivileged","4 bytes",0,1,3f96d6b8,"OKAY",00000000,0,2,1,0,0,0,0,0,0,0,2,0,1,2,0,1,0,1,0037e400,"INCR",3,ff,0,"Data Secure Unprivileged",0,"4 bytes",0,00000000,"FIXED",0,00,0,"Data Secure Unprivileged",0,"1 byte",0,"OKAY",1,b237605a,"OKAY",00000000,0,2,0,1,0,0,0,0,2,0,1,0,2,1,1,1,0,0,c08d1dae,3,f,1,0,0,00000000,3,1,0,0,1,"No Read Addr Cmds","No Read Addr Cmds","No Write Addr Cmds","No Write Addr Cmds","No Write Responses","No Write Responses","_","_","_","_","_","_","_","_","No Write Data Beats","No Write Data Beats"
798,798,0,0,1,1,0,0,0,8e5ffe20afb76fe31ba56e5faf65c9d2,0,3b9a3d13b8d6963fae1d8dc05a6037b2,0,1,0,1,c8bc59dc,ffffffdb,0,1,0,0,1,00000000,"FIXED",3,00,"Data Secure Unprivileged","1 byte",0,0,00000000,"INCR",3,00,"Data Secure Unprivileged","4 bytes",0,1,3f96d6b8,"OKAY",00000000,0,2,1,0,0,0,0,0,0,0,2,0,1,2,0,1,0,1,0037e400,"INCR",3,ff,0,"Data Secure Unprivileged",0,"4 bytes",0,00000000,"FIXED",0,00,0,"Data Secure Unprivileged",0,"1 byte",0,"OKAY",1,b237605a,"OKAY",00000000,0,2,0,1,0,0,0,0,2,0,1,0,2,1,1,1,0,0,c08d1dae,3,f,1,1,0,c08d1dae,3,f,1,1,0,"No Read Addr Cmds","No Read Addr Cmds","No Write Addr Cmds","No Write Addr Cmds","No Write Responses","No Write Responses","_","_","Active","Active","_","_","Stream Beat","Stream Beat","No Write Data Beats","No Write Data Beats"
799,799,0,0,1,1,0,0,0,8e5ffe20afb76fe31ba56e5faf65c9d2,0,3b9a3d13b8d6963fae1d8dc05a6037b2,0,1,0,0,c8bc59dc,ffffffdb,0,1,0,0,1,00000000,"FIXED",3,00,"Data Secure Unprivileged","1 byte",0,0,00000000,"INCR",3,00,"Data Secure Unprivileged","4 bytes",0,1,3f96d6b8,"SLVERR",00000000,0,2,1,0,0,0,0,0,0,0,2,0,1,6,0,1,1,1,0037e400,"INCR",3,ff,0,"Data Secure Unprivileged",0,"4 bytes",0,00000000,"FIXED",0,00,0,"Data Secure Unprivileged",0,"1 byte",0,"OKAY",1,b237605a,"OKAY",00000000,e,2,0,1,0,0,0,0,2,0,1,0,2,1,1,3,1,0,00000000,3,1,1,0,1,c08d1dae,3,f,0,0,0,"No Read Addr Cmds","No Read Addr Cmds","No Write Addr Cmds","No Write Addr Cmds","No Write Responses","No Write Responses","_","Active","_","_","_","Data Beat","_","_","No Write Data Beats","No Write Data Beats"
800,800,0,0,1,1,0,0,0,8e5ffe20afb76fe31ba56e5faf65c9d2,0,3b9a3d13b8d6963fae1d8dc05a6037b2,0,1,0,1,fc696b1d,ffffffdb,0,1,0,0,1,00000000,"FIXED",3,00,"Data Secure Unprivileged","1 byte",0,0,00000000,"INCR",3,00,"Data Secure Unprivileged","4 bytes",0,1,c08d1dae,"SLVERR",00000000,0,2,1,0,0,0,0,0,0,0,2,0,1,6,0,1,1,1,0037e400,"INCR",3,ff,0,"Data Secure Unprivileged",0,"4 bytes",0,00000000,"FIXED",0,00,0,"Data Secure Unprivileged",0,"1 byte",0,"OKAY",1,133d9a3b,"OKAY",00000000,e,2,0,1,0,0,0,0,2,0,1,0,2,1,1,1,0,0,00000000,3,1,1,0,1,c08d1dae,3,f,0,0,0,"No Read Addr Cmds","No Read Addr Cmds","No Write Addr Cmds","No Write Addr Cmds","No Write Responses","No Write Responses","_","_","_","_","_","_","_","_","No Write Data Beats","No Write Data Beats"
801,801,0,0,1,1,0,0,0,8e5ffe20afb76fe31ba56e5faf65c9d2,0,3b9a3d13b8d6963fae1d8dc05a6037b2,0,1,0,1,fc696b1d,ffffffdb,0,1,0,0,1,00000000,"FIXED",3,00,"Data Secure Unprivileged","1 byte",0,0,00000000,"INCR",3,00,"Data Secure Unprivileged","4 bytes",0,1,c08d1dae,"SLVERR",00000000,0,2,1,0,0,0,0,0,0,0,2,0,1,6,0,1,1,1,0037e400,"INCR",3,ff,0,"Data Secure Unprivileged",0,"4 bytes",0,00000000,"FIXED",0,00,0,"Data Secure Unprivileged",0,"1 byte",0,"OKAY",1,133d9a3b,"OKAY",00000000,e,2,0,1,0,0,0,0,2,0,1,0,2,1,1,1,0,0,00000000,3,1,1,0,1,c08d1dae,3,f,0,0,0,"No Read Addr Cmds","No Read Addr Cmds","No Write Addr Cmds","No Write Addr Cmds","No Write Responses","No Write Responses","_","_","_","_","_","_","_","_","No Write Data Beats","No Write Data Beats"
802,802,0,0,1,1,0,0,0,8e5ffe20afb76fe31ba56e5faf65c9d2,0,3b9a3d13b8d6963fae1d8dc05a6037b2,0,1,0,1,fc696b1d,ffffffdb,0,1,0,0,1,00000000,"FIXED",3,00,"Data Secure Unprivileged","1 byte",0,0,00000000,"INCR",3,00,"Data Secure Unprivileged","4 bytes",0,1,c08d1dae,"SLVERR",00000000,0,2,1,0,0,0,0,0,0,0,2,0,1,6,0,1,1,1,0037e400,"INCR",3,ff,0,"Data Secure Unprivileged",0,"4 bytes",0,00000000,"FIXED",0,00,0,"Data Secure Unprivileged",0,"1 byte",0,"OKAY",1,133d9a3b,"OKAY",00000000,e,2,0,1,0,0,0,0,2,0,1,0,2,1,1,1,0,0,00000000,3,1,1,1,1,00000000,3,1,1,1,1,"No Read Addr Cmds","No Read Addr Cmds","No Write Addr Cmds","No Write Addr Cmds","No Write Responses","No Write Responses","_","_","Active","Active","_","_","Last Stream","Last Stream","No Write Data Beats","No Write Data Beats"
803,803,0,0,1,1,0,0,0,8e5ffe20afb76fe31ba56e5faf65c9d2,0,3b9a3d13b8d6963fae1d8dc05a6037b2,0,1,0,1,fc696b1d,ffffffdb,0,1,0,0,1,00000000,"FIXED",3,00,"Data Secure Unprivileged","1 byte",0,0,00000000,"INCR",3,00,"Data Secure Unprivileged","4 bytes",0,1,c08d1dae,"OKAY",00000000,0,2,1,0,0,0,0,0,0,0,2,0,1,3,1,1,0,1,0037e400,"INCR",3,ff,0,"Data Secure Unprivileged",0,"4 bytes",0,00000000,"FIXED",0,00,0,"Data Secure Unprivileged",0,"1 byte",0,"OKAY",1,133d9a3b,"OKAY",00000000,0,2,0,1,0,0,0,0,2,0,1,0,2,1,1,1,0,0,b237605a,3,f,0,0,0,00000000,3,1,0,0,1,"No Read Addr Cmds","No Read Addr Cmds","No Write Addr Cmds","No Write Addr Cmds","No Write Responses","No Write Responses","Active","_","_","_","Data Beat","_","_","_","No Write Data Beats","No Write Data Beats"
804,804,0,0,1,1,0,0,0,8e5ffe20afb76fe31ba56e5faf65c9d2,0,3b9a3d13b8d6963fae1d8dc05a6037b2,0,1,0,1,fc696b1d,ffffffdb,0,1,0,0,1,00000000,"FIXED",3,00,"Data Secure Unprivileged","1 byte",0,0,00000000,"INCR",3,00,"Data Secure Unprivileged","4 bytes",0,1,c08d1dae,"OKAY",00000000,0,2,1,0,0,0,0,0,0,0,2,0,1,2,0,1,0,1,0037e400,"INCR",3,ff,0,"Data Secure Unprivileged",0,"4 bytes",0,00000000,"FIXED",0,00,0,"Data Secure Unprivileged",0,"1 byte",0,"OKAY",1,133d9a3b,"OKAY",00000000,0,2,0,1,0,0,0,0,2,0,1,0,2,1,1,1,0,0,b237605a,3,f,1,0,0,00000000,3,1,0,0,1,"No Read Addr Cmds","No Read Addr Cmds","No Write Addr Cmds","No Write Addr Cmds","No Write Responses","No Write Responses","_","_","_","_","_","_","_","_","No Write Data Beats","No Write Data Beats"
805,805,0,0,1,1,0,0,0,8e5ffe20afb76fe31ba56e5faf65c9d2,0,3b9a3d13b8d6963fae1d8dc05a6037b2,0,1,0,1,fc696b1d,ffffffdb,0,1,0,0,1,00000000,"FIXED",3,00,"Data Secure Unprivileged","1 byte",0,0,00000000,"INCR",3,00,"Data Secure Unprivileged","4 bytes",0,1,c08d1dae,"OKAY",00000000,0,2,1,0,0,0,0,0,0,0,2,0,1,2,0,1,0,1,0037e400,"INCR",3,ff,0,"Data Secure Unprivileged",0,"4 bytes",0,00000000,"FIXED",0,00,0,"Data Secure Unprivileged",0,"1 byte",0,"OKAY",1,133d9a3b,"OKAY",00000000,0,2,0,1,0,0,0,0,2,0,1,0,2,1,1,1,0,0,b237605a,3,f,1,0,0,00000000,3,1,0,0,1,"No Read Addr Cmds","No Read Addr Cmds","No Write Addr Cmds","No Write Addr Cmds","No Write Responses","No Write Responses","_","_","_","_","_","_","_","_","No Write Data Beats","No Write Data Beats"
806,806,0,0,1,1,0,0,0,8e5ffe20afb76fe31ba56e5faf65c9d2,0,3b9a3d13b8d6963fae1d8dc05a6037b2,0,1,0,1,fc696b1d,ffffffdb,0,1,0,0,1,00000000,"FIXED",3,00,"Data Secure Unprivileged","1 byte",0,0,00000000,"INCR",3,00,"Data Secure Unprivileged","4 bytes",0,1,c08d1dae,"OKAY",00000000,0,2,1,0,0,0,0,0,0,0,2,0,1,2,0,1,0,1,0037e400,"INCR",3,ff,0,"Data Secure Unprivileged",0,"4 bytes",0,00000000,"FIXED",0,00,0,"Data Secure Unprivileged",0,"1 byte",0,"OKAY",1,133d9a3b,"OKAY",00000000,0,2,0,1,0,0,0,0,2,0,1,0,2,1,1,1,0,0,b237605a,3,f,1,1,0,b237605a,3,f,1,1,0,"No Read Addr Cmds","No Read Addr Cmds","No Write Addr Cmds","No Write Addr Cmds","No Write Responses","No Write Responses","_","_","Active","Active","_","_","Stream Beat","Stream Beat","No Write Data Beats","No Write Data Beats"
807,807,0,0,1,1,0,0,0,8e5ffe20afb76fe31ba56e5faf65c9d2,0,3b9a3d13b8d6963fae1d8dc05a6037b2,0,1,0,0,fc696b1d,ffffffdb,0,1,0,0,1,00000000,"FIXED",3,00,"Data Secure Unprivileged","1 byte",0,0,00000000,"INCR",3,00,"Data Secure Unprivileged","4 bytes",0,1,c08d1dae,"SLVERR",00000000,0,2,1,0,0,0,0,0,0,0,2,0,1,2,0,1,0,1,0037e400,"INCR",3,ff,0,"Data Secure Unprivileged",0,"4 bytes",0,00000000,"FIXED",0,00,0,"Data Secure Unprivileged",0,"1 byte",0,"OKAY",1,133d9a3b,"OKAY",00000000,a,2,0,1,4,0,0,1,2,0,1,0,2,1,1,3,1,0,00000000,3,1,1,0,1,b237605a,3,f,0,0,0,"No Read Addr Cmds","No Read Addr Cmds","No Write Addr Cmds","No Write Addr Cmds","No Write Responses","No Write Responses","_","Active","_","_","_","Data Beat","_","_","No Write Data Beats","No Write Data Beats"
808,808,0,0,1,1,0,0,0,8e5ffe20afb76fe31ba56e5faf65c9d2,0,3b9a3d13b8d6963fae1d8dc05a6037b2,0,1,0,1,03b1b875,ffffffdb,0,1,0,0,1,00000000,"FIXED",3,00,"Data Secure Unprivileged","1 byte",0,0,00000000,"INCR",3,00,"Data Secure Unprivileged","4 bytes",0,1,b237605a,"SLVERR",00000000,0,2,1,0,0,0,0,0,0,0,2,0,1,2,0,1,0,1,0037e400,"INCR",3,ff,0,"Data Secure Unprivileged",0,"4 bytes",0,00000000,"FIXED",0,00,0,"Data Secure Unprivileged",0,"1 byte",0,"OKAY",1,3f96d6b8,"OKAY",00000000,a,2,0,1,4,0,0,1,2,0,1,0,2,1,1,1,0,0,00000000,3,1,1,0,1,b237605a,3,f,0,0,0,"No Read Addr Cmds","No Read Addr Cmds","No Write Addr Cmds","No Write Addr Cmds","No Write Responses","No Write Responses","_","_","_","_","_","_","_","_","No Write Data Beats","No Write Data Beats"
809,809,0,0,1,1,0,0,0,8e5ffe20afb76fe31ba56e5faf65c9d2,0,3b9a3d13b8d6963fae1d8dc05a6037b2,0,1,0,1,03b1b875,ffffffdb,0,1,0,0,1,00000000,"FIXED",3,00,"Data Secure Unprivileged","1 byte",0,0,00000000,"INCR",3,00,"Data Secure Unprivileged","4 bytes",0,1,b237605a,"SLVERR",00000000,0,2,1,0,0,0,0,0,0,0,2,0,1,2,0,1,0,1,0037e400,"INCR",3,ff,0,"Data Secure Unprivileged",0,"4 bytes",0,00000000,"FIXED",0,00,0,"Data Secure Unprivileged",0,"1 byte",0,"OKAY",1,3f96d6b8,"OKAY",00000000,a,2,0,1,4,0,0,1,2,0,1,0,2,1,1,1,0,0,00000000,3,1,1,0,1,b237605a,3,f,0,0,0,"No Read Addr Cmds","No Read Addr Cmds","No Write Addr Cmds","No Write Addr Cmds","No Write Responses","No Write Responses","_","_","_","_","_","_","_","_","No Write Data Beats","No Write Data Beats"
810,810,0,0,1,1,0,0,0,8e5ffe20afb76fe31ba56e5faf65c9d2,0,3b9a3d13b8d6963fae1d8dc05a6037b2,0,1,0,1,03b1b875,ffffffdb,0,1,0,0,1,00000000,"FIXED",3,00,"Data Secure Unprivileged","1 byte",0,0,00000000,"INCR",3,00,"Data Secure Unprivileged","4 bytes",0,1,b237605a,"SLVERR",00000000,0,2,1,0,0,0,0,0,0,0,2,0,1,2,0,1,0,1,0037e400,"INCR",3,ff,0,"Data Secure Unprivileged",0,"4 bytes",0,00000000,"FIXED",0,00,0,"Data Secure Unprivileged",0,"1 byte",0,"OKAY",1,3f96d6b8,"OKAY",00000000,a,2,0,1,4,0,0,1,2,0,1,0,2,1,1,1,0,0,00000000,3,1,1,1,1,00000000,3,1,1,1,1,"No Read Addr Cmds","No Read Addr Cmds","No Write Addr Cmds","No Write Addr Cmds","No Write Responses","No Write Responses","_","_","Active","Active","_","_","Last Stream","Last Stream","No Write Data Beats","No Write Data Beats"
811,811,0,0,1,1,0,0,0,8e5ffe20afb76fe31ba56e5faf65c9d2,0,3b9a3d13b8d6963fae1d8dc05a6037b2,0,1,0,1,03b1b875,ffffffdb,0,1,0,0,1,00000000,"FIXED",3,00,"Data Secure Unprivileged","1 byte",0,0,00000000,"INCR",3,00,"Data Secure Unprivileged","4 bytes",0,1,b237605a,"OKAY",00000000,0,2,1,0,0,0,0,0,0,0,2,0,1,3,1,1,0,1,0037e400,"INCR",3,ff,0,"Data Secure Unprivileged",0,"4 bytes",0,00000000,"FIXED",0,00,0,"Data Secure Unprivileged",0,"1 byte",0,"OKAY",1,3f96d6b8,"OKAY",00000000,0,2,0,1,0,0,0,0,2,0,1,0,2,1,1,1,0,0,133d9a3b,3,f,0,0,0,00000000,3,1,0,0,1,"No Read Addr Cmds","No Read Addr Cmds","No Write Addr Cmds","No Write Addr Cmds","No Write Responses","No Write Responses","Active","_","_","_","Data Beat","_","_","_","No Write Data Beats","No Write Data Beats"
812,812,0,0,1,1,0,0,0,8e5ffe20afb76fe31ba56e5faf65c9d2,0,3b9a3d13b8d6963fae1d8dc05a6037b2,0,1,0,1,03b1b875,ffffffdb,0,1,0,0,1,00000000,"FIXED",3,00,"Data Secure Unprivileged","1 byte",0,0,00000000,"INCR",3,00,"Data Secure Unprivileged","4 bytes",0,1,b237605a,"OKAY",00000000,0,2,1,0,0,0,0,0,0,0,2,0,1,2,0,1,0,1,0037e400,"INCR",3,ff,0,"Data Secure Unprivileged",0,"4 bytes",0,00000000,"FIXED",0,00,0,"Data Secure Unprivileged",0,"1 byte",0,"OKAY",1,3f96d6b8,"OKAY",00000000,0,2,0,1,0,0,0,0,2,0,1,0,2,1,1,1,0,0,133d9a3b,3,f,1,0,0,00000000,3,1,0,0,1,"No Read Addr Cmds","No Read Addr Cmds","No Write Addr Cmds","No Write Addr Cmds","No Write Responses","No Write Responses","_","_","_","_","_","_","_","_","No Write Data Beats","No Write Data Beats"
813,813,0,0,1,1,0,0,0,8e5ffe20afb76fe31ba56e5faf65c9d2,0,3b9a3d13b8d6963fae1d8dc05a6037b2,0,1,0,1,03b1b875,ffffffdb,0,1,0,0,1,00000000,"FIXED",3,00,"Data Secure Unprivileged","1 byte",0,0,00000000,"INCR",3,00,"Data Secure Unprivileged","4 bytes",0,1,b237605a,"OKAY",00000000,0,2,1,0,0,0,0,0,0,0,2,0,1,2,0,1,0,1,0037e400,"INCR",3,ff,0,"Data Secure Unprivileged",0,"4 bytes",0,00000000,"FIXED",0,00,0,"Data Secure Unprivileged",0,"1 byte",0,"OKAY",1,3f96d6b8,"OKAY",00000000,0,2,0,1,0,0,0,0,2,0,1,0,2,1,1,1,0,0,133d9a3b,3,f,1,0,0,00000000,3,1,0,0,1,"No Read Addr Cmds","No Read Addr Cmds","No Write Addr Cmds","No Write Addr Cmds","No Write Responses","No Write Responses","_","_","_","_","_","_","_","_","No Write Data Beats","No Write Data Beats"
814,814,0,0,1,1,0,0,0,8e5ffe20afb76fe31ba56e5faf65c9d2,0,3b9a3d13b8d6963fae1d8dc05a6037b2,0,1,0,1,03b1b875,ffffffdb,0,1,0,0,1,00000000,"FIXED",3,00,"Data Secure Unprivileged","1 byte",0,0,00000000,"INCR",3,00,"Data Secure Unprivileged","4 bytes",0,1,b237605a,"OKAY",00000000,0,2,1,0,0,0,0,0,0,0,2,0,1,2,0,1,0,1,0037e400,"INCR",3,ff,0,"Data Secure Unprivileged",0,"4 bytes",0,00000000,"FIXED",0,00,0,"Data Secure Unprivileged",0,"1 byte",0,"OKAY",1,3f96d6b8,"OKAY",00000000,0,2,0,1,0,0,0,0,2,0,1,0,2,1,1,1,0,0,133d9a3b,3,f,1,1,0,133d9a3b,3,f,1,1,0,"No Read Addr Cmds","No Read Addr Cmds","No Write Addr Cmds","No Write Addr Cmds","No Write Responses","No Write Responses","_","_","Active","Active","_","_","Stream Beat","Stream Beat","No Write Data Beats","No Write Data Beats"
815,815,0,0,1,1,0,0,0,8e5ffe20afb76fe31ba56e5faf65c9d2,0,3b9a3d13b8d6963fae1d8dc05a6037b2,0,1,0,0,03b1b875,ffffffdb,0,1,0,0,1,00000000,"FIXED",3,00,"Data Secure Unprivileged","1 byte",0,0,00000000,"INCR",3,00,"Data Secure Unprivileged","4 bytes",0,1,b237605a,"DECERR",00000000,0,2,1,0,0,0,0,0,0,0,2,0,1,2,0,1,0,1,0037e400,"INCR",3,ff,0,"Data Secure Unprivileged",0,"4 bytes",0,00000000,"FIXED",0,00,0,"Data Secure Unprivileged",0,"1 byte",0,"OKAY",1,3f96d6b8,"OKAY",00000000,b,2,0,1,4,0,0,1,2,0,1,0,2,1,1,3,1,0,00000000,3,1,1,0,1,133d9a3b,3,f,0,0,0,"No Read Addr Cmds","No Read Addr Cmds","No Write Addr Cmds","No Write Addr Cmds","No Write Responses","No Write Responses","_","Active","_","_","_","Data Beat","_","_","No Write Data Beats","No Write Data Beats"
816,816,0,0,1,1,0,0,0,8e5ffe20afb76fe31ba56e5faf65c9d2,0,3b9a3d13b8d6963fae1d8dc05a6037b2,0,1,0,1,4dec065a,ffffffdb,0,1,0,0,1,00000000,"FIXED",3,00,"Data Secure Unprivileged","1 byte",0,0,00000000,"INCR",3,00,"Data Secure Unprivileged","4 bytes",0,1,133d9a3b,"DECERR",00000000,0,2,1,0,0,0,0,0,0,0,2,0,1,2,0,1,0,1,0037e400,"INCR",3,ff,0,"Data Secure Unprivileged",0,"4 bytes",0,00000000,"FIXED",0,00,0,"Data Secure Unprivileged",0,"1 byte",0,"OKAY",1,41820fcd,"OKAY",00000000,b,2,0,1,4,0,0,1,2,0,1,0,2,1,1,1,0,0,00000000,3,1,1,0,1,133d9a3b,3,f,0,0,0,"No Read Addr Cmds","No Read Addr Cmds","No Write Addr Cmds","No Write Addr Cmds","No Write Responses","No Write Responses","_","_","_","_","_","_","_","_","No Write Data Beats","No Write Data Beats"
817,817,0,0,1,1,0,0,0,8e5ffe20afb76fe31ba56e5faf65c9d2,0,3b9a3d13b8d6963fae1d8dc05a6037b2,0,1,0,1,4dec065a,ffffffdb,0,1,0,0,1,00000000,"FIXED",3,00,"Data Secure Unprivileged","1 byte",0,0,00000000,"INCR",3,00,"Data Secure Unprivileged","4 bytes",0,1,133d9a3b,"DECERR",00000000,0,2,1,0,0,0,0,0,0,0,2,0,1,2,0,1,0,1,0037e400,"INCR",3,ff,0,"Data Secure Unprivileged",0,"4 bytes",0,00000000,"FIXED",0,00,0,"Data Secure Unprivileged",0,"1 byte",0,"OKAY",1,41820fcd,"OKAY",00000000,b,2,0,1,4,0,0,1,2,0,1,0,2,1,1,1,0,0,00000000,3,1,1,0,1,133d9a3b,3,f,0,0,0,"No Read Addr Cmds","No Read Addr Cmds","No Write Addr Cmds","No Write Addr Cmds","No Write Responses","No Write Responses","_","_","_","_","_","_","_","_","No Write Data Beats","No Write Data Beats"
818,818,0,0,1,1,0,0,0,8e5ffe20afb76fe31ba56e5faf65c9d2,0,3b9a3d13b8d6963fae1d8dc05a6037b2,0,1,0,1,4dec065a,ffffffdb,0,1,0,0,1,00000000,"FIXED",3,00,"Data Secure Unprivileged","1 byte",0,0,00000000,"INCR",3,00,"Data Secure Unprivileged","4 bytes",0,1,133d9a3b,"DECERR",00000000,0,2,1,0,0,0,0,0,0,0,2,0,1,2,0,1,0,1,0037e400,"INCR",3,ff,0,"Data Secure Unprivileged",0,"4 bytes",0,00000000,"FIXED",0,00,0,"Data Secure Unprivileged",0,"1 byte",0,"OKAY",1,41820fcd,"OKAY",00000000,b,2,0,1,4,0,0,1,2,0,1,0,2,1,1,1,0,0,00000000,3,1,1,1,1,00000000,3,1,1,1,1,"No Read Addr Cmds","No Read Addr Cmds","No Write Addr Cmds","No Write Addr Cmds","No Write Responses","No Write Responses","_","_","Active","Active","_","_","Last Stream","Last Stream","No Write Data Beats","No Write Data Beats"
819,819,0,0,1,1,0,0,0,8e5ffe20afb76fe31ba56e5faf65c9d2,0,3b9a3d13b8d6963fae1d8dc05a6037b2,0,1,0,1,4dec065a,ffffffdb,0,1,0,0,1,00000000,"FIXED",3,00,"Data Secure Unprivileged","1 byte",0,0,00000000,"INCR",3,00,"Data Secure Unprivileged","4 bytes",0,1,133d9a3b,"OKAY",00000000,0,2,1,0,0,0,0,0,0,0,2,0,1,3,1,1,0,1,0037e400,"INCR",3,ff,0,"Data Secure Unprivileged",0,"4 bytes",0,00000000,"FIXED",0,00,0,"Data Secure Unprivileged",0,"1 byte",0,"OKAY",1,41820fcd,"OKAY",00000000,0,2,0,1,0,0,0,0,2,0,1,0,2,1,1,1,0,0,3f96d6b8,3,f,0,0,0,00000000,3,1,0,0,1,"No Read Addr Cmds","No Read Addr Cmds","No Write Addr Cmds","No Write Addr Cmds","No Write Responses","No Write Responses","Active","_","_","_","Data Beat","_","_","_","No Write Data Beats","No Write Data Beats"
820,820,0,0,1,1,0,0,0,8e5ffe20afb76fe31ba56e5faf65c9d2,0,3b9a3d13b8d6963fae1d8dc05a6037b2,0,1,0,1,4dec065a,ffffffdb,0,1,0,0,1,00000000,"FIXED",3,00,"Data Secure Unprivileged","1 byte",0,0,00000000,"INCR",3,00,"Data Secure Unprivileged","4 bytes",0,1,133d9a3b,"OKAY",00000000,0,2,1,0,0,0,0,0,0,0,2,0,1,2,0,1,0,1,0037e400,"INCR",3,ff,0,"Data Secure Unprivileged",0,"4 bytes",0,00000000,"FIXED",0,00,0,"Data Secure Unprivileged",0,"1 byte",0,"OKAY",1,41820fcd,"OKAY",00000000,0,2,0,1,0,0,0,0,2,0,1,0,2,1,1,1,0,0,3f96d6b8,3,f,1,0,0,00000000,3,1,0,0,1,"No Read Addr Cmds","No Read Addr Cmds","No Write Addr Cmds","No Write Addr Cmds","No Write Responses","No Write Responses","_","_","_","_","_","_","_","_","No Write Data Beats","No Write Data Beats"
821,821,0,0,1,1,0,0,0,8e5ffe20afb76fe31ba56e5faf65c9d2,0,3b9a3d13b8d6963fae1d8dc05a6037b2,0,1,0,1,4dec065a,ffffffdb,0,1,0,0,1,00000000,"FIXED",3,00,"Data Secure Unprivileged","1 byte",0,0,00000000,"INCR",3,00,"Data Secure Unprivileged","4 bytes",0,1,133d9a3b,"OKAY",00000000,0,2,1,0,0,0,0,0,0,0,2,0,1,2,0,1,0,1,0037e400,"INCR",3,ff,0,"Data Secure Unprivileged",0,"4 bytes",0,00000000,"FIXED",0,00,0,"Data Secure Unprivileged",0,"1 byte",0,"OKAY",1,41820fcd,"OKAY",00000000,0,2,0,1,0,0,0,0,2,0,1,0,2,1,1,1,0,0,3f96d6b8,3,f,1,0,0,00000000,3,1,0,0,1,"No Read Addr Cmds","No Read Addr Cmds","No Write Addr Cmds","No Write Addr Cmds","No Write Responses","No Write Responses","_","_","_","_","_","_","_","_","No Write Data Beats","No Write Data Beats"
822,822,0,0,1,1,0,0,0,8e5ffe20afb76fe31ba56e5faf65c9d2,0,3b9a3d13b8d6963fae1d8dc05a6037b2,0,1,0,1,4dec065a,ffffffdb,0,1,0,0,1,00000000,"FIXED",3,00,"Data Secure Unprivileged","1 byte",0,0,00000000,"INCR",3,00,"Data Secure Unprivileged","4 bytes",0,1,133d9a3b,"OKAY",00000000,0,2,1,0,0,0,0,0,0,0,2,0,1,2,0,1,0,1,0037e400,"INCR",3,ff,0,"Data Secure Unprivileged",0,"4 bytes",0,00000000,"FIXED",0,00,0,"Data Secure Unprivileged",0,"1 byte",0,"OKAY",1,41820fcd,"OKAY",00000000,0,2,0,1,0,0,0,0,2,0,1,0,2,1,1,1,0,0,3f96d6b8,3,f,1,1,0,3f96d6b8,3,f,1,1,0,"No Read Addr Cmds","No Read Addr Cmds","No Write Addr Cmds","No Write Addr Cmds","No Write Responses","No Write Responses","_","_","Active","Active","_","_","Stream Beat","Stream Beat","No Write Data Beats","No Write Data Beats"
823,823,0,0,1,1,0,0,0,8e5ffe20afb76fe31ba56e5faf65c9d2,0,3b9a3d13b8d6963fae1d8dc05a6037b2,0,1,0,0,4dec065a,ffffffdb,0,1,0,0,1,00000000,"FIXED",3,00,"Data Secure Unprivileged","1 byte",0,0,00000000,"INCR",3,00,"Data Secure Unprivileged","4 bytes",0,1,133d9a3b,"OKAY",00000000,0,2,1,0,0,0,0,0,0,0,2,0,1,2,0,1,0,1,0037e400,"INCR",3,ff,0,"Data Secure Unprivileged",0,"4 bytes",0,00000000,"FIXED",0,00,0,"Data Secure Unprivileged",0,"1 byte",0,"OKAY",1,41820fcd,"OKAY",00000000,8,2,0,1,4,0,0,1,2,0,1,0,2,1,1,3,1,0,00000000,3,1,1,0,1,3f96d6b8,3,f,0,0,0,"No Read Addr Cmds","No Read Addr Cmds","No Write Addr Cmds","No Write Addr Cmds","No Write Responses","No Write Responses","_","Active","_","_","_","Data Beat","_","_","No Write Data Beats","No Write Data Beats"
824,824,0,0,1,1,0,0,0,8e5ffe20afb76fe31ba56e5faf65c9d2,0,3b9a3d13b8d6963fae1d8dc05a6037b2,0,1,0,1,c8bc59dc,ffffffdb,0,1,0,0,1,00000000,"FIXED",3,00,"Data Secure Unprivileged","1 byte",0,0,00000000,"INCR",3,00,"Data Secure Unprivileged","4 bytes",0,1,3f96d6b8,"OKAY",00000000,0,2,1,0,0,0,0,0,0,0,2,0,1,2,0,1,0,1,0037e400,"INCR",3,ff,0,"Data Secure Unprivileged",0,"4 bytes",0,00000000,"FIXED",0,00,0,"Data Secure Unprivileged",0,"1 byte",0,"OKAY",1,d21ec7f9,"OKAY",00000000,8,2,0,1,4,0,0,1,2,0,1,0,2,1,1,1,0,0,00000000,3,1,1,0,1,3f96d6b8,3,f,0,0,0,"No Read Addr Cmds","No Read Addr Cmds","No Write Addr Cmds","No Write Addr Cmds","No Write Responses","No Write Responses","_","_","_","_","_","_","_","_","No Write Data Beats","No Write Data Beats"
825,825,0,0,1,1,0,0,0,8e5ffe20afb76fe31ba56e5faf65c9d2,0,3b9a3d13b8d6963fae1d8dc05a6037b2,0,1,0,1,c8bc59dc,ffffffdb,0,1,0,0,1,00000000,"FIXED",3,00,"Data Secure Unprivileged","1 byte",0,0,00000000,"INCR",3,00,"Data Secure Unprivileged","4 bytes",0,1,3f96d6b8,"OKAY",00000000,0,2,1,0,0,0,0,0,0,0,2,0,1,2,0,1,0,1,0037e400,"INCR",3,ff,0,"Data Secure Unprivileged",0,"4 bytes",0,00000000,"FIXED",0,00,0,"Data Secure Unprivileged",0,"1 byte",0,"OKAY",1,d21ec7f9,"OKAY",00000000,8,2,0,1,4,0,0,1,2,0,1,0,2,1,1,1,0,0,00000000,3,1,1,0,1,3f96d6b8,3,f,0,0,0,"No Read Addr Cmds","No Read Addr Cmds","No Write Addr Cmds","No Write Addr Cmds","No Write Responses","No Write Responses","_","_","_","_","_","_","_","_","No Write Data Beats","No Write Data Beats"
826,826,0,0,1,1,0,0,0,8e5ffe20afb76fe31ba56e5faf65c9d2,0,3b9a3d13b8d6963fae1d8dc05a6037b2,0,1,0,1,c8bc59dc,ffffffdb,0,1,0,0,1,00000000,"FIXED",3,00,"Data Secure Unprivileged","1 byte",0,0,00000000,"INCR",3,00,"Data Secure Unprivileged","4 bytes",0,1,3f96d6b8,"OKAY",00000000,0,2,1,0,0,0,0,0,0,0,2,0,1,2,0,1,0,1,0037e400,"INCR",3,ff,0,"Data Secure Unprivileged",0,"4 bytes",0,00000000,"FIXED",0,00,0,"Data Secure Unprivileged",0,"1 byte",0,"OKAY",1,d21ec7f9,"OKAY",00000000,8,2,0,1,4,0,0,1,2,0,1,0,2,1,1,1,0,0,00000000,3,1,1,1,1,00000000,3,1,1,1,1,"No Read Addr Cmds","No Read Addr Cmds","No Write Addr Cmds","No Write Addr Cmds","No Write Responses","No Write Responses","_","_","Active","Active","_","_","Last Stream","Last Stream","No Write Data Beats","No Write Data Beats"
827,827,0,0,1,1,0,0,0,8e5ffe20afb76fe31ba56e5faf65c9d2,0,3b9a3d13b8d6963fae1d8dc05a6037b2,0,1,0,1,c8bc59dc,ffffffdb,0,1,0,0,1,00000000,"FIXED",3,00,"Data Secure Unprivileged","1 byte",0,0,00000000,"INCR",3,00,"Data Secure Unprivileged","4 bytes",0,1,3f96d6b8,"OKAY",00000000,0,2,1,0,0,0,0,0,0,0,2,0,1,3,1,1,0,1,0037e400,"INCR",3,ff,0,"Data Secure Unprivileged",0,"4 bytes",0,00000000,"FIXED",0,00,0,"Data Secure Unprivileged",0,"1 byte",0,"OKAY",1,d21ec7f9,"OKAY",00000000,0,2,0,1,0,0,0,0,2,0,1,0,2,1,1,1,0,0,41820fcd,3,f,0,0,0,00000000,3,1,0,0,1,"No Read Addr Cmds","No Read Addr Cmds","No Write Addr Cmds","No Write Addr Cmds","No Write Responses","No Write Responses","Active","_","_","_","Data Beat","_","_","_","No Write Data Beats","No Write Data Beats"
828,828,0,0,1,1,0,0,0,8e5ffe20afb76fe31ba56e5faf65c9d2,0,3b9a3d13b8d6963fae1d8dc05a6037b2,0,1,0,1,c8bc59dc,ffffffdb,0,1,0,0,1,00000000,"FIXED",3,00,"Data Secure Unprivileged","1 byte",0,0,00000000,"INCR",3,00,"Data Secure Unprivileged","4 bytes",0,1,3f96d6b8,"OKAY",00000000,0,2,1,0,0,0,0,0,0,0,2,0,1,2,0,1,0,1,0037e400,"INCR",3,ff,0,"Data Secure Unprivileged",0,"4 bytes",0,00000000,"FIXED",0,00,0,"Data Secure Unprivileged",0,"1 byte",0,"OKAY",1,d21ec7f9,"OKAY",00000000,0,2,0,1,0,0,0,0,2,0,1,0,2,1,1,1,0,0,41820fcd,3,f,1,0,0,00000000,3,1,0,0,1,"No Read Addr Cmds","No Read Addr Cmds","No Write Addr Cmds","No Write Addr Cmds","No Write Responses","No Write Responses","_","_","_","_","_","_","_","_","No Write Data Beats","No Write Data Beats"
829,829,0,0,1,1,0,0,0,8e5ffe20afb76fe31ba56e5faf65c9d2,0,3b9a3d13b8d6963fae1d8dc05a6037b2,0,1,0,1,c8bc59dc,ffffffdb,0,1,0,0,1,00000000,"FIXED",3,00,"Data Secure Unprivileged","1 byte",0,0,00000000,"INCR",3,00,"Data Secure Unprivileged","4 bytes",0,1,3f96d6b8,"OKAY",00000000,0,2,1,0,0,0,0,0,0,0,2,0,1,2,0,1,0,1,0037e400,"INCR",3,ff,0,"Data Secure Unprivileged",0,"4 bytes",0,00000000,"FIXED",0,00,0,"Data Secure Unprivileged",0,"1 byte",0,"OKAY",1,d21ec7f9,"OKAY",00000000,0,2,0,1,0,0,0,0,2,0,1,0,2,1,1,1,0,0,41820fcd,3,f,1,0,0,00000000,3,1,0,0,1,"No Read Addr Cmds","No Read Addr Cmds","No Write Addr Cmds","No Write Addr Cmds","No Write Responses","No Write Responses","_","_","_","_","_","_","_","_","No Write Data Beats","No Write Data Beats"
830,830,0,0,1,1,0,0,0,8e5ffe20afb76fe31ba56e5faf65c9d2,0,3b9a3d13b8d6963fae1d8dc05a6037b2,0,1,0,1,c8bc59dc,ffffffdb,0,1,0,0,1,00000000,"FIXED",3,00,"Data Secure Unprivileged","1 byte",0,0,00000000,"INCR",3,00,"Data Secure Unprivileged","4 bytes",0,1,3f96d6b8,"OKAY",00000000,0,2,1,0,0,0,0,0,0,0,2,0,1,2,0,1,0,1,0037e400,"INCR",3,ff,0,"Data Secure Unprivileged",0,"4 bytes",0,00000000,"FIXED",0,00,0,"Data Secure Unprivileged",0,"1 byte",0,"OKAY",1,d21ec7f9,"OKAY",00000000,0,2,0,1,0,0,0,0,2,0,1,0,2,1,1,1,0,0,41820fcd,3,f,1,1,0,c08d1dae,3,f,1,1,0,"No Read Addr Cmds","No Read Addr Cmds","No Write Addr Cmds","No Write Addr Cmds","No Write Responses","No Write Responses","_","_","Active","Active","_","_","Stream Beat","Stream Beat","No Write Data Beats","No Write Data Beats"
831,831,0,0,1,1,0,0,0,8e5ffe20afb76fe31ba56e5faf65c9d2,0,3b9a3d13b8d6963fae1d8dc05a6037b2,0,1,0,0,c8bc59dc,ffffffdb,0,1,0,0,1,00000000,"FIXED",3,00,"Data Secure Unprivileged","1 byte",0,0,00000000,"INCR",3,00,"Data Secure Unprivileged","4 bytes",0,1,3f96d6b8,"SLVERR",00000000,0,2,1,0,0,0,0,0,0,0,2,0,1,6,0,1,1,1,0037e400,"INCR",3,ff,0,"Data Secure Unprivileged",0,"4 bytes",0,00000000,"FIXED",0,00,0,"Data Secure Unprivileged",0,"1 byte",0,"OKAY",1,d21ec7f9,"OKAY",00000000,e,2,0,1,0,0,0,0,2,0,1,0,2,1,1,3,1,0,00000000,3,1,1,0,1,c08d1dae,3,f,0,0,0,"No Read Addr Cmds","No Read Addr Cmds","No Write Addr Cmds","No Write Addr Cmds","No Write Responses","No Write Responses","_","Active","_","_","_","Data Beat","_","_","No Write Data Beats","No Write Data Beats"
832,832,0,0,1,1,0,0,0,8e5ffe20afb76fe31ba56e5faf65c9d2,0,3b9a3d13b8d6963fae1d8dc05a6037b2,0,1,0,1,fc696b1d,ffffffdb,0,1,0,0,1,00000000,"FIXED",3,00,"Data Secure Unprivileged","1 byte",0,0,00000000,"INCR",3,00,"Data Secure Unprivileged","4 bytes",0,1,c08d1dae,"SLVERR",00000000,0,2,1,0,0,0,0,0,0,0,2,0,1,6,0,1,1,1,0037e400,"INCR",3,ff,0,"Data Secure Unprivileged",0,"4 bytes",0,00000000,"FIXED",0,00,0,"Data Secure Unprivileged",0,"1 byte",0,"OKAY",1,809d9172,"OKAY",00000000,e,2,0,1,0,0,0,0,2,0,1,0,2,1,1,1,0,0,00000000,3,1,1,0,1,c08d1dae,3,f,0,0,0,"No Read Addr Cmds","No Read Addr Cmds","No Write Addr Cmds","No Write Addr Cmds","No Write Responses","No Write Responses","_","_","_","_","_","_","_","_","No Write Data Beats","No Write Data Beats"
833,833,0,0,1,1,0,0,0,8e5ffe20afb76fe31ba56e5faf65c9d2,0,3b9a3d13b8d6963fae1d8dc05a6037b2,0,1,0,1,fc696b1d,ffffffdb,0,1,0,0,1,00000000,"FIXED",3,00,"Data Secure Unprivileged","1 byte",0,0,00000000,"INCR",3,00,"Data Secure Unprivileged","4 bytes",0,1,c08d1dae,"SLVERR",00000000,0,2,1,0,0,0,0,0,0,0,2,0,1,6,0,1,1,1,0037e400,"INCR",3,ff,0,"Data Secure Unprivileged",0,"4 bytes",0,00000000,"FIXED",0,00,0,"Data Secure Unprivileged",0,"1 byte",0,"OKAY",1,809d9172,"OKAY",00000000,e,2,0,1,0,0,0,0,2,0,1,0,2,1,1,1,0,0,00000000,3,1,1,0,1,c08d1dae,3,f,0,0,0,"No Read Addr Cmds","No Read Addr Cmds","No Write Addr Cmds","No Write Addr Cmds","No Write Responses","No Write Responses","_","_","_","_","_","_","_","_","No Write Data Beats","No Write Data Beats"
834,834,0,0,1,1,0,0,0,8e5ffe20afb76fe31ba56e5faf65c9d2,0,3b9a3d13b8d6963fae1d8dc05a6037b2,0,1,0,1,fc696b1d,ffffffdb,0,1,0,0,1,00000000,"FIXED",3,00,"Data Secure Unprivileged","1 byte",0,0,00000000,"INCR",3,00,"Data Secure Unprivileged","4 bytes",0,1,c08d1dae,"SLVERR",00000000,0,2,1,0,0,0,0,0,0,0,2,0,1,6,0,1,1,1,0037e400,"INCR",3,ff,0,"Data Secure Unprivileged",0,"4 bytes",0,00000000,"FIXED",0,00,0,"Data Secure Unprivileged",0,"1 byte",0,"OKAY",1,809d9172,"OKAY",00000000,e,2,0,1,0,0,0,0,2,0,1,0,2,1,1,1,0,0,00000000,3,1,1,1,1,00000000,3,1,1,1,1,"No Read Addr Cmds","No Read Addr Cmds","No Write Addr Cmds","No Write Addr Cmds","No Write Responses","No Write Responses","_","_","Active","Active","_","_","Last Stream","Last Stream","No Write Data Beats","No Write Data Beats"
835,835,0,0,1,1,0,0,0,8e5ffe20afb76fe31ba56e5faf65c9d2,0,3b9a3d13b8d6963fae1d8dc05a6037b2,0,1,0,1,fc696b1d,ffffffdb,0,1,0,0,1,00000000,"FIXED",3,00,"Data Secure Unprivileged","1 byte",0,0,00000000,"INCR",3,00,"Data Secure Unprivileged","4 bytes",0,1,c08d1dae,"OKAY",00000000,0,2,1,0,0,0,0,0,0,0,2,0,1,3,1,1,0,1,0037e400,"INCR",3,ff,0,"Data Secure Unprivileged",0,"4 bytes",0,00000000,"FIXED",0,00,0,"Data Secure Unprivileged",0,"1 byte",0,"OKAY",1,809d9172,"OKAY",00000000,0,2,0,1,0,0,0,0,2,0,1,0,2,1,1,1,0,0,d21ec7f9,3,f,0,0,0,00000000,3,1,0,0,1,"No Read Addr Cmds","No Read Addr Cmds","No Write Addr Cmds","No Write Addr Cmds","No Write Responses","No Write Responses","Active","_","_","_","Data Beat","_","_","_","No Write Data Beats","No Write Data Beats"
836,836,0,0,1,1,0,0,0,8e5ffe20afb76fe31ba56e5faf65c9d2,0,3b9a3d13b8d6963fae1d8dc05a6037b2,0,1,0,1,fc696b1d,ffffffdb,0,1,0,0,1,00000000,"FIXED",3,00,"Data Secure Unprivileged","1 byte",0,0,00000000,"INCR",3,00,"Data Secure Unprivileged","4 bytes",0,1,c08d1dae,"OKAY",00000000,0,2,1,0,0,0,0,0,0,0,2,0,1,2,0,1,0,1,0037e400,"INCR",3,ff,0,"Data Secure Unprivileged",0,"4 bytes",0,00000000,"FIXED",0,00,0,"Data Secure Unprivileged",0,"1 byte",0,"OKAY",1,809d9172,"OKAY",00000000,0,2,0,1,0,0,0,0,2,0,1,0,2,1,1,1,0,0,d21ec7f9,3,f,1,0,0,00000000,3,1,0,0,1,"No Read Addr Cmds","No Read Addr Cmds","No Write Addr Cmds","No Write Addr Cmds","No Write Responses","No Write Responses","_","_","_","_","_","_","_","_","No Write Data Beats","No Write Data Beats"
837,837,0,0,1,1,0,0,0,8e5ffe20afb76fe31ba56e5faf65c9d2,0,3b9a3d13b8d6963fae1d8dc05a6037b2,0,1,0,1,fc696b1d,ffffffdb,0,1,0,0,1,00000000,"FIXED",3,00,"Data Secure Unprivileged","1 byte",0,0,00000000,"INCR",3,00,"Data Secure Unprivileged","4 bytes",0,1,c08d1dae,"OKAY",00000000,0,2,1,0,0,0,0,0,0,0,2,0,1,2,0,1,0,1,0037e400,"INCR",3,ff,0,"Data Secure Unprivileged",0,"4 bytes",0,00000000,"FIXED",0,00,0,"Data Secure Unprivileged",0,"1 byte",0,"OKAY",1,809d9172,"OKAY",00000000,0,2,0,1,0,0,0,0,2,0,1,0,2,1,1,1,0,0,d21ec7f9,3,f,1,0,0,00000000,3,1,0,0,1,"No Read Addr Cmds","No Read Addr Cmds","No Write Addr Cmds","No Write Addr Cmds","No Write Responses","No Write Responses","_","_","_","_","_","_","_","_","No Write Data Beats","No Write Data Beats"
838,838,0,0,1,1,0,0,0,8e5ffe20afb76fe31ba56e5faf65c9d2,0,3b9a3d13b8d6963fae1d8dc05a6037b2,0,1,0,1,fc696b1d,ffffffdb,0,1,0,0,1,00000000,"FIXED",3,00,"Data Secure Unprivileged","1 byte",0,0,00000000,"INCR",3,00,"Data Secure Unprivileged","4 bytes",0,1,c08d1dae,"OKAY",00000000,0,2,1,0,0,0,0,0,0,0,2,0,1,2,0,1,0,1,0037e400,"INCR",3,ff,0,"Data Secure Unprivileged",0,"4 bytes",0,00000000,"FIXED",0,00,0,"Data Secure Unprivileged",0,"1 byte",0,"OKAY",1,809d9172,"OKAY",00000000,0,2,0,1,0,0,0,0,2,0,1,0,2,1,1,1,0,0,d21ec7f9,3,f,1,1,0,b237605a,3,f,1,1,0,"No Read Addr Cmds","No Read Addr Cmds","No Write Addr Cmds","No Write Addr Cmds","No Write Responses","No Write Responses","_","_","Active","Active","_","_","Stream Beat","Stream Beat","No Write Data Beats","No Write Data Beats"
839,839,0,0,1,1,0,0,0,8e5ffe20afb76fe31ba56e5faf65c9d2,0,3b9a3d13b8d6963fae1d8dc05a6037b2,0,1,0,0,fc696b1d,ffffffdb,0,1,0,0,1,00000000,"FIXED",3,00,"Data Secure Unprivileged","1 byte",0,0,00000000,"INCR",3,00,"Data Secure Unprivileged","4 bytes",0,1,c08d1dae,"SLVERR",00000000,0,2,1,0,0,0,0,0,0,0,2,0,1,2,0,1,0,1,0037e400,"INCR",3,ff,0,"Data Secure Unprivileged",0,"4 bytes",0,00000000,"FIXED",0,00,0,"Data Secure Unprivileged",0,"1 byte",0,"OKAY",1,809d9172,"OKAY",00000000,a,2,0,1,4,0,0,1,2,0,1,0,2,1,1,3,1,0,00000000,3,1,1,0,1,b237605a,3,f,0,0,0,"No Read Addr Cmds","No Read Addr Cmds","No Write Addr Cmds","No Write Addr Cmds","No Write Responses","No Write Responses","_","Active","_","_","_","Data Beat","_","_","No Write Data Beats","No Write Data Beats"
840,840,0,0,1,1,0,0,0,8e5ffe20afb76fe31ba56e5faf65c9d2,0,3b9a3d13b8d6963fae1d8dc05a6037b2,0,1,0,1,03b1b875,ffffffdb,0,1,0,0,1,00000000,"FIXED",3,00,"Data Secure Unprivileged","1 byte",0,0,00000000,"INCR",3,00,"Data Secure Unprivileged","4 bytes",0,1,b237605a,"SLVERR",00000000,0,2,1,0,0,0,0,0,0,0,2,0,1,2,0,1,0,1,0037e400,"INCR",3,ff,0,"Data Secure Unprivileged",0,"4 bytes",0,00000000,"FIXED",0,00,0,"Data Secure Unprivileged",0,"1 byte",0,"OKAY",1,f6ff91b8,"OKAY",00000000,a,2,0,1,4,0,0,1,2,0,1,0,2,1,1,1,0,0,00000000,3,1,1,0,1,b237605a,3,f,0,0,0,"No Read Addr Cmds","No Read Addr Cmds","No Write Addr Cmds","No Write Addr Cmds","No Write Responses","No Write Responses","_","_","_","_","_","_","_","_","No Write Data Beats","No Write Data Beats"
841,841,0,0,1,1,0,0,0,8e5ffe20afb76fe31ba56e5faf65c9d2,0,3b9a3d13b8d6963fae1d8dc05a6037b2,0,1,0,1,03b1b875,ffffffdb,0,1,0,0,1,00000000,"FIXED",3,00,"Data Secure Unprivileged","1 byte",0,0,00000000,"INCR",3,00,"Data Secure Unprivileged","4 bytes",0,1,b237605a,"SLVERR",00000000,0,2,1,0,0,0,0,0,0,0,2,0,1,2,0,1,0,1,0037e400,"INCR",3,ff,0,"Data Secure Unprivileged",0,"4 bytes",0,00000000,"FIXED",0,00,0,"Data Secure Unprivileged",0,"1 byte",0,"OKAY",1,f6ff91b8,"OKAY",00000000,a,2,0,1,4,0,0,1,2,0,1,0,2,1,1,1,0,0,00000000,3,1,1,0,1,b237605a,3,f,0,0,0,"No Read Addr Cmds","No Read Addr Cmds","No Write Addr Cmds","No Write Addr Cmds","No Write Responses","No Write Responses","_","_","_","_","_","_","_","_","No Write Data Beats","No Write Data Beats"
842,842,0,0,1,1,0,0,0,8e5ffe20afb76fe31ba56e5faf65c9d2,0,3b9a3d13b8d6963fae1d8dc05a6037b2,0,1,0,1,03b1b875,ffffffdb,0,1,0,0,1,00000000,"FIXED",3,00,"Data Secure Unprivileged","1 byte",0,0,00000000,"INCR",3,00,"Data Secure Unprivileged","4 bytes",0,1,b237605a,"SLVERR",00000000,0,2,1,0,0,0,0,0,0,0,2,0,1,2,0,1,0,1,0037e400,"INCR",3,ff,0,"Data Secure Unprivileged",0,"4 bytes",0,00000000,"FIXED",0,00,0,"Data Secure Unprivileged",0,"1 byte",0,"OKAY",1,f6ff91b8,"OKAY",00000000,a,2,0,1,4,0,0,1,2,0,1,0,2,1,1,1,0,0,00000000,3,1,1,1,1,00000000,3,1,1,1,1,"No Read Addr Cmds","No Read Addr Cmds","No Write Addr Cmds","No Write Addr Cmds","No Write Responses","No Write Responses","_","_","Active","Active","_","_","Last Stream","Last Stream","No Write Data Beats","No Write Data Beats"
843,843,0,0,1,1,0,0,0,8e5ffe20afb76fe31ba56e5faf65c9d2,0,3b9a3d13b8d6963fae1d8dc05a6037b2,0,1,0,1,03b1b875,ffffffdb,0,1,0,0,1,00000000,"FIXED",3,00,"Data Secure Unprivileged","1 byte",0,0,00000000,"INCR",3,00,"Data Secure Unprivileged","4 bytes",0,1,b237605a,"OKAY",00000000,0,2,1,0,0,0,0,0,0,0,2,0,1,3,1,1,0,1,0037e400,"INCR",3,ff,0,"Data Secure Unprivileged",0,"4 bytes",0,00000000,"FIXED",0,00,0,"Data Secure Unprivileged",0,"1 byte",0,"OKAY",1,f6ff91b8,"OKAY",00000000,0,2,0,1,0,0,0,0,2,0,1,0,2,1,1,1,0,0,809d9172,3,f,0,0,0,00000000,3,1,0,0,1,"No Read Addr Cmds","No Read Addr Cmds","No Write Addr Cmds","No Write Addr Cmds","No Write Responses","No Write Responses","Active","_","_","_","Data Beat","_","_","_","No Write Data Beats","No Write Data Beats"
844,844,0,0,1,1,0,0,0,8e5ffe20afb76fe31ba56e5faf65c9d2,0,3b9a3d13b8d6963fae1d8dc05a6037b2,0,1,0,1,03b1b875,ffffffdb,0,1,0,0,1,00000000,"FIXED",3,00,"Data Secure Unprivileged","1 byte",0,0,00000000,"INCR",3,00,"Data Secure Unprivileged","4 bytes",0,1,b237605a,"OKAY",00000000,0,2,1,0,0,0,0,0,0,0,2,0,1,2,0,1,0,1,0037e400,"INCR",3,ff,0,"Data Secure Unprivileged",0,"4 bytes",0,00000000,"FIXED",0,00,0,"Data Secure Unprivileged",0,"1 byte",0,"OKAY",1,f6ff91b8,"OKAY",00000000,0,2,0,1,0,0,0,0,2,0,1,0,2,1,1,1,0,0,809d9172,3,f,1,0,0,00000000,3,1,0,0,1,"No Read Addr Cmds","No Read Addr Cmds","No Write Addr Cmds","No Write Addr Cmds","No Write Responses","No Write Responses","_","_","_","_","_","_","_","_","No Write Data Beats","No Write Data Beats"
845,845,0,0,1,1,0,0,0,8e5ffe20afb76fe31ba56e5faf65c9d2,0,3b9a3d13b8d6963fae1d8dc05a6037b2,0,1,0,1,03b1b875,ffffffdb,0,1,0,0,1,00000000,"FIXED",3,00,"Data Secure Unprivileged","1 byte",0,0,00000000,"INCR",3,00,"Data Secure Unprivileged","4 bytes",0,1,b237605a,"OKAY",00000000,0,2,1,0,0,0,0,0,0,0,2,0,1,2,0,1,0,1,0037e400,"INCR",3,ff,0,"Data Secure Unprivileged",0,"4 bytes",0,00000000,"FIXED",0,00,0,"Data Secure Unprivileged",0,"1 byte",0,"OKAY",1,f6ff91b8,"OKAY",00000000,0,2,0,1,0,0,0,0,2,0,1,0,2,1,1,1,0,0,809d9172,3,f,1,0,0,00000000,3,1,0,0,1,"No Read Addr Cmds","No Read Addr Cmds","No Write Addr Cmds","No Write Addr Cmds","No Write Responses","No Write Responses","_","_","_","_","_","_","_","_","No Write Data Beats","No Write Data Beats"
846,846,0,0,1,1,0,0,0,8e5ffe20afb76fe31ba56e5faf65c9d2,0,3b9a3d13b8d6963fae1d8dc05a6037b2,0,1,0,1,03b1b875,ffffffdb,0,1,0,0,1,00000000,"FIXED",3,00,"Data Secure Unprivileged","1 byte",0,0,00000000,"INCR",3,00,"Data Secure Unprivileged","4 bytes",0,1,b237605a,"OKAY",00000000,0,2,1,0,0,0,0,0,0,0,2,0,1,2,0,1,0,1,0037e400,"INCR",3,ff,0,"Data Secure Unprivileged",0,"4 bytes",0,00000000,"FIXED",0,00,0,"Data Secure Unprivileged",0,"1 byte",0,"OKAY",1,f6ff91b8,"OKAY",00000000,0,2,0,1,0,0,0,0,2,0,1,0,2,1,1,1,0,0,809d9172,3,f,1,1,0,133d9a3b,3,f,1,1,0,"No Read Addr Cmds","No Read Addr Cmds","No Write Addr Cmds","No Write Addr Cmds","No Write Responses","No Write Responses","_","_","Active","Active","_","_","Stream Beat","Stream Beat","No Write Data Beats","No Write Data Beats"
847,847,0,0,1,1,0,0,0,8e5ffe20afb76fe31ba56e5faf65c9d2,0,3b9a3d13b8d6963fae1d8dc05a6037b2,0,1,0,0,03b1b875,ffffffdb,0,1,0,0,1,00000000,"FIXED",3,00,"Data Secure Unprivileged","1 byte",0,0,00000000,"INCR",3,00,"Data Secure Unprivileged","4 bytes",0,1,b237605a,"DECERR",00000000,0,2,1,0,0,0,0,0,0,0,2,0,1,2,0,1,0,1,0037e400,"INCR",3,ff,0,"Data Secure Unprivileged",0,"4 bytes",0,00000000,"FIXED",0,00,0,"Data Secure Unprivileged",0,"1 byte",0,"OKAY",1,f6ff91b8,"OKAY",00000000,b,2,0,1,4,0,0,1,2,0,1,0,2,1,1,3,1,0,00000000,3,1,1,0,1,133d9a3b,3,f,0,0,0,"No Read Addr Cmds","No Read Addr Cmds","No Write Addr Cmds","No Write Addr Cmds","No Write Responses","No Write Responses","_","Active","_","_","_","Data Beat","_","_","No Write Data Beats","No Write Data Beats"
848,848,0,0,1,1,0,0,0,8e5ffe20afb76fe31ba56e5faf65c9d2,0,3b9a3d13b8d6963fae1d8dc05a6037b2,0,1,0,1,4dec065a,ffffffdb,0,1,0,0,1,00000000,"FIXED",3,00,"Data Secure Unprivileged","1 byte",0,0,00000000,"INCR",3,00,"Data Secure Unprivileged","4 bytes",0,1,133d9a3b,"DECERR",00000000,0,2,1,0,0,0,0,0,0,0,2,0,1,2,0,1,0,1,0037e400,"INCR",3,ff,0,"Data Secure Unprivileged",0,"4 bytes",0,00000000,"FIXED",0,00,0,"Data Secure Unprivileged",0,"1 byte",0,"OKAY",1,62b36353,"OKAY",00000000,b,2,0,1,4,0,0,1,2,0,1,0,2,1,1,1,0,0,00000000,3,1,1,0,1,133d9a3b,3,f,0,0,0,"No Read Addr Cmds","No Read Addr Cmds","No Write Addr Cmds","No Write Addr Cmds","No Write Responses","No Write Responses","_","_","_","_","_","_","_","_","No Write Data Beats","No Write Data Beats"
849,849,0,0,1,1,0,0,0,8e5ffe20afb76fe31ba56e5faf65c9d2,0,3b9a3d13b8d6963fae1d8dc05a6037b2,0,1,0,1,4dec065a,ffffffdb,0,1,0,0,1,00000000,"FIXED",3,00,"Data Secure Unprivileged","1 byte",0,0,00000000,"INCR",3,00,"Data Secure Unprivileged","4 bytes",0,1,133d9a3b,"DECERR",00000000,0,2,1,0,0,0,0,0,0,0,2,0,1,2,0,1,0,1,0037e400,"INCR",3,ff,0,"Data Secure Unprivileged",0,"4 bytes",0,00000000,"FIXED",0,00,0,"Data Secure Unprivileged",0,"1 byte",0,"OKAY",1,62b36353,"OKAY",00000000,b,2,0,1,4,0,0,1,2,0,1,0,2,1,1,1,0,0,00000000,3,1,1,0,1,133d9a3b,3,f,0,0,0,"No Read Addr Cmds","No Read Addr Cmds","No Write Addr Cmds","No Write Addr Cmds","No Write Responses","No Write Responses","_","_","_","_","_","_","_","_","No Write Data Beats","No Write Data Beats"
850,850,0,0,1,1,0,0,0,8e5ffe20afb76fe31ba56e5faf65c9d2,0,3b9a3d13b8d6963fae1d8dc05a6037b2,0,1,0,1,4dec065a,ffffffdb,0,1,0,0,1,00000000,"FIXED",3,00,"Data Secure Unprivileged","1 byte",0,0,00000000,"INCR",3,00,"Data Secure Unprivileged","4 bytes",0,1,133d9a3b,"DECERR",00000000,0,2,1,0,0,0,0,0,0,0,2,0,1,2,0,1,0,1,0037e400,"INCR",3,ff,0,"Data Secure Unprivileged",0,"4 bytes",0,00000000,"FIXED",0,00,0,"Data Secure Unprivileged",0,"1 byte",0,"OKAY",1,62b36353,"OKAY",00000000,b,2,0,1,4,0,0,1,2,0,1,0,2,1,1,1,0,0,00000000,3,1,1,1,1,00000000,3,1,1,1,1,"No Read Addr Cmds","No Read Addr Cmds","No Write Addr Cmds","No Write Addr Cmds","No Write Responses","No Write Responses","_","_","Active","Active","_","_","Last Stream","Last Stream","No Write Data Beats","No Write Data Beats"
851,851,0,0,1,1,0,0,0,8e5ffe20afb76fe31ba56e5faf65c9d2,0,3b9a3d13b8d6963fae1d8dc05a6037b2,0,1,0,1,4dec065a,ffffffdb,0,1,0,0,1,00000000,"FIXED",3,00,"Data Secure Unprivileged","1 byte",0,0,00000000,"INCR",3,00,"Data Secure Unprivileged","4 bytes",0,1,133d9a3b,"OKAY",00000000,0,2,1,0,0,0,0,0,0,0,2,0,1,3,1,1,0,1,0037e400,"INCR",3,ff,0,"Data Secure Unprivileged",0,"4 bytes",0,00000000,"FIXED",0,00,0,"Data Secure Unprivileged",0,"1 byte",0,"OKAY",1,62b36353,"OKAY",00000000,0,2,0,1,0,0,0,0,2,0,1,0,2,1,1,1,0,0,f6ff91b8,3,f,0,0,0,00000000,3,1,0,0,1,"No Read Addr Cmds","No Read Addr Cmds","No Write Addr Cmds","No Write Addr Cmds","No Write Responses","No Write Responses","Active","_","_","_","Data Beat","_","_","_","No Write Data Beats","No Write Data Beats"
852,852,0,0,1,1,0,0,0,8e5ffe20afb76fe31ba56e5faf65c9d2,0,3b9a3d13b8d6963fae1d8dc05a6037b2,0,1,0,1,4dec065a,ffffffdb,0,1,0,0,1,00000000,"FIXED",3,00,"Data Secure Unprivileged","1 byte",0,0,00000000,"INCR",3,00,"Data Secure Unprivileged","4 bytes",0,1,133d9a3b,"OKAY",00000000,0,2,1,0,0,0,0,0,0,0,2,0,1,2,0,1,0,1,0037e400,"INCR",3,ff,0,"Data Secure Unprivileged",0,"4 bytes",0,00000000,"FIXED",0,00,0,"Data Secure Unprivileged",0,"1 byte",0,"OKAY",1,62b36353,"OKAY",00000000,0,2,0,1,0,0,0,0,2,0,1,0,2,1,1,1,0,0,f6ff91b8,3,f,1,0,0,00000000,3,1,0,0,1,"No Read Addr Cmds","No Read Addr Cmds","No Write Addr Cmds","No Write Addr Cmds","No Write Responses","No Write Responses","_","_","_","_","_","_","_","_","No Write Data Beats","No Write Data Beats"
853,853,0,0,1,1,0,0,0,8e5ffe20afb76fe31ba56e5faf65c9d2,0,3b9a3d13b8d6963fae1d8dc05a6037b2,0,1,0,1,4dec065a,ffffffdb,0,1,0,0,1,00000000,"FIXED",3,00,"Data Secure Unprivileged","1 byte",0,0,00000000,"INCR",3,00,"Data Secure Unprivileged","4 bytes",0,1,133d9a3b,"OKAY",00000000,0,2,1,0,0,0,0,0,0,0,2,0,1,2,0,1,0,1,0037e400,"INCR",3,ff,0,"Data Secure Unprivileged",0,"4 bytes",0,00000000,"FIXED",0,00,0,"Data Secure Unprivileged",0,"1 byte",0,"OKAY",1,62b36353,"OKAY",00000000,0,2,0,1,0,0,0,0,2,0,1,0,2,1,1,1,0,0,f6ff91b8,3,f,1,0,0,00000000,3,1,0,0,1,"No Read Addr Cmds","No Read Addr Cmds","No Write Addr Cmds","No Write Addr Cmds","No Write Responses","No Write Responses","_","_","_","_","_","_","_","_","No Write Data Beats","No Write Data Beats"
854,854,0,0,1,1,0,0,0,8e5ffe20afb76fe31ba56e5faf65c9d2,0,3b9a3d13b8d6963fae1d8dc05a6037b2,0,1,0,1,4dec065a,ffffffdb,0,1,0,0,1,00000000,"FIXED",3,00,"Data Secure Unprivileged","1 byte",0,0,00000000,"INCR",3,00,"Data Secure Unprivileged","4 bytes",0,1,133d9a3b,"OKAY",00000000,0,2,1,0,0,0,0,0,0,0,2,0,1,2,0,1,0,1,0037e400,"INCR",3,ff,0,"Data Secure Unprivileged",0,"4 bytes",0,00000000,"FIXED",0,00,0,"Data Secure Unprivileged",0,"1 byte",0,"OKAY",1,62b36353,"OKAY",00000000,0,2,0,1,0,0,0,0,2,0,1,0,2,1,1,1,0,0,f6ff91b8,3,f,1,1,0,3f96d6b8,3,f,1,1,0,"No Read Addr Cmds","No Read Addr Cmds","No Write Addr Cmds","No Write Addr Cmds","No Write Responses","No Write Responses","_","_","Active","Active","_","_","Stream Beat","Stream Beat","No Write Data Beats","No Write Data Beats"
855,855,0,0,1,1,0,0,0,8e5ffe20afb76fe31ba56e5faf65c9d2,0,3b9a3d13b8d6963fae1d8dc05a6037b2,0,1,0,0,4dec065a,ffffffdb,0,1,0,0,1,00000000,"FIXED",3,00,"Data Secure Unprivileged","1 byte",0,0,00000000,"INCR",3,00,"Data Secure Unprivileged","4 bytes",0,1,133d9a3b,"OKAY",00000000,0,2,1,0,0,0,0,0,0,0,2,0,1,2,0,1,0,1,0037e400,"INCR",3,ff,0,"Data Secure Unprivileged",0,"4 bytes",0,00000000,"FIXED",0,00,0,"Data Secure Unprivileged",0,"1 byte",0,"OKAY",1,62b36353,"OKAY",00000000,8,2,0,1,4,0,0,1,2,0,1,0,2,1,1,3,1,0,00000000,3,1,1,0,1,3f96d6b8,3,f,0,0,0,"No Read Addr Cmds","No Read Addr Cmds","No Write Addr Cmds","No Write Addr Cmds","No Write Responses","No Write Responses","_","Active","_","_","_","Data Beat","_","_","No Write Data Beats","No Write Data Beats"
856,856,0,0,1,1,0,0,0,8e5ffe20afb76fe31ba56e5faf65c9d2,0,3b9a3d13b8d6963fae1d8dc05a6037b2,0,1,0,1,c8bc59dc,ffffffdb,0,1,0,0,1,00000000,"FIXED",3,00,"Data Secure Unprivileged","1 byte",0,0,00000000,"INCR",3,00,"Data Secure Unprivileged","4 bytes",0,1,3f96d6b8,"OKAY",00000000,0,2,1,0,0,0,0,0,0,0,2,0,1,2,0,1,0,1,0037e400,"INCR",3,ff,0,"Data Secure Unprivileged",0,"4 bytes",0,00000000,"FIXED",0,00,0,"Data Secure Unprivileged",0,"1 byte",0,"OKAY",1,de7fab89,"OKAY",00000000,8,2,0,1,4,0,0,1,2,0,1,0,2,1,1,1,0,0,00000000,3,1,1,0,1,3f96d6b8,3,f,0,0,0,"No Read Addr Cmds","No Read Addr Cmds","No Write Addr Cmds","No Write Addr Cmds","No Write Responses","No Write Responses","_","_","_","_","_","_","_","_","No Write Data Beats","No Write Data Beats"
857,857,0,0,1,1,0,0,0,8e5ffe20afb76fe31ba56e5faf65c9d2,0,3b9a3d13b8d6963fae1d8dc05a6037b2,0,1,0,1,c8bc59dc,ffffffdb,0,1,0,0,1,00000000,"FIXED",3,00,"Data Secure Unprivileged","1 byte",0,0,00000000,"INCR",3,00,"Data Secure Unprivileged","4 bytes",0,1,3f96d6b8,"OKAY",00000000,0,2,1,0,0,0,0,0,0,0,2,0,1,2,0,1,0,1,0037e400,"INCR",3,ff,0,"Data Secure Unprivileged",0,"4 bytes",0,00000000,"FIXED",0,00,0,"Data Secure Unprivileged",0,"1 byte",0,"OKAY",1,de7fab89,"OKAY",00000000,8,2,0,1,4,0,0,1,2,0,1,0,2,1,1,1,0,0,00000000,3,1,1,0,1,3f96d6b8,3,f,0,0,0,"No Read Addr Cmds","No Read Addr Cmds","No Write Addr Cmds","No Write Addr Cmds","No Write Responses","No Write Responses","_","_","_","_","_","_","_","_","No Write Data Beats","No Write Data Beats"
858,858,0,0,1,1,0,0,0,8e5ffe20afb76fe31ba56e5faf65c9d2,0,3b9a3d13b8d6963fae1d8dc05a6037b2,0,1,0,1,c8bc59dc,ffffffdb,0,1,0,0,1,00000000,"FIXED",3,00,"Data Secure Unprivileged","1 byte",0,0,00000000,"INCR",3,00,"Data Secure Unprivileged","4 bytes",0,1,3f96d6b8,"OKAY",00000000,0,2,1,0,0,0,0,0,0,0,2,0,1,2,0,1,0,1,0037e400,"INCR",3,ff,0,"Data Secure Unprivileged",0,"4 bytes",0,00000000,"FIXED",0,00,0,"Data Secure Unprivileged",0,"1 byte",0,"OKAY",1,de7fab89,"OKAY",00000000,8,2,0,1,4,0,0,1,2,0,1,0,2,1,1,1,0,0,00000000,3,1,1,1,1,00000000,3,1,1,1,1,"No Read Addr Cmds","No Read Addr Cmds","No Write Addr Cmds","No Write Addr Cmds","No Write Responses","No Write Responses","_","_","Active","Active","_","_","Last Stream","Last Stream","No Write Data Beats","No Write Data Beats"
859,859,0,0,1,1,0,0,0,8e5ffe20afb76fe31ba56e5faf65c9d2,0,3b9a3d13b8d6963fae1d8dc05a6037b2,0,1,0,1,c8bc59dc,ffffffdb,0,1,0,0,1,00000000,"FIXED",3,00,"Data Secure Unprivileged","1 byte",0,0,00000000,"INCR",3,00,"Data Secure Unprivileged","4 bytes",0,1,3f96d6b8,"OKAY",00000000,0,2,1,0,0,0,0,0,0,0,2,0,1,3,1,1,0,1,0037e400,"INCR",3,ff,0,"Data Secure Unprivileged",0,"4 bytes",0,00000000,"FIXED",0,00,0,"Data Secure Unprivileged",0,"1 byte",0,"OKAY",1,de7fab89,"OKAY",00000000,0,2,0,1,0,0,0,0,2,0,1,0,2,1,1,1,0,0,62b36353,3,f,0,0,0,00000000,3,1,0,0,1,"No Read Addr Cmds","No Read Addr Cmds","No Write Addr Cmds","No Write Addr Cmds","No Write Responses","No Write Responses","Active","_","_","_","Data Beat","_","_","_","No Write Data Beats","No Write Data Beats"
860,860,0,0,1,1,0,0,0,8e5ffe20afb76fe31ba56e5faf65c9d2,0,3b9a3d13b8d6963fae1d8dc05a6037b2,0,1,0,1,c8bc59dc,ffffffdb,0,1,0,0,1,00000000,"FIXED",3,00,"Data Secure Unprivileged","1 byte",0,0,00000000,"INCR",3,00,"Data Secure Unprivileged","4 bytes",0,1,3f96d6b8,"OKAY",00000000,0,2,1,0,0,0,0,0,0,0,2,0,1,2,0,1,0,1,0037e400,"INCR",3,ff,0,"Data Secure Unprivileged",0,"4 bytes",0,00000000,"FIXED",0,00,0,"Data Secure Unprivileged",0,"1 byte",0,"OKAY",1,de7fab89,"OKAY",00000000,0,2,0,1,0,0,0,0,2,0,1,0,2,1,1,1,0,0,62b36353,3,f,1,0,0,00000000,3,1,0,0,1,"No Read Addr Cmds","No Read Addr Cmds","No Write Addr Cmds","No Write Addr Cmds","No Write Responses","No Write Responses","_","_","_","_","_","_","_","_","No Write Data Beats","No Write Data Beats"
861,861,0,0,1,1,0,0,0,8e5ffe20afb76fe31ba56e5faf65c9d2,0,3b9a3d13b8d6963fae1d8dc05a6037b2,0,1,0,1,c8bc59dc,ffffffdb,0,1,0,0,1,00000000,"FIXED",3,00,"Data Secure Unprivileged","1 byte",0,0,00000000,"INCR",3,00,"Data Secure Unprivileged","4 bytes",0,1,3f96d6b8,"OKAY",00000000,0,2,1,0,0,0,0,0,0,0,2,0,1,2,0,1,0,1,0037e400,"INCR",3,ff,0,"Data Secure Unprivileged",0,"4 bytes",0,00000000,"FIXED",0,00,0,"Data Secure Unprivileged",0,"1 byte",0,"OKAY",1,de7fab89,"OKAY",00000000,0,2,0,1,0,0,0,0,2,0,1,0,2,1,1,1,0,0,62b36353,3,f,1,0,0,00000000,3,1,0,0,1,"No Read Addr Cmds","No Read Addr Cmds","No Write Addr Cmds","No Write Addr Cmds","No Write Responses","No Write Responses","_","_","_","_","_","_","_","_","No Write Data Beats","No Write Data Beats"
862,862,0,0,1,1,0,0,0,8e5ffe20afb76fe31ba56e5faf65c9d2,0,3b9a3d13b8d6963fae1d8dc05a6037b2,0,1,0,1,c8bc59dc,ffffffdb,0,1,0,0,1,00000000,"FIXED",3,00,"Data Secure Unprivileged","1 byte",0,0,00000000,"INCR",3,00,"Data Secure Unprivileged","4 bytes",0,1,3f96d6b8,"OKAY",00000000,0,2,1,0,0,0,0,0,0,0,2,0,1,2,0,1,0,1,0037e400,"INCR",3,ff,0,"Data Secure Unprivileged",0,"4 bytes",0,00000000,"FIXED",0,00,0,"Data Secure Unprivileged",0,"1 byte",0,"OKAY",1,de7fab89,"OKAY",00000000,0,2,0,1,0,0,0,0,2,0,1,0,2,1,1,1,0,0,62b36353,3,f,1,1,0,c08d1dae,3,f,1,1,0,"No Read Addr Cmds","No Read Addr Cmds","No Write Addr Cmds","No Write Addr Cmds","No Write Responses","No Write Responses","_","_","Active","Active","_","_","Stream Beat","Stream Beat","No Write Data Beats","No Write Data Beats"
863,863,0,0,1,1,0,0,0,8e5ffe20afb76fe31ba56e5faf65c9d2,0,3b9a3d13b8d6963fae1d8dc05a6037b2,0,1,0,0,c8bc59dc,ffffffdb,0,1,0,0,1,00000000,"FIXED",3,00,"Data Secure Unprivileged","1 byte",0,0,00000000,"INCR",3,00,"Data Secure Unprivileged","4 bytes",0,1,3f96d6b8,"SLVERR",00000000,0,2,1,0,0,0,0,0,0,0,2,0,1,6,0,1,1,1,0037e400,"INCR",3,ff,0,"Data Secure Unprivileged",0,"4 bytes",0,00000000,"FIXED",0,00,0,"Data Secure Unprivileged",0,"1 byte",0,"OKAY",1,de7fab89,"OKAY",00000000,e,2,0,1,0,0,0,0,2,0,1,0,2,1,1,3,1,0,00000000,3,1,1,0,1,c08d1dae,3,f,0,0,0,"No Read Addr Cmds","No Read Addr Cmds","No Write Addr Cmds","No Write Addr Cmds","No Write Responses","No Write Responses","_","Active","_","_","_","Data Beat","_","_","No Write Data Beats","No Write Data Beats"
864,864,0,0,1,1,0,0,0,8e5ffe20afb76fe31ba56e5faf65c9d2,0,3b9a3d13b8d6963fae1d8dc05a6037b2,0,1,0,1,fc696b1d,ffffffdb,0,1,0,0,1,00000000,"FIXED",3,00,"Data Secure Unprivileged","1 byte",0,0,00000000,"INCR",3,00,"Data Secure Unprivileged","4 bytes",0,1,c08d1dae,"SLVERR",00000000,0,2,1,0,0,0,0,0,0,0,2,0,1,6,0,1,1,1,0037e400,"INCR",3,ff,0,"Data Secure Unprivileged",0,"4 bytes",0,00000000,"FIXED",0,00,0,"Data Secure Unprivileged",0,"1 byte",0,"OKAY",1,70fdbe06,"OKAY",00000000,e,2,0,1,0,0,0,0,2,0,1,0,2,1,1,1,0,0,00000000,3,1,1,0,1,c08d1dae,3,f,0,0,0,"No Read Addr Cmds","No Read Addr Cmds","No Write Addr Cmds","No Write Addr Cmds","No Write Responses","No Write Responses","_","_","_","_","_","_","_","_","No Write Data Beats","No Write Data Beats"
865,865,0,0,1,1,0,0,0,8e5ffe20afb76fe31ba56e5faf65c9d2,0,3b9a3d13b8d6963fae1d8dc05a6037b2,0,1,0,1,fc696b1d,ffffffdb,0,1,0,0,1,00000000,"FIXED",3,00,"Data Secure Unprivileged","1 byte",0,0,00000000,"INCR",3,00,"Data Secure Unprivileged","4 bytes",0,1,c08d1dae,"SLVERR",00000000,0,2,1,0,0,0,0,0,0,0,2,0,1,6,0,1,1,1,0037e400,"INCR",3,ff,0,"Data Secure Unprivileged",0,"4 bytes",0,00000000,"FIXED",0,00,0,"Data Secure Unprivileged",0,"1 byte",0,"OKAY",1,70fdbe06,"OKAY",00000000,e,2,0,1,0,0,0,0,2,0,1,0,2,1,1,1,0,0,00000000,3,1,1,0,1,c08d1dae,3,f,0,0,0,"No Read Addr Cmds","No Read Addr Cmds","No Write Addr Cmds","No Write Addr Cmds","No Write Responses","No Write Responses","_","_","_","_","_","_","_","_","No Write Data Beats","No Write Data Beats"
866,866,0,0,1,1,0,0,0,8e5ffe20afb76fe31ba56e5faf65c9d2,0,3b9a3d13b8d6963fae1d8dc05a6037b2,0,1,0,1,fc696b1d,ffffffdb,0,1,0,0,1,00000000,"FIXED",3,00,"Data Secure Unprivileged","1 byte",0,0,00000000,"INCR",3,00,"Data Secure Unprivileged","4 bytes",0,1,c08d1dae,"SLVERR",00000000,0,2,1,0,0,0,0,0,0,0,2,0,1,6,0,1,1,1,0037e400,"INCR",3,ff,0,"Data Secure Unprivileged",0,"4 bytes",0,00000000,"FIXED",0,00,0,"Data Secure Unprivileged",0,"1 byte",0,"OKAY",1,70fdbe06,"OKAY",00000000,e,2,0,1,0,0,0,0,2,0,1,0,2,1,1,1,0,0,00000000,3,1,1,1,1,00000000,3,1,1,1,1,"No Read Addr Cmds","No Read Addr Cmds","No Write Addr Cmds","No Write Addr Cmds","No Write Responses","No Write Responses","_","_","Active","Active","_","_","Last Stream","Last Stream","No Write Data Beats","No Write Data Beats"
867,867,0,0,1,1,0,0,0,8e5ffe20afb76fe31ba56e5faf65c9d2,0,3b9a3d13b8d6963fae1d8dc05a6037b2,0,1,0,1,fc696b1d,ffffffdb,0,1,0,0,1,00000000,"FIXED",3,00,"Data Secure Unprivileged","1 byte",0,0,00000000,"INCR",3,00,"Data Secure Unprivileged","4 bytes",0,1,c08d1dae,"OKAY",00000000,0,2,1,0,0,0,0,0,0,0,2,0,1,3,1,1,0,1,0037e400,"INCR",3,ff,0,"Data Secure Unprivileged",0,"4 bytes",0,00000000,"FIXED",0,00,0,"Data Secure Unprivileged",0,"1 byte",0,"OKAY",1,70fdbe06,"OKAY",00000000,0,2,0,1,0,0,0,0,2,0,1,0,2,1,1,1,0,0,de7fab89,3,f,0,0,0,00000000,3,1,0,0,1,"No Read Addr Cmds","No Read Addr Cmds","No Write Addr Cmds","No Write Addr Cmds","No Write Responses","No Write Responses","Active","_","_","_","Data Beat","_","_","_","No Write Data Beats","No Write Data Beats"
868,868,0,0,1,1,0,0,0,8e5ffe20afb76fe31ba56e5faf65c9d2,0,3b9a3d13b8d6963fae1d8dc05a6037b2,0,1,0,1,fc696b1d,ffffffdb,0,1,0,0,1,00000000,"FIXED",3,00,"Data Secure Unprivileged","1 byte",0,0,00000000,"INCR",3,00,"Data Secure Unprivileged","4 bytes",0,1,c08d1dae,"OKAY",00000000,0,2,1,0,0,0,0,0,0,0,2,0,1,2,0,1,0,1,0037e400,"INCR",3,ff,0,"Data Secure Unprivileged",0,"4 bytes",0,00000000,"FIXED",0,00,0,"Data Secure Unprivileged",0,"1 byte",0,"OKAY",1,70fdbe06,"OKAY",00000000,0,2,0,1,0,0,0,0,2,0,1,0,2,1,1,1,0,0,de7fab89,3,f,1,0,0,00000000,3,1,0,0,1,"No Read Addr Cmds","No Read Addr Cmds","No Write Addr Cmds","No Write Addr Cmds","No Write Responses","No Write Responses","_","_","_","_","_","_","_","_","No Write Data Beats","No Write Data Beats"
869,869,0,0,1,1,0,0,0,8e5ffe20afb76fe31ba56e5faf65c9d2,0,3b9a3d13b8d6963fae1d8dc05a6037b2,0,1,0,1,fc696b1d,ffffffdb,0,1,0,0,1,00000000,"FIXED",3,00,"Data Secure Unprivileged","1 byte",0,0,00000000,"INCR",3,00,"Data Secure Unprivileged","4 bytes",0,1,c08d1dae,"OKAY",00000000,0,2,1,0,0,0,0,0,0,0,2,0,1,2,0,1,0,1,0037e400,"INCR",3,ff,0,"Data Secure Unprivileged",0,"4 bytes",0,00000000,"FIXED",0,00,0,"Data Secure Unprivileged",0,"1 byte",0,"OKAY",1,70fdbe06,"OKAY",00000000,0,2,0,1,0,0,0,0,2,0,1,0,2,1,1,1,0,0,de7fab89,3,f,1,0,0,00000000,3,1,0,0,1,"No Read Addr Cmds","No Read Addr Cmds","No Write Addr Cmds","No Write Addr Cmds","No Write Responses","No Write Responses","_","_","_","_","_","_","_","_","No Write Data Beats","No Write Data Beats"
870,870,0,0,1,1,0,0,0,8e5ffe20afb76fe31ba56e5faf65c9d2,0,3b9a3d13b8d6963fae1d8dc05a6037b2,0,1,0,1,fc696b1d,ffffffdb,0,1,0,0,1,00000000,"FIXED",3,00,"Data Secure Unprivileged","1 byte",0,0,00000000,"INCR",3,00,"Data Secure Unprivileged","4 bytes",0,1,c08d1dae,"OKAY",00000000,0,2,1,0,0,0,0,0,0,0,2,0,1,2,0,1,0,1,0037e400,"INCR",3,ff,0,"Data Secure Unprivileged",0,"4 bytes",0,00000000,"FIXED",0,00,0,"Data Secure Unprivileged",0,"1 byte",0,"OKAY",1,70fdbe06,"OKAY",00000000,0,2,0,1,0,0,0,0,2,0,1,0,2,1,1,1,0,0,de7fab89,3,f,1,1,0,b237605a,3,f,1,1,0,"No Read Addr Cmds","No Read Addr Cmds","No Write Addr Cmds","No Write Addr Cmds","No Write Responses","No Write Responses","_","_","Active","Active","_","_","Stream Beat","Stream Beat","No Write Data Beats","No Write Data Beats"
871,871,0,0,1,1,0,0,0,8e5ffe20afb76fe31ba56e5faf65c9d2,0,3b9a3d13b8d6963fae1d8dc05a6037b2,0,1,0,0,fc696b1d,ffffffdb,0,1,0,0,1,00000000,"FIXED",3,00,"Data Secure Unprivileged","1 byte",0,0,00000000,"INCR",3,00,"Data Secure Unprivileged","4 bytes",0,1,c08d1dae,"SLVERR",00000000,0,2,1,0,0,0,0,0,0,0,2,0,1,2,0,1,0,1,0037e400,"INCR",3,ff,0,"Data Secure Unprivileged",0,"4 bytes",0,00000000,"FIXED",0,00,0,"Data Secure Unprivileged",0,"1 byte",0,"OKAY",1,70fdbe06,"OKAY",00000000,a,2,0,1,4,0,0,1,2,0,1,0,2,1,1,3,1,0,00000000,3,1,1,0,1,b237605a,3,f,0,0,0,"No Read Addr Cmds","No Read Addr Cmds","No Write Addr Cmds","No Write Addr Cmds","No Write Responses","No Write Responses","_","Active","_","_","_","Data Beat","_","_","No Write Data Beats","No Write Data Beats"
872,872,0,0,1,1,0,0,0,8e5ffe20afb76fe31ba56e5faf65c9d2,0,3b9a3d13b8d6963fae1d8dc05a6037b2,0,1,0,1,03b1b875,ffffffdb,0,1,0,0,1,00000000,"FIXED",3,00,"Data Secure Unprivileged","1 byte",0,0,00000000,"INCR",3,00,"Data Secure Unprivileged","4 bytes",0,1,b237605a,"SLVERR",00000000,0,2,1,0,0,0,0,0,0,0,2,0,1,2,0,1,0,1,0037e400,"INCR",3,ff,0,"Data Secure Unprivileged",0,"4 bytes",0,00000000,"FIXED",0,00,0,"Data Secure Unprivileged",0,"1 byte",0,"OKAY",1,d5f8d457,"OKAY",00000000,a,2,0,1,4,0,0,1,2,0,1,0,2,1,1,1,0,0,00000000,3,1,1,0,1,b237605a,3,f,0,0,0,"No Read Addr Cmds","No Read Addr Cmds","No Write Addr Cmds","No Write Addr Cmds","No Write Responses","No Write Responses","_","_","_","_","_","_","_","_","No Write Data Beats","No Write Data Beats"
873,873,0,0,1,1,0,0,0,8e5ffe20afb76fe31ba56e5faf65c9d2,0,3b9a3d13b8d6963fae1d8dc05a6037b2,0,1,0,1,03b1b875,ffffffdb,0,1,0,0,1,00000000,"FIXED",3,00,"Data Secure Unprivileged","1 byte",0,0,00000000,"INCR",3,00,"Data Secure Unprivileged","4 bytes",0,1,b237605a,"SLVERR",00000000,0,2,1,0,0,0,0,0,0,0,2,0,1,2,0,1,0,1,0037e400,"INCR",3,ff,0,"Data Secure Unprivileged",0,"4 bytes",0,00000000,"FIXED",0,00,0,"Data Secure Unprivileged",0,"1 byte",0,"OKAY",1,d5f8d457,"OKAY",00000000,a,2,0,1,4,0,0,1,2,0,1,0,2,1,1,1,0,0,00000000,3,1,1,0,1,b237605a,3,f,0,0,0,"No Read Addr Cmds","No Read Addr Cmds","No Write Addr Cmds","No Write Addr Cmds","No Write Responses","No Write Responses","_","_","_","_","_","_","_","_","No Write Data Beats","No Write Data Beats"
874,874,0,0,1,1,0,0,0,8e5ffe20afb76fe31ba56e5faf65c9d2,0,3b9a3d13b8d6963fae1d8dc05a6037b2,0,1,0,1,03b1b875,ffffffdb,0,1,0,0,1,00000000,"FIXED",3,00,"Data Secure Unprivileged","1 byte",0,0,00000000,"INCR",3,00,"Data Secure Unprivileged","4 bytes",0,1,b237605a,"SLVERR",00000000,0,2,1,0,0,0,0,0,0,0,2,0,1,2,0,1,0,1,0037e400,"INCR",3,ff,0,"Data Secure Unprivileged",0,"4 bytes",0,00000000,"FIXED",0,00,0,"Data Secure Unprivileged",0,"1 byte",0,"OKAY",1,d5f8d457,"OKAY",00000000,a,2,0,1,4,0,0,1,2,0,1,0,2,1,1,1,0,0,00000000,3,1,1,1,1,00000000,3,1,1,1,1,"No Read Addr Cmds","No Read Addr Cmds","No Write Addr Cmds","No Write Addr Cmds","No Write Responses","No Write Responses","_","_","Active","Active","_","_","Last Stream","Last Stream","No Write Data Beats","No Write Data Beats"
875,875,0,0,1,1,0,0,0,8e5ffe20afb76fe31ba56e5faf65c9d2,0,3b9a3d13b8d6963fae1d8dc05a6037b2,0,1,0,1,03b1b875,ffffffdb,0,1,0,0,1,00000000,"FIXED",3,00,"Data Secure Unprivileged","1 byte",0,0,00000000,"INCR",3,00,"Data Secure Unprivileged","4 bytes",0,1,b237605a,"OKAY",00000000,0,2,1,0,0,0,0,0,0,0,2,0,1,3,1,1,0,1,0037e400,"INCR",3,ff,0,"Data Secure Unprivileged",0,"4 bytes",0,00000000,"FIXED",0,00,0,"Data Secure Unprivileged",0,"1 byte",0,"OKAY",1,d5f8d457,"OKAY",00000000,0,2,0,1,0,0,0,0,2,0,1,0,2,1,1,1,0,0,70fdbe06,3,f,0,0,0,00000000,3,1,0,0,1,"No Read Addr Cmds","No Read Addr Cmds","No Write Addr Cmds","No Write Addr Cmds","No Write Responses","No Write Responses","Active","_","_","_","Data Beat","_","_","_","No Write Data Beats","No Write Data Beats"
876,876,0,0,1,1,0,0,0,8e5ffe20afb76fe31ba56e5faf65c9d2,0,3b9a3d13b8d6963fae1d8dc05a6037b2,0,1,0,1,03b1b875,ffffffdb,0,1,0,0,1,00000000,"FIXED",3,00,"Data Secure Unprivileged","1 byte",0,0,00000000,"INCR",3,00,"Data Secure Unprivileged","4 bytes",0,1,b237605a,"OKAY",00000000,0,2,1,0,0,0,0,0,0,0,2,0,1,2,0,1,0,1,0037e400,"INCR",3,ff,0,"Data Secure Unprivileged",0,"4 bytes",0,00000000,"FIXED",0,00,0,"Data Secure Unprivileged",0,"1 byte",0,"OKAY",1,d5f8d457,"OKAY",00000000,0,2,0,1,0,0,0,0,2,0,1,0,2,1,1,1,0,0,70fdbe06,3,f,1,0,0,00000000,3,1,0,0,1,"No Read Addr Cmds","No Read Addr Cmds","No Write Addr Cmds","No Write Addr Cmds","No Write Responses","No Write Responses","_","_","_","_","_","_","_","_","No Write Data Beats","No Write Data Beats"
877,877,0,0,1,1,0,0,0,8e5ffe20afb76fe31ba56e5faf65c9d2,0,3b9a3d13b8d6963fae1d8dc05a6037b2,0,1,0,1,03b1b875,ffffffdb,0,1,0,0,1,00000000,"FIXED",3,00,"Data Secure Unprivileged","1 byte",0,0,00000000,"INCR",3,00,"Data Secure Unprivileged","4 bytes",0,1,b237605a,"OKAY",00000000,0,2,1,0,0,0,0,0,0,0,2,0,1,2,0,1,0,1,0037e400,"INCR",3,ff,0,"Data Secure Unprivileged",0,"4 bytes",0,00000000,"FIXED",0,00,0,"Data Secure Unprivileged",0,"1 byte",0,"OKAY",1,d5f8d457,"OKAY",00000000,0,2,0,1,0,0,0,0,2,0,1,0,2,1,1,1,0,0,70fdbe06,3,f,1,0,0,00000000,3,1,0,0,1,"No Read Addr Cmds","No Read Addr Cmds","No Write Addr Cmds","No Write Addr Cmds","No Write Responses","No Write Responses","_","_","_","_","_","_","_","_","No Write Data Beats","No Write Data Beats"
878,878,0,0,1,1,0,0,0,8e5ffe20afb76fe31ba56e5faf65c9d2,0,3b9a3d13b8d6963fae1d8dc05a6037b2,0,1,0,1,03b1b875,ffffffdb,0,1,0,0,1,00000000,"FIXED",3,00,"Data Secure Unprivileged","1 byte",0,0,00000000,"INCR",3,00,"Data Secure Unprivileged","4 bytes",0,1,b237605a,"OKAY",00000000,0,2,1,0,0,0,0,0,0,0,2,0,1,2,0,1,0,1,0037e400,"INCR",3,ff,0,"Data Secure Unprivileged",0,"4 bytes",0,00000000,"FIXED",0,00,0,"Data Secure Unprivileged",0,"1 byte",0,"OKAY",1,d5f8d457,"OKAY",00000000,0,2,0,1,0,0,0,0,2,0,1,0,2,1,1,1,0,0,70fdbe06,3,f,1,1,0,133d9a3b,3,f,1,1,0,"No Read Addr Cmds","No Read Addr Cmds","No Write Addr Cmds","No Write Addr Cmds","No Write Responses","No Write Responses","_","_","Active","Active","_","_","Stream Beat","Stream Beat","No Write Data Beats","No Write Data Beats"
879,879,0,0,1,1,0,0,0,8e5ffe20afb76fe31ba56e5faf65c9d2,0,3b9a3d13b8d6963fae1d8dc05a6037b2,0,1,0,0,03b1b875,ffffffdb,0,1,0,0,1,00000000,"FIXED",3,00,"Data Secure Unprivileged","1 byte",0,0,00000000,"INCR",3,00,"Data Secure Unprivileged","4 bytes",0,1,b237605a,"DECERR",00000000,0,2,1,0,0,0,0,0,0,0,2,0,1,2,0,1,0,1,0037e400,"INCR",3,ff,0,"Data Secure Unprivileged",0,"4 bytes",0,00000000,"FIXED",0,00,0,"Data Secure Unprivileged",0,"1 byte",0,"OKAY",1,d5f8d457,"OKAY",00000000,b,2,0,1,4,0,0,1,2,0,1,0,2,1,1,3,1,0,00000000,3,1,1,0,1,133d9a3b,3,f,0,0,0,"No Read Addr Cmds","No Read Addr Cmds","No Write Addr Cmds","No Write Addr Cmds","No Write Responses","No Write Responses","_","Active","_","_","_","Data Beat","_","_","No Write Data Beats","No Write Data Beats"
880,880,0,0,1,1,0,0,0,8e5ffe20afb76fe31ba56e5faf65c9d2,0,3b9a3d13b8d6963fae1d8dc05a6037b2,0,1,0,1,4dec065a,ffffffdb,0,1,0,0,1,00000000,"FIXED",3,00,"Data Secure Unprivileged","1 byte",0,0,00000000,"INCR",3,00,"Data Secure Unprivileged","4 bytes",0,1,133d9a3b,"DECERR",00000000,0,2,1,0,0,0,0,0,0,0,2,0,1,2,0,1,0,1,0037e400,"INCR",3,ff,0,"Data Secure Unprivileged",0,"4 bytes",0,00000000,"FIXED",0,00,0,"Data Secure Unprivileged",0,"1 byte",0,"OKAY",1,1a735e0e,"OKAY",00000000,b,2,0,1,4,0,0,1,2,0,1,0,2,1,1,1,0,0,00000000,3,1,1,0,1,133d9a3b,3,f,0,0,0,"No Read Addr Cmds","No Read Addr Cmds","No Write Addr Cmds","No Write Addr Cmds","No Write Responses","No Write Responses","_","_","_","_","_","_","_","_","No Write Data Beats","No Write Data Beats"
881,881,0,0,1,1,0,0,0,8e5ffe20afb76fe31ba56e5faf65c9d2,0,3b9a3d13b8d6963fae1d8dc05a6037b2,0,1,0,1,4dec065a,ffffffdb,0,1,0,0,1,00000000,"FIXED",3,00,"Data Secure Unprivileged","1 byte",0,0,00000000,"INCR",3,00,"Data Secure Unprivileged","4 bytes",0,1,133d9a3b,"DECERR",00000000,0,2,1,0,0,0,0,0,0,0,2,0,1,2,0,1,0,1,0037e400,"INCR",3,ff,0,"Data Secure Unprivileged",0,"4 bytes",0,00000000,"FIXED",0,00,0,"Data Secure Unprivileged",0,"1 byte",0,"OKAY",1,1a735e0e,"OKAY",00000000,b,2,0,1,4,0,0,1,2,0,1,0,2,1,1,1,0,0,00000000,3,1,1,0,1,133d9a3b,3,f,0,0,0,"No Read Addr Cmds","No Read Addr Cmds","No Write Addr Cmds","No Write Addr Cmds","No Write Responses","No Write Responses","_","_","_","_","_","_","_","_","No Write Data Beats","No Write Data Beats"
882,882,0,0,1,1,0,0,0,8e5ffe20afb76fe31ba56e5faf65c9d2,0,3b9a3d13b8d6963fae1d8dc05a6037b2,0,1,0,1,4dec065a,ffffffdb,0,1,0,0,1,00000000,"FIXED",3,00,"Data Secure Unprivileged","1 byte",0,0,00000000,"INCR",3,00,"Data Secure Unprivileged","4 bytes",0,1,133d9a3b,"DECERR",00000000,0,2,1,0,0,0,0,0,0,0,2,0,1,2,0,1,0,1,0037e400,"INCR",3,ff,0,"Data Secure Unprivileged",0,"4 bytes",0,00000000,"FIXED",0,00,0,"Data Secure Unprivileged",0,"1 byte",0,"OKAY",1,1a735e0e,"OKAY",00000000,b,2,0,1,4,0,0,1,2,0,1,0,2,1,1,1,0,0,00000000,3,1,1,1,1,00000000,3,1,1,1,1,"No Read Addr Cmds","No Read Addr Cmds","No Write Addr Cmds","No Write Addr Cmds","No Write Responses","No Write Responses","_","_","Active","Active","_","_","Last Stream","Last Stream","No Write Data Beats","No Write Data Beats"
883,883,0,0,1,1,0,0,0,8e5ffe20afb76fe31ba56e5faf65c9d2,0,3b9a3d13b8d6963fae1d8dc05a6037b2,0,1,0,1,4dec065a,ffffffdb,0,1,0,0,1,00000000,"FIXED",3,00,"Data Secure Unprivileged","1 byte",0,0,00000000,"INCR",3,00,"Data Secure Unprivileged","4 bytes",0,1,133d9a3b,"OKAY",00000000,0,2,1,0,0,0,0,0,0,0,2,0,1,3,1,1,0,1,0037e400,"INCR",3,ff,0,"Data Secure Unprivileged",0,"4 bytes",0,00000000,"FIXED",0,00,0,"Data Secure Unprivileged",0,"1 byte",0,"OKAY",1,1a735e0e,"OKAY",00000000,0,2,0,1,0,0,0,0,2,0,1,0,2,1,1,1,0,0,d5f8d457,3,f,0,0,0,00000000,3,1,0,0,1,"No Read Addr Cmds","No Read Addr Cmds","No Write Addr Cmds","No Write Addr Cmds","No Write Responses","No Write Responses","Active","_","_","_","Data Beat","_","_","_","No Write Data Beats","No Write Data Beats"
884,884,0,0,1,1,0,0,0,8e5ffe20afb76fe31ba56e5faf65c9d2,0,3b9a3d13b8d6963fae1d8dc05a6037b2,0,1,0,1,4dec065a,ffffffdb,0,1,0,0,1,00000000,"FIXED",3,00,"Data Secure Unprivileged","1 byte",0,0,00000000,"INCR",3,00,"Data Secure Unprivileged","4 bytes",0,1,133d9a3b,"OKAY",00000000,0,2,1,0,0,0,0,0,0,0,2,0,1,2,0,1,0,1,0037e400,"INCR",3,ff,0,"Data Secure Unprivileged",0,"4 bytes",0,00000000,"FIXED",0,00,0,"Data Secure Unprivileged",0,"1 byte",0,"OKAY",1,1a735e0e,"OKAY",00000000,0,2,0,1,0,0,0,0,2,0,1,0,2,1,1,1,0,0,d5f8d457,3,f,1,0,0,00000000,3,1,0,0,1,"No Read Addr Cmds","No Read Addr Cmds","No Write Addr Cmds","No Write Addr Cmds","No Write Responses","No Write Responses","_","_","_","_","_","_","_","_","No Write Data Beats","No Write Data Beats"
885,885,0,0,1,1,0,0,0,8e5ffe20afb76fe31ba56e5faf65c9d2,0,3b9a3d13b8d6963fae1d8dc05a6037b2,0,1,0,1,4dec065a,ffffffdb,0,1,0,0,1,00000000,"FIXED",3,00,"Data Secure Unprivileged","1 byte",0,0,00000000,"INCR",3,00,"Data Secure Unprivileged","4 bytes",0,1,133d9a3b,"OKAY",00000000,0,2,1,0,0,0,0,0,0,0,2,0,1,2,0,1,0,1,0037e400,"INCR",3,ff,0,"Data Secure Unprivileged",0,"4 bytes",0,00000000,"FIXED",0,00,0,"Data Secure Unprivileged",0,"1 byte",0,"OKAY",1,1a735e0e,"OKAY",00000000,0,2,0,1,0,0,0,0,2,0,1,0,2,1,1,1,0,0,d5f8d457,3,f,1,0,0,00000000,3,1,0,0,1,"No Read Addr Cmds","No Read Addr Cmds","No Write Addr Cmds","No Write Addr Cmds","No Write Responses","No Write Responses","_","_","_","_","_","_","_","_","No Write Data Beats","No Write Data Beats"
886,886,0,0,1,1,0,0,0,8e5ffe20afb76fe31ba56e5faf65c9d2,0,3b9a3d13b8d6963fae1d8dc05a6037b2,0,1,0,1,4dec065a,ffffffdb,0,1,0,0,1,00000000,"FIXED",3,00,"Data Secure Unprivileged","1 byte",0,0,00000000,"INCR",3,00,"Data Secure Unprivileged","4 bytes",0,1,133d9a3b,"OKAY",00000000,0,2,1,0,0,0,0,0,0,0,2,0,1,2,0,1,0,1,0037e400,"INCR",3,ff,0,"Data Secure Unprivileged",0,"4 bytes",0,00000000,"FIXED",0,00,0,"Data Secure Unprivileged",0,"1 byte",0,"OKAY",1,1a735e0e,"OKAY",00000000,0,2,0,1,0,0,0,0,2,0,1,0,2,1,1,1,0,0,d5f8d457,3,f,1,1,0,3f96d6b8,3,f,1,1,0,"No Read Addr Cmds","No Read Addr Cmds","No Write Addr Cmds","No Write Addr Cmds","No Write Responses","No Write Responses","_","_","Active","Active","_","_","Stream Beat","Stream Beat","No Write Data Beats","No Write Data Beats"
887,887,0,0,1,1,0,0,0,8e5ffe20afb76fe31ba56e5faf65c9d2,0,3b9a3d13b8d6963fae1d8dc05a6037b2,0,1,0,0,4dec065a,ffffffdb,0,1,0,0,1,00000000,"FIXED",3,00,"Data Secure Unprivileged","1 byte",0,0,00000000,"INCR",3,00,"Data Secure Unprivileged","4 bytes",0,1,133d9a3b,"OKAY",00000000,0,2,1,0,0,0,0,0,0,0,2,0,1,2,0,1,0,1,0037e400,"INCR",3,ff,0,"Data Secure Unprivileged",0,"4 bytes",0,00000000,"FIXED",0,00,0,"Data Secure Unprivileged",0,"1 byte",0,"OKAY",1,1a735e0e,"OKAY",00000000,8,2,0,1,4,0,0,1,2,0,1,0,2,1,1,3,1,0,00000000,3,1,1,0,1,3f96d6b8,3,f,0,0,0,"No Read Addr Cmds","No Read Addr Cmds","No Write Addr Cmds","No Write Addr Cmds","No Write Responses","No Write Responses","_","Active","_","_","_","Data Beat","_","_","No Write Data Beats","No Write Data Beats"
888,888,0,0,1,1,0,0,0,8e5ffe20afb76fe31ba56e5faf65c9d2,0,3b9a3d13b8d6963fae1d8dc05a6037b2,0,1,0,1,c8bc59dc,ffffffdb,0,1,0,0,1,00000000,"FIXED",3,00,"Data Secure Unprivileged","1 byte",0,0,00000000,"INCR",3,00,"Data Secure Unprivileged","4 bytes",0,1,3f96d6b8,"OKAY",00000000,0,2,1,0,0,0,0,0,0,0,2,0,1,2,0,1,0,1,0037e400,"INCR",3,ff,0,"Data Secure Unprivileged",0,"4 bytes",0,00000000,"FIXED",0,00,0,"Data Secure Unprivileged",0,"1 byte",0,"OKAY",1,dacdc059,"OKAY",00000000,8,2,0,1,4,0,0,1,2,0,1,0,2,1,1,1,0,0,00000000,3,1,1,0,1,3f96d6b8,3,f,0,0,0,"No Read Addr Cmds","No Read Addr Cmds","No Write Addr Cmds","No Write Addr Cmds","No Write Responses","No Write Responses","_","_","_","_","_","_","_","_","No Write Data Beats","No Write Data Beats"
889,889,0,0,1,1,0,0,0,8e5ffe20afb76fe31ba56e5faf65c9d2,0,3b9a3d13b8d6963fae1d8dc05a6037b2,0,1,0,1,c8bc59dc,ffffffdb,0,1,0,0,1,00000000,"FIXED",3,00,"Data Secure Unprivileged","1 byte",0,0,00000000,"INCR",3,00,"Data Secure Unprivileged","4 bytes",0,1,3f96d6b8,"OKAY",00000000,0,2,1,0,0,0,0,0,0,0,2,0,1,2,0,1,0,1,0037e400,"INCR",3,ff,0,"Data Secure Unprivileged",0,"4 bytes",0,00000000,"FIXED",0,00,0,"Data Secure Unprivileged",0,"1 byte",0,"OKAY",1,dacdc059,"OKAY",00000000,8,2,0,1,4,0,0,1,2,0,1,0,2,1,1,1,0,0,00000000,3,1,1,0,1,3f96d6b8,3,f,0,0,0,"No Read Addr Cmds","No Read Addr Cmds","No Write Addr Cmds","No Write Addr Cmds","No Write Responses","No Write Responses","_","_","_","_","_","_","_","_","No Write Data Beats","No Write Data Beats"
890,890,0,0,1,1,0,0,0,8e5ffe20afb76fe31ba56e5faf65c9d2,0,3b9a3d13b8d6963fae1d8dc05a6037b2,0,1,0,1,c8bc59dc,ffffffdb,0,1,0,0,1,00000000,"FIXED",3,00,"Data Secure Unprivileged","1 byte",0,0,00000000,"INCR",3,00,"Data Secure Unprivileged","4 bytes",0,1,3f96d6b8,"OKAY",00000000,0,2,1,0,0,0,0,0,0,0,2,0,1,2,0,1,0,1,0037e400,"INCR",3,ff,0,"Data Secure Unprivileged",0,"4 bytes",0,00000000,"FIXED",0,00,0,"Data Secure Unprivileged",0,"1 byte",0,"OKAY",1,dacdc059,"OKAY",00000000,8,2,0,1,4,0,0,1,2,0,1,0,2,1,1,1,0,0,00000000,3,1,1,1,1,00000000,3,1,1,1,1,"No Read Addr Cmds","No Read Addr Cmds","No Write Addr Cmds","No Write Addr Cmds","No Write Responses","No Write Responses","_","_","Active","Active","_","_","Last Stream","Last Stream","No Write Data Beats","No Write Data Beats"
891,891,0,0,1,1,0,0,0,8e5ffe20afb76fe31ba56e5faf65c9d2,0,3b9a3d13b8d6963fae1d8dc05a6037b2,0,1,0,1,c8bc59dc,ffffffdb,0,1,0,0,1,00000000,"FIXED",3,00,"Data Secure Unprivileged","1 byte",0,0,00000000,"INCR",3,00,"Data Secure Unprivileged","4 bytes",0,1,3f96d6b8,"OKAY",00000000,0,2,1,0,0,0,0,0,0,0,2,0,1,3,1,1,0,1,0037e400,"INCR",3,ff,0,"Data Secure Unprivileged",0,"4 bytes",0,00000000,"FIXED",0,00,0,"Data Secure Unprivileged",0,"1 byte",0,"OKAY",1,dacdc059,"OKAY",00000000,0,2,0,1,0,0,0,0,2,0,1,0,2,1,1,1,0,0,1a735e0e,3,f,0,0,0,00000000,3,1,0,0,1,"No Read Addr Cmds","No Read Addr Cmds","No Write Addr Cmds","No Write Addr Cmds","No Write Responses","No Write Responses","Active","_","_","_","Data Beat","_","_","_","No Write Data Beats","No Write Data Beats"
892,892,0,0,1,1,0,0,0,8e5ffe20afb76fe31ba56e5faf65c9d2,0,3b9a3d13b8d6963fae1d8dc05a6037b2,0,1,0,1,c8bc59dc,ffffffdb,0,1,0,0,1,00000000,"FIXED",3,00,"Data Secure Unprivileged","1 byte",0,0,00000000,"INCR",3,00,"Data Secure Unprivileged","4 bytes",0,1,3f96d6b8,"OKAY",00000000,0,2,1,0,0,0,0,0,0,0,2,0,1,2,0,1,0,1,0037e400,"INCR",3,ff,0,"Data Secure Unprivileged",0,"4 bytes",0,00000000,"FIXED",0,00,0,"Data Secure Unprivileged",0,"1 byte",0,"OKAY",1,dacdc059,"OKAY",00000000,0,2,0,1,0,0,0,0,2,0,1,0,2,1,1,1,0,0,1a735e0e,3,f,1,0,0,00000000,3,1,0,0,1,"No Read Addr Cmds","No Read Addr Cmds","No Write Addr Cmds","No Write Addr Cmds","No Write Responses","No Write Responses","_","_","_","_","_","_","_","_","No Write Data Beats","No Write Data Beats"
893,893,0,0,1,1,0,0,0,8e5ffe20afb76fe31ba56e5faf65c9d2,0,3b9a3d13b8d6963fae1d8dc05a6037b2,0,1,0,1,c8bc59dc,ffffffdb,0,1,0,0,1,00000000,"FIXED",3,00,"Data Secure Unprivileged","1 byte",0,0,00000000,"INCR",3,00,"Data Secure Unprivileged","4 bytes",0,1,3f96d6b8,"OKAY",00000000,0,2,1,0,0,0,0,0,0,0,2,0,1,2,0,1,0,1,0037e400,"INCR",3,ff,0,"Data Secure Unprivileged",0,"4 bytes",0,00000000,"FIXED",0,00,0,"Data Secure Unprivileged",0,"1 byte",0,"OKAY",1,dacdc059,"OKAY",00000000,0,2,0,1,0,0,0,0,2,0,1,0,2,1,1,1,0,0,1a735e0e,3,f,1,0,0,00000000,3,1,0,0,1,"No Read Addr Cmds","No Read Addr Cmds","No Write Addr Cmds","No Write Addr Cmds","No Write Responses","No Write Responses","_","_","_","_","_","_","_","_","No Write Data Beats","No Write Data Beats"
894,894,0,0,1,1,0,0,0,8e5ffe20afb76fe31ba56e5faf65c9d2,0,3b9a3d13b8d6963fae1d8dc05a6037b2,0,1,0,1,c8bc59dc,ffffffdb,0,1,0,0,1,00000000,"FIXED",3,00,"Data Secure Unprivileged","1 byte",0,0,00000000,"INCR",3,00,"Data Secure Unprivileged","4 bytes",0,1,3f96d6b8,"OKAY",00000000,0,2,1,0,0,0,0,0,0,0,2,0,1,2,0,1,0,1,0037e400,"INCR",3,ff,0,"Data Secure Unprivileged",0,"4 bytes",0,00000000,"FIXED",0,00,0,"Data Secure Unprivileged",0,"1 byte",0,"OKAY",1,dacdc059,"OKAY",00000000,0,2,0,1,0,0,0,0,2,0,1,0,2,1,1,1,0,0,1a735e0e,3,f,1,1,0,41820fcd,3,f,1,1,0,"No Read Addr Cmds","No Read Addr Cmds","No Write Addr Cmds","No Write Addr Cmds","No Write Responses","No Write Responses","_","_","Active","Active","_","_","Stream Beat","Stream Beat","No Write Data Beats","No Write Data Beats"
895,895,0,0,1,1,0,0,0,8e5ffe20afb76fe31ba56e5faf65c9d2,0,3b9a3d13b8d6963fae1d8dc05a6037b2,0,1,0,0,c8bc59dc,ffffffdb,0,1,0,0,1,00000000,"FIXED",3,00,"Data Secure Unprivileged","1 byte",0,0,00000000,"INCR",3,00,"Data Secure Unprivileged","4 bytes",0,1,3f96d6b8,"EXOKAY",00000000,0,2,1,0,0,0,0,0,0,0,2,0,1,6,0,1,1,1,0037e400,"INCR",3,ff,0,"Data Secure Unprivileged",0,"4 bytes",0,00000000,"FIXED",0,00,0,"Data Secure Unprivileged",0,"1 byte",0,"OKAY",1,dacdc059,"OKAY",00000000,d,2,0,1,0,0,0,0,2,0,1,0,2,1,1,3,1,0,00000000,3,1,1,0,1,41820fcd,3,f,0,0,0,"No Read Addr Cmds","No Read Addr Cmds","No Write Addr Cmds","No Write Addr Cmds","No Write Responses","No Write Responses","_","Active","_","_","_","Data Beat","_","_","No Write Data Beats","No Write Data Beats"
896,896,0,0,1,1,0,0,0,8e5ffe20afb76fe31ba56e5faf65c9d2,0,3b9a3d13b8d6963fae1d8dc05a6037b2,0,1,0,1,fc696b1d,ffffffdb,0,1,0,0,1,00000000,"FIXED",3,00,"Data Secure Unprivileged","1 byte",0,0,00000000,"INCR",3,00,"Data Secure Unprivileged","4 bytes",0,1,41820fcd,"EXOKAY",00000000,0,2,1,0,0,0,0,0,0,0,2,0,1,6,0,1,1,1,0037e400,"INCR",3,ff,0,"Data Secure Unprivileged",0,"4 bytes",0,00000000,"FIXED",0,00,0,"Data Secure Unprivileged",0,"1 byte",0,"OKAY",1,5c6e7b1b,"OKAY",00000000,d,2,0,1,0,0,0,0,2,0,1,0,2,1,1,1,0,0,00000000,3,1,1,0,1,41820fcd,3,f,0,0,0,"No Read Addr Cmds","No Read Addr Cmds","No Write Addr Cmds","No Write Addr Cmds","No Write Responses","No Write Responses","_","_","_","_","_","_","_","_","No Write Data Beats","No Write Data Beats"
897,897,0,0,1,1,0,0,0,8e5ffe20afb76fe31ba56e5faf65c9d2,0,3b9a3d13b8d6963fae1d8dc05a6037b2,0,1,0,1,fc696b1d,ffffffdb,0,1,0,0,1,00000000,"FIXED",3,00,"Data Secure Unprivileged","1 byte",0,0,00000000,"INCR",3,00,"Data Secure Unprivileged","4 bytes",0,1,41820fcd,"EXOKAY",00000000,0,2,1,0,0,0,0,0,0,0,2,0,1,6,0,1,1,1,0037e400,"INCR",3,ff,0,"Data Secure Unprivileged",0,"4 bytes",0,00000000,"FIXED",0,00,0,"Data Secure Unprivileged",0,"1 byte",0,"OKAY",1,5c6e7b1b,"OKAY",00000000,d,2,0,1,0,0,0,0,2,0,1,0,2,1,1,1,0,0,00000000,3,1,1,0,1,41820fcd,3,f,0,0,0,"No Read Addr Cmds","No Read Addr Cmds","No Write Addr Cmds","No Write Addr Cmds","No Write Responses","No Write Responses","_","_","_","_","_","_","_","_","No Write Data Beats","No Write Data Beats"
898,898,0,0,1,1,0,0,0,8e5ffe20afb76fe31ba56e5faf65c9d2,0,3b9a3d13b8d6963fae1d8dc05a6037b2,0,1,0,1,fc696b1d,ffffffdb,0,1,0,0,1,00000000,"FIXED",3,00,"Data Secure Unprivileged","1 byte",0,0,00000000,"INCR",3,00,"Data Secure Unprivileged","4 bytes",0,1,41820fcd,"EXOKAY",00000000,0,2,1,0,0,0,0,0,0,0,2,0,1,6,0,1,1,1,0037e400,"INCR",3,ff,0,"Data Secure Unprivileged",0,"4 bytes",0,00000000,"FIXED",0,00,0,"Data Secure Unprivileged",0,"1 byte",0,"OKAY",1,5c6e7b1b,"OKAY",00000000,d,2,0,1,0,0,0,0,2,0,1,0,2,1,1,1,0,0,00000000,3,1,1,1,1,00000000,3,1,1,1,1,"No Read Addr Cmds","No Read Addr Cmds","No Write Addr Cmds","No Write Addr Cmds","No Write Responses","No Write Responses","_","_","Active","Active","_","_","Last Stream","Last Stream","No Write Data Beats","No Write Data Beats"
899,899,0,0,1,1,0,0,0,8e5ffe20afb76fe31ba56e5faf65c9d2,0,3b9a3d13b8d6963fae1d8dc05a6037b2,0,1,0,1,fc696b1d,ffffffdb,0,1,0,0,1,00000000,"FIXED",3,00,"Data Secure Unprivileged","1 byte",0,0,00000000,"INCR",3,00,"Data Secure Unprivileged","4 bytes",0,1,41820fcd,"OKAY",00000000,0,2,1,0,0,0,0,0,0,0,2,0,1,3,1,1,0,1,0037e400,"INCR",3,ff,0,"Data Secure Unprivileged",0,"4 bytes",0,00000000,"FIXED",0,00,0,"Data Secure Unprivileged",0,"1 byte",0,"OKAY",1,5c6e7b1b,"OKAY",00000000,0,2,0,1,0,0,0,0,2,0,1,0,2,1,1,1,0,0,dacdc059,3,f,0,0,0,00000000,3,1,0,0,1,"No Read Addr Cmds","No Read Addr Cmds","No Write Addr Cmds","No Write Addr Cmds","No Write Responses","No Write Responses","Active","_","_","_","Data Beat","_","_","_","No Write Data Beats","No Write Data Beats"
900,900,0,0,1,1,0,0,0,8e5ffe20afb76fe31ba56e5faf65c9d2,0,3b9a3d13b8d6963fae1d8dc05a6037b2,0,1,0,1,fc696b1d,ffffffdb,0,1,0,0,1,00000000,"FIXED",3,00,"Data Secure Unprivileged","1 byte",0,0,00000000,"INCR",3,00,"Data Secure Unprivileged","4 bytes",0,1,41820fcd,"OKAY",00000000,0,2,1,0,0,0,0,0,0,0,2,0,1,2,0,1,0,1,0037e400,"INCR",3,ff,0,"Data Secure Unprivileged",0,"4 bytes",0,00000000,"FIXED",0,00,0,"Data Secure Unprivileged",0,"1 byte",0,"OKAY",1,5c6e7b1b,"OKAY",00000000,0,2,0,1,0,0,0,0,2,0,1,0,2,1,1,1,0,0,dacdc059,3,f,1,0,0,00000000,3,1,0,0,1,"No Read Addr Cmds","No Read Addr Cmds","No Write Addr Cmds","No Write Addr Cmds","No Write Responses","No Write Responses","_","_","_","_","_","_","_","_","No Write Data Beats","No Write Data Beats"
901,901,0,0,1,1,0,0,0,8e5ffe20afb76fe31ba56e5faf65c9d2,0,3b9a3d13b8d6963fae1d8dc05a6037b2,0,1,0,1,fc696b1d,ffffffdb,0,1,0,0,1,00000000,"FIXED",3,00,"Data Secure Unprivileged","1 byte",0,0,00000000,"INCR",3,00,"Data Secure Unprivileged","4 bytes",0,1,41820fcd,"OKAY",00000000,0,2,1,0,0,0,0,0,0,0,2,0,1,2,0,1,0,1,0037e400,"INCR",3,ff,0,"Data Secure Unprivileged",0,"4 bytes",0,00000000,"FIXED",0,00,0,"Data Secure Unprivileged",0,"1 byte",0,"OKAY",1,5c6e7b1b,"OKAY",00000000,0,2,0,1,0,0,0,0,2,0,1,0,2,1,1,1,0,0,dacdc059,3,f,1,0,0,00000000,3,1,0,0,1,"No Read Addr Cmds","No Read Addr Cmds","No Write Addr Cmds","No Write Addr Cmds","No Write Responses","No Write Responses","_","_","_","_","_","_","_","_","No Write Data Beats","No Write Data Beats"
902,902,0,0,1,1,0,0,0,8e5ffe20afb76fe31ba56e5faf65c9d2,0,3b9a3d13b8d6963fae1d8dc05a6037b2,0,1,0,1,fc696b1d,ffffffdb,0,1,0,0,1,00000000,"FIXED",3,00,"Data Secure Unprivileged","1 byte",0,0,00000000,"INCR",3,00,"Data Secure Unprivileged","4 bytes",0,1,41820fcd,"OKAY",00000000,0,2,1,0,0,0,0,0,0,0,2,0,1,2,0,1,0,1,0037e400,"INCR",3,ff,0,"Data Secure Unprivileged",0,"4 bytes",0,00000000,"FIXED",0,00,0,"Data Secure Unprivileged",0,"1 byte",0,"OKAY",1,5c6e7b1b,"OKAY",00000000,0,2,0,1,0,0,0,0,2,0,1,0,2,1,1,1,0,0,dacdc059,3,f,1,1,0,d21ec7f9,3,f,1,1,0,"No Read Addr Cmds","No Read Addr Cmds","No Write Addr Cmds","No Write Addr Cmds","No Write Responses","No Write Responses","_","_","Active","Active","_","_","Stream Beat","Stream Beat","No Write Data Beats","No Write Data Beats"
903,903,0,0,1,1,0,0,0,8e5ffe20afb76fe31ba56e5faf65c9d2,0,3b9a3d13b8d6963fae1d8dc05a6037b2,0,1,0,0,fc696b1d,ffffffdb,0,1,0,0,1,00000000,"FIXED",3,00,"Data Secure Unprivileged","1 byte",0,0,00000000,"INCR",3,00,"Data Secure Unprivileged","4 bytes",0,1,41820fcd,"EXOKAY",00000000,0,2,1,0,0,0,0,0,0,0,2,0,1,2,0,1,0,1,0037e400,"INCR",3,ff,0,"Data Secure Unprivileged",0,"4 bytes",0,00000000,"FIXED",0,00,0,"Data Secure Unprivileged",0,"1 byte",0,"OKAY",1,5c6e7b1b,"OKAY",00000000,9,2,0,1,4,0,0,1,2,0,1,0,2,1,1,3,1,0,00000000,3,1,1,0,1,d21ec7f9,3,f,0,0,0,"No Read Addr Cmds","No Read Addr Cmds","No Write Addr Cmds","No Write Addr Cmds","No Write Responses","No Write Responses","_","Active","_","_","_","Data Beat","_","_","No Write Data Beats","No Write Data Beats"
904,904,0,0,1,1,0,0,0,8e5ffe20afb76fe31ba56e5faf65c9d2,0,3b9a3d13b8d6963fae1d8dc05a6037b2,0,1,0,1,8241f0b3,ffffffdb,0,1,0,0,1,00000000,"FIXED",3,00,"Data Secure Unprivileged","1 byte",0,0,00000000,"INCR",3,00,"Data Secure Unprivileged","4 bytes",0,1,d21ec7f9,"EXOKAY",00000000,0,2,1,0,0,0,0,0,0,0,2,0,1,2,0,1,0,1,0037e400,"INCR",3,ff,0,"Data Secure Unprivileged",0,"4 bytes",0,00000000,"FIXED",0,00,0,"Data Secure Unprivileged",0,"1 byte",0,"OKAY",1,55dad4d0,"OKAY",00000000,9,2,0,1,4,0,0,1,2,0,1,0,2,1,1,1,0,0,00000000,3,1,1,0,1,d21ec7f9,3,f,0,0,0,"No Read Addr Cmds","No Read Addr Cmds","No Write Addr Cmds","No Write Addr Cmds","No Write Responses","No Write Responses","_","_","_","_","_","_","_","_","No Write Data Beats","No Write Data Beats"
905,905,0,0,1,1,0,0,0,8e5ffe20afb76fe31ba56e5faf65c9d2,0,3b9a3d13b8d6963fae1d8dc05a6037b2,0,1,0,1,8241f0b3,ffffffdb,0,1,0,0,1,00000000,"FIXED",3,00,"Data Secure Unprivileged","1 byte",0,0,00000000,"INCR",3,00,"Data Secure Unprivileged","4 bytes",0,1,d21ec7f9,"EXOKAY",00000000,0,2,1,0,0,0,0,0,0,0,2,0,1,2,0,1,0,1,0037e400,"INCR",3,ff,0,"Data Secure Unprivileged",0,"4 bytes",0,00000000,"FIXED",0,00,0,"Data Secure Unprivileged",0,"1 byte",0,"OKAY",1,55dad4d0,"OKAY",00000000,9,2,0,1,4,0,0,1,2,0,1,0,2,1,1,1,0,0,00000000,3,1,1,0,1,d21ec7f9,3,f,0,0,0,"No Read Addr Cmds","No Read Addr Cmds","No Write Addr Cmds","No Write Addr Cmds","No Write Responses","No Write Responses","_","_","_","_","_","_","_","_","No Write Data Beats","No Write Data Beats"
906,906,0,0,1,1,0,0,0,8e5ffe20afb76fe31ba56e5faf65c9d2,0,3b9a3d13b8d6963fae1d8dc05a6037b2,0,1,0,1,8241f0b3,ffffffdb,0,1,0,0,1,00000000,"FIXED",3,00,"Data Secure Unprivileged","1 byte",0,0,00000000,"INCR",3,00,"Data Secure Unprivileged","4 bytes",0,1,d21ec7f9,"EXOKAY",00000000,0,2,1,0,0,0,0,0,0,0,2,0,1,2,0,1,0,1,0037e400,"INCR",3,ff,0,"Data Secure Unprivileged",0,"4 bytes",0,00000000,"FIXED",0,00,0,"Data Secure Unprivileged",0,"1 byte",0,"OKAY",1,55dad4d0,"OKAY",00000000,9,2,0,1,4,0,0,1,2,0,1,0,2,1,1,1,0,0,00000000,3,1,1,1,1,00000000,3,1,1,1,1,"No Read Addr Cmds","No Read Addr Cmds","No Write Addr Cmds","No Write Addr Cmds","No Write Responses","No Write Responses","_","_","Active","Active","_","_","Last Stream","Last Stream","No Write Data Beats","No Write Data Beats"
907,907,0,0,1,1,0,0,0,8e5ffe20afb76fe31ba56e5faf65c9d2,0,3b9a3d13b8d6963fae1d8dc05a6037b2,0,1,0,1,8241f0b3,ffffffdb,0,1,0,0,1,00000000,"FIXED",3,00,"Data Secure Unprivileged","1 byte",0,0,00000000,"INCR",3,00,"Data Secure Unprivileged","4 bytes",0,1,d21ec7f9,"OKAY",00000000,0,2,1,0,0,0,0,0,0,0,2,0,1,3,1,1,0,1,0037e400,"INCR",3,ff,0,"Data Secure Unprivileged",0,"4 bytes",0,00000000,"FIXED",0,00,0,"Data Secure Unprivileged",0,"1 byte",0,"OKAY",1,55dad4d0,"OKAY",00000000,0,2,0,1,0,0,0,0,2,0,1,0,2,1,1,1,0,0,5c6e7b1b,3,f,0,0,0,00000000,3,1,0,0,1,"No Read Addr Cmds","No Read Addr Cmds","No Write Addr Cmds","No Write Addr Cmds","No Write Responses","No Write Responses","Active","_","_","_","Data Beat","_","_","_","No Write Data Beats","No Write Data Beats"
908,908,0,0,1,1,0,0,0,8e5ffe20afb76fe31ba56e5faf65c9d2,0,3b9a3d13b8d6963fae1d8dc05a6037b2,0,1,0,1,8241f0b3,ffffffdb,0,1,0,0,1,00000000,"FIXED",3,00,"Data Secure Unprivileged","1 byte",0,0,00000000,"INCR",3,00,"Data Secure Unprivileged","4 bytes",0,1,d21ec7f9,"OKAY",00000000,0,2,1,0,0,0,0,0,0,0,2,0,1,2,0,1,0,1,0037e400,"INCR",3,ff,0,"Data Secure Unprivileged",0,"4 bytes",0,00000000,"FIXED",0,00,0,"Data Secure Unprivileged",0,"1 byte",0,"OKAY",1,55dad4d0,"OKAY",00000000,0,2,0,1,0,0,0,0,2,0,1,0,2,1,1,1,0,0,5c6e7b1b,3,f,1,0,0,00000000,3,1,0,0,1,"No Read Addr Cmds","No Read Addr Cmds","No Write Addr Cmds","No Write Addr Cmds","No Write Responses","No Write Responses","_","_","_","_","_","_","_","_","No Write Data Beats","No Write Data Beats"
909,909,0,0,1,1,0,0,0,8e5ffe20afb76fe31ba56e5faf65c9d2,0,3b9a3d13b8d6963fae1d8dc05a6037b2,0,1,0,1,8241f0b3,ffffffdb,0,1,0,0,1,00000000,"FIXED",3,00,"Data Secure Unprivileged","1 byte",0,0,00000000,"INCR",3,00,"Data Secure Unprivileged","4 bytes",0,1,d21ec7f9,"OKAY",00000000,0,2,1,0,0,0,0,0,0,0,2,0,1,2,0,1,0,1,0037e400,"INCR",3,ff,0,"Data Secure Unprivileged",0,"4 bytes",0,00000000,"FIXED",0,00,0,"Data Secure Unprivileged",0,"1 byte",0,"OKAY",1,55dad4d0,"OKAY",00000000,0,2,0,1,0,0,0,0,2,0,1,0,2,1,1,1,0,0,5c6e7b1b,3,f,1,0,0,00000000,3,1,0,0,1,"No Read Addr Cmds","No Read Addr Cmds","No Write Addr Cmds","No Write Addr Cmds","No Write Responses","No Write Responses","_","_","_","_","_","_","_","_","No Write Data Beats","No Write Data Beats"
910,910,0,0,1,1,0,0,0,8e5ffe20afb76fe31ba56e5faf65c9d2,0,3b9a3d13b8d6963fae1d8dc05a6037b2,0,1,0,1,8241f0b3,ffffffdb,0,1,0,0,1,00000000,"FIXED",3,00,"Data Secure Unprivileged","1 byte",0,0,00000000,"INCR",3,00,"Data Secure Unprivileged","4 bytes",0,1,d21ec7f9,"OKAY",00000000,0,2,1,0,0,0,0,0,0,0,2,0,1,2,0,1,0,1,0037e400,"INCR",3,ff,0,"Data Secure Unprivileged",0,"4 bytes",0,00000000,"FIXED",0,00,0,"Data Secure Unprivileged",0,"1 byte",0,"OKAY",1,55dad4d0,"OKAY",00000000,0,2,0,1,0,0,0,0,2,0,1,0,2,1,1,1,0,0,5c6e7b1b,3,f,1,1,0,809d9172,3,f,1,1,0,"No Read Addr Cmds","No Read Addr Cmds","No Write Addr Cmds","No Write Addr Cmds","No Write Responses","No Write Responses","_","_","Active","Active","_","_","Stream Beat","Stream Beat","No Write Data Beats","No Write Data Beats"
911,911,0,0,1,1,0,0,0,8e5ffe20afb76fe31ba56e5faf65c9d2,0,3b9a3d13b8d6963fae1d8dc05a6037b2,0,1,0,0,8241f0b3,ffffffdb,0,1,0,0,1,00000000,"FIXED",3,00,"Data Secure Unprivileged","1 byte",0,0,00000000,"INCR",3,00,"Data Secure Unprivileged","4 bytes",0,1,d21ec7f9,"SLVERR",00000000,0,2,1,0,0,0,0,0,0,0,2,0,1,2,0,1,0,1,0037e400,"INCR",3,ff,0,"Data Secure Unprivileged",0,"4 bytes",0,00000000,"FIXED",0,00,0,"Data Secure Unprivileged",0,"1 byte",0,"OKAY",1,55dad4d0,"OKAY",00000000,2,2,0,1,4,0,0,1,2,0,1,0,2,1,1,3,1,0,00000000,3,1,1,0,1,809d9172,3,f,0,0,0,"No Read Addr Cmds","No Read Addr Cmds","No Write Addr Cmds","No Write Addr Cmds","No Write Responses","No Write Responses","_","Active","_","_","_","Data Beat","_","_","No Write Data Beats","No Write Data Beats"
912,912,0,0,1,1,0,0,0,8e5ffe20afb76fe31ba56e5faf65c9d2,0,3b9a3d13b8d6963fae1d8dc05a6037b2,0,1,0,1,4b78e39f,ffffffdb,0,1,0,0,1,00000000,"FIXED",3,00,"Data Secure Unprivileged","1 byte",0,0,00000000,"INCR",3,00,"Data Secure Unprivileged","4 bytes",0,1,809d9172,"SLVERR",00000000,0,2,1,0,0,0,0,0,0,0,2,0,1,2,0,1,0,1,0037e400,"INCR",3,ff,0,"Data Secure Unprivileged",0,"4 bytes",0,00000000,"FIXED",0,00,0,"Data Secure Unprivileged",0,"1 byte",0,"OKAY",1,0281b864,"OKAY",00000000,2,2,0,1,4,0,0,1,2,0,1,0,2,1,1,1,0,0,00000000,3,1,1,0,1,809d9172,3,f,0,0,0,"No Read Addr Cmds","No Read Addr Cmds","No Write Addr Cmds","No Write Addr Cmds","No Write Responses","No Write Responses","_","_","_","_","_","_","_","_","No Write Data Beats","No Write Data Beats"
913,913,0,0,1,1,0,0,0,8e5ffe20afb76fe31ba56e5faf65c9d2,0,3b9a3d13b8d6963fae1d8dc05a6037b2,0,1,0,1,4b78e39f,ffffffdb,0,1,0,0,1,00000000,"FIXED",3,00,"Data Secure Unprivileged","1 byte",0,0,00000000,"INCR",3,00,"Data Secure Unprivileged","4 bytes",0,1,809d9172,"SLVERR",00000000,0,2,1,0,0,0,0,0,0,0,2,0,1,2,0,1,0,1,0037e400,"INCR",3,ff,0,"Data Secure Unprivileged",0,"4 bytes",0,00000000,"FIXED",0,00,0,"Data Secure Unprivileged",0,"1 byte",0,"OKAY",1,0281b864,"OKAY",00000000,2,2,0,1,4,0,0,1,2,0,1,0,2,1,1,1,0,0,00000000,3,1,1,0,1,809d9172,3,f,0,0,0,"No Read Addr Cmds","No Read Addr Cmds","No Write Addr Cmds","No Write Addr Cmds","No Write Responses","No Write Responses","_","_","_","_","_","_","_","_","No Write Data Beats","No Write Data Beats"
914,914,0,0,1,1,0,0,0,8e5ffe20afb76fe31ba56e5faf65c9d2,0,3b9a3d13b8d6963fae1d8dc05a6037b2,0,1,0,1,4b78e39f,ffffffdb,0,1,0,0,1,00000000,"FIXED",3,00,"Data Secure Unprivileged","1 byte",0,0,00000000,"INCR",3,00,"Data Secure Unprivileged","4 bytes",0,1,809d9172,"SLVERR",00000000,0,2,1,0,0,0,0,0,0,0,2,0,1,2,0,1,0,1,0037e400,"INCR",3,ff,0,"Data Secure Unprivileged",0,"4 bytes",0,00000000,"FIXED",0,00,0,"Data Secure Unprivileged",0,"1 byte",0,"OKAY",1,0281b864,"OKAY",00000000,2,2,0,1,4,0,0,1,2,0,1,0,2,1,1,1,0,0,00000000,3,1,1,1,1,00000000,3,1,1,1,1,"No Read Addr Cmds","No Read Addr Cmds","No Write Addr Cmds","No Write Addr Cmds","No Write Responses","No Write Responses","_","_","Active","Active","_","_","Last Stream","Last Stream","No Write Data Beats","No Write Data Beats"
915,915,0,0,1,1,0,0,0,8e5ffe20afb76fe31ba56e5faf65c9d2,0,3b9a3d13b8d6963fae1d8dc05a6037b2,0,1,0,1,4b78e39f,ffffffdb,0,1,0,0,1,00000000,"FIXED",3,00,"Data Secure Unprivileged","1 byte",0,0,00000000,"INCR",3,00,"Data Secure Unprivileged","4 bytes",0,1,809d9172,"OKAY",00000000,0,2,1,0,0,0,0,0,0,0,2,0,1,3,1,1,0,1,0037e400,"INCR",3,ff,0,"Data Secure Unprivileged",0,"4 bytes",0,00000000,"FIXED",0,00,0,"Data Secure Unprivileged",0,"1 byte",0,"OKAY",1,0281b864,"OKAY",00000000,0,2,0,1,0,0,0,0,2,0,1,0,2,1,1,1,0,0,55dad4d0,3,f,0,0,0,00000000,3,1,0,0,1,"No Read Addr Cmds","No Read Addr Cmds","No Write Addr Cmds","No Write Addr Cmds","No Write Responses","No Write Responses","Active","_","_","_","Data Beat","_","_","_","No Write Data Beats","No Write Data Beats"
916,916,0,0,1,1,0,0,0,8e5ffe20afb76fe31ba56e5faf65c9d2,0,3b9a3d13b8d6963fae1d8dc05a6037b2,0,1,0,1,4b78e39f,ffffffdb,0,1,0,0,1,00000000,"FIXED",3,00,"Data Secure Unprivileged","1 byte",0,0,00000000,"INCR",3,00,"Data Secure Unprivileged","4 bytes",0,1,809d9172,"OKAY",00000000,0,2,1,0,0,0,0,0,0,0,2,0,1,2,0,1,0,1,0037e400,"INCR",3,ff,0,"Data Secure Unprivileged",0,"4 bytes",0,00000000,"FIXED",0,00,0,"Data Secure Unprivileged",0,"1 byte",0,"OKAY",1,0281b864,"OKAY",00000000,0,2,0,1,0,0,0,0,2,0,1,0,2,1,1,1,0,0,55dad4d0,3,f,1,0,0,00000000,3,1,0,0,1,"No Read Addr Cmds","No Read Addr Cmds","No Write Addr Cmds","No Write Addr Cmds","No Write Responses","No Write Responses","_","_","_","_","_","_","_","_","No Write Data Beats","No Write Data Beats"
917,917,0,0,1,1,0,0,0,8e5ffe20afb76fe31ba56e5faf65c9d2,0,3b9a3d13b8d6963fae1d8dc05a6037b2,0,1,0,1,4b78e39f,ffffffdb,0,1,0,0,1,00000000,"FIXED",3,00,"Data Secure Unprivileged","1 byte",0,0,00000000,"INCR",3,00,"Data Secure Unprivileged","4 bytes",0,1,809d9172,"OKAY",00000000,0,2,1,0,0,0,0,0,0,0,2,0,1,2,0,1,0,1,0037e400,"INCR",3,ff,0,"Data Secure Unprivileged",0,"4 bytes",0,00000000,"FIXED",0,00,0,"Data Secure Unprivileged",0,"1 byte",0,"OKAY",1,0281b864,"OKAY",00000000,0,2,0,1,0,0,0,0,2,0,1,0,2,1,1,1,0,0,55dad4d0,3,f,1,0,0,00000000,3,1,0,0,1,"No Read Addr Cmds","No Read Addr Cmds","No Write Addr Cmds","No Write Addr Cmds","No Write Responses","No Write Responses","_","_","_","_","_","_","_","_","No Write Data Beats","No Write Data Beats"
918,918,0,0,1,1,0,0,0,8e5ffe20afb76fe31ba56e5faf65c9d2,0,3b9a3d13b8d6963fae1d8dc05a6037b2,0,1,0,1,4b78e39f,ffffffdb,0,1,0,0,1,00000000,"FIXED",3,00,"Data Secure Unprivileged","1 byte",0,0,00000000,"INCR",3,00,"Data Secure Unprivileged","4 bytes",0,1,809d9172,"OKAY",00000000,0,2,1,0,0,0,0,0,0,0,2,0,1,2,0,1,0,1,0037e400,"INCR",3,ff,0,"Data Secure Unprivileged",0,"4 bytes",0,00000000,"FIXED",0,00,0,"Data Secure Unprivileged",0,"1 byte",0,"OKAY",1,0281b864,"OKAY",00000000,0,2,0,1,0,0,0,0,2,0,1,0,2,1,1,1,0,0,55dad4d0,3,f,1,1,0,f6ff91b8,3,f,1,1,0,"No Read Addr Cmds","No Read Addr Cmds","No Write Addr Cmds","No Write Addr Cmds","No Write Responses","No Write Responses","_","_","Active","Active","_","_","Stream Beat","Stream Beat","No Write Data Beats","No Write Data Beats"
919,919,0,0,1,1,0,0,0,8e5ffe20afb76fe31ba56e5faf65c9d2,0,3b9a3d13b8d6963fae1d8dc05a6037b2,0,1,0,0,4b78e39f,ffffffdb,0,1,0,0,1,00000000,"FIXED",3,00,"Data Secure Unprivileged","1 byte",0,0,00000000,"INCR",3,00,"Data Secure Unprivileged","4 bytes",0,1,809d9172,"OKAY",00000000,0,2,1,0,0,0,0,0,0,0,2,0,1,2,0,1,0,1,0037e400,"INCR",3,ff,0,"Data Secure Unprivileged",0,"4 bytes",0,00000000,"FIXED",0,00,0,"Data Secure Unprivileged",0,"1 byte",0,"OKAY",1,0281b864,"OKAY",00000000,8,2,0,1,4,0,0,1,2,0,1,0,2,1,1,3,1,0,00000000,3,1,1,0,1,f6ff91b8,3,f,0,0,0,"No Read Addr Cmds","No Read Addr Cmds","No Write Addr Cmds","No Write Addr Cmds","No Write Responses","No Write Responses","_","Active","_","_","_","Data Beat","_","_","No Write Data Beats","No Write Data Beats"
920,920,0,0,1,1,0,0,0,8e5ffe20afb76fe31ba56e5faf65c9d2,0,3b9a3d13b8d6963fae1d8dc05a6037b2,0,1,0,1,01b9894e,ffffffdb,0,1,0,0,1,00000000,"FIXED",3,00,"Data Secure Unprivileged","1 byte",0,0,00000000,"INCR",3,00,"Data Secure Unprivileged","4 bytes",0,1,f6ff91b8,"OKAY",00000000,0,2,1,0,0,0,0,0,0,0,2,0,1,2,0,1,0,1,0037e400,"INCR",3,ff,0,"Data Secure Unprivileged",0,"4 bytes",0,00000000,"FIXED",0,00,0,"Data Secure Unprivileged",0,"1 byte",0,"OKAY",1,4c60f1ac,"OKAY",00000000,8,2,0,1,4,0,0,1,2,0,1,0,2,1,1,1,0,0,00000000,3,1,1,0,1,f6ff91b8,3,f,0,0,0,"No Read Addr Cmds","No Read Addr Cmds","No Write Addr Cmds","No Write Addr Cmds","No Write Responses","No Write Responses","_","_","_","_","_","_","_","_","No Write Data Beats","No Write Data Beats"
921,921,0,0,1,1,0,0,0,8e5ffe20afb76fe31ba56e5faf65c9d2,0,3b9a3d13b8d6963fae1d8dc05a6037b2,0,1,0,1,01b9894e,ffffffdb,0,1,0,0,1,00000000,"FIXED",3,00,"Data Secure Unprivileged","1 byte",0,0,00000000,"INCR",3,00,"Data Secure Unprivileged","4 bytes",0,1,f6ff91b8,"OKAY",00000000,0,2,1,0,0,0,0,0,0,0,2,0,1,2,0,1,0,1,0037e400,"INCR",3,ff,0,"Data Secure Unprivileged",0,"4 bytes",0,00000000,"FIXED",0,00,0,"Data Secure Unprivileged",0,"1 byte",0,"OKAY",1,4c60f1ac,"OKAY",00000000,8,2,0,1,4,0,0,1,2,0,1,0,2,1,1,1,0,0,00000000,3,1,1,0,1,f6ff91b8,3,f,0,0,0,"No Read Addr Cmds","No Read Addr Cmds","No Write Addr Cmds","No Write Addr Cmds","No Write Responses","No Write Responses","_","_","_","_","_","_","_","_","No Write Data Beats","No Write Data Beats"
922,922,0,0,1,1,0,0,0,8e5ffe20afb76fe31ba56e5faf65c9d2,0,3b9a3d13b8d6963fae1d8dc05a6037b2,0,1,0,1,01b9894e,ffffffdb,0,1,0,0,1,00000000,"FIXED",3,00,"Data Secure Unprivileged","1 byte",0,0,00000000,"INCR",3,00,"Data Secure Unprivileged","4 bytes",0,1,f6ff91b8,"OKAY",00000000,0,2,1,0,0,0,0,0,0,0,2,0,1,2,0,1,0,1,0037e400,"INCR",3,ff,0,"Data Secure Unprivileged",0,"4 bytes",0,00000000,"FIXED",0,00,0,"Data Secure Unprivileged",0,"1 byte",0,"OKAY",1,4c60f1ac,"OKAY",00000000,8,2,0,1,4,0,0,1,2,0,1,0,2,1,1,1,0,0,00000000,3,1,1,1,1,00000000,3,1,1,1,1,"No Read Addr Cmds","No Read Addr Cmds","No Write Addr Cmds","No Write Addr Cmds","No Write Responses","No Write Responses","_","_","Active","Active","_","_","Last Stream","Last Stream","No Write Data Beats","No Write Data Beats"
923,923,0,0,1,1,0,0,0,8e5ffe20afb76fe31ba56e5faf65c9d2,0,3b9a3d13b8d6963fae1d8dc05a6037b2,0,1,0,1,01b9894e,ffffffdb,0,1,0,0,1,00000000,"FIXED",3,00,"Data Secure Unprivileged","1 byte",0,0,00000000,"INCR",3,00,"Data Secure Unprivileged","4 bytes",0,1,f6ff91b8,"OKAY",00000000,0,2,1,0,0,0,0,0,0,0,2,0,1,3,1,1,0,1,0037e400,"INCR",3,ff,0,"Data Secure Unprivileged",0,"4 bytes",0,00000000,"FIXED",0,00,0,"Data Secure Unprivileged",0,"1 byte",0,"OKAY",1,4c60f1ac,"OKAY",00000000,0,2,0,1,0,0,0,0,2,0,1,0,2,1,1,1,0,0,0281b864,3,f,0,0,0,00000000,3,1,0,0,1,"No Read Addr Cmds","No Read Addr Cmds","No Write Addr Cmds","No Write Addr Cmds","No Write Responses","No Write Responses","Active","_","_","_","Data Beat","_","_","_","No Write Data Beats","No Write Data Beats"
924,924,0,0,1,1,0,0,0,8e5ffe20afb76fe31ba56e5faf65c9d2,0,3b9a3d13b8d6963fae1d8dc05a6037b2,0,1,0,1,01b9894e,ffffffdb,0,1,0,0,1,00000000,"FIXED",3,00,"Data Secure Unprivileged","1 byte",0,0,00000000,"INCR",3,00,"Data Secure Unprivileged","4 bytes",0,1,f6ff91b8,"OKAY",00000000,0,2,1,0,0,0,0,0,0,0,2,0,1,2,0,1,0,1,0037e400,"INCR",3,ff,0,"Data Secure Unprivileged",0,"4 bytes",0,00000000,"FIXED",0,00,0,"Data Secure Unprivileged",0,"1 byte",0,"OKAY",1,4c60f1ac,"OKAY",00000000,0,2,0,1,0,0,0,0,2,0,1,0,2,1,1,1,0,0,0281b864,3,f,1,0,0,00000000,3,1,0,0,1,"No Read Addr Cmds","No Read Addr Cmds","No Write Addr Cmds","No Write Addr Cmds","No Write Responses","No Write Responses","_","_","_","_","_","_","_","_","No Write Data Beats","No Write Data Beats"
925,925,0,0,1,1,0,0,0,8e5ffe20afb76fe31ba56e5faf65c9d2,0,3b9a3d13b8d6963fae1d8dc05a6037b2,0,1,0,1,01b9894e,ffffffdb,0,1,0,0,1,00000000,"FIXED",3,00,"Data Secure Unprivileged","1 byte",0,0,00000000,"INCR",3,00,"Data Secure Unprivileged","4 bytes",0,1,f6ff91b8,"OKAY",00000000,0,2,1,0,0,0,0,0,0,0,2,0,1,2,0,1,0,1,0037e400,"INCR",3,ff,0,"Data Secure Unprivileged",0,"4 bytes",0,00000000,"FIXED",0,00,0,"Data Secure Unprivileged",0,"1 byte",0,"OKAY",1,4c60f1ac,"OKAY",00000000,0,2,0,1,0,0,0,0,2,0,1,0,2,1,1,1,0,0,0281b864,3,f,1,0,0,00000000,3,1,0,0,1,"No Read Addr Cmds","No Read Addr Cmds","No Write Addr Cmds","No Write Addr Cmds","No Write Responses","No Write Responses","_","_","_","_","_","_","_","_","No Write Data Beats","No Write Data Beats"
926,926,0,0,1,1,0,0,0,8e5ffe20afb76fe31ba56e5faf65c9d2,0,3b9a3d13b8d6963fae1d8dc05a6037b2,0,1,0,1,01b9894e,ffffffdb,0,1,0,0,1,00000000,"FIXED",3,00,"Data Secure Unprivileged","1 byte",0,0,00000000,"INCR",3,00,"Data Secure Unprivileged","4 bytes",0,1,f6ff91b8,"OKAY",00000000,0,2,1,0,0,0,0,0,0,0,2,0,1,2,0,1,0,1,0037e400,"INCR",3,ff,0,"Data Secure Unprivileged",0,"4 bytes",0,00000000,"FIXED",0,00,0,"Data Secure Unprivileged",0,"1 byte",0,"OKAY",1,4c60f1ac,"OKAY",00000000,0,2,0,1,0,0,0,0,2,0,1,0,2,1,1,1,0,0,0281b864,3,f,1,1,0,62b36353,3,f,1,1,0,"No Read Addr Cmds","No Read Addr Cmds","No Write Addr Cmds","No Write Addr Cmds","No Write Responses","No Write Responses","_","_","Active","Active","_","_","Stream Beat","Stream Beat","No Write Data Beats","No Write Data Beats"
927,927,0,0,1,1,0,0,0,8e5ffe20afb76fe31ba56e5faf65c9d2,0,3b9a3d13b8d6963fae1d8dc05a6037b2,0,1,0,0,01b9894e,ffffffdb,0,1,0,0,1,00000000,"FIXED",3,00,"Data Secure Unprivileged","1 byte",0,0,00000000,"INCR",3,00,"Data Secure Unprivileged","4 bytes",0,1,f6ff91b8,"DECERR",00000000,0,2,1,0,0,0,0,0,0,0,2,0,1,2,0,1,0,1,0037e400,"INCR",3,ff,0,"Data Secure Unprivileged",0,"4 bytes",0,00000000,"FIXED",0,00,0,"Data Secure Unprivileged",0,"1 byte",0,"OKAY",1,4c60f1ac,"OKAY",00000000,3,2,0,1,4,0,0,1,2,0,1,0,2,1,1,3,1,0,00000000,3,1,1,0,1,62b36353,3,f,0,0,0,"No Read Addr Cmds","No Read Addr Cmds","No Write Addr Cmds","No Write Addr Cmds","No Write Responses","No Write Responses","_","Active","_","_","_","Data Beat","_","_","No Write Data Beats","No Write Data Beats"
928,928,0,0,1,1,0,0,0,8e5ffe20afb76fe31ba56e5faf65c9d2,0,3b9a3d13b8d6963fae1d8dc05a6037b2,0,1,0,1,6fff891d,ffffffdb,0,1,0,0,1,00000000,"FIXED",3,00,"Data Secure Unprivileged","1 byte",0,0,00000000,"INCR",3,00,"Data Secure Unprivileged","4 bytes",0,1,62b36353,"DECERR",00000000,0,2,1,0,0,0,0,0,0,0,2,0,1,2,0,1,0,1,0037e400,"INCR",3,ff,0,"Data Secure Unprivileged",0,"4 bytes",0,00000000,"FIXED",0,00,0,"Data Secure Unprivileged",0,"1 byte",0,"OKAY",1,7eb6761d,"OKAY",00000000,3,2,0,1,4,0,0,1,2,0,1,0,2,1,1,1,0,0,00000000,3,1,1,0,1,62b36353,3,f,0,0,0,"No Read Addr Cmds","No Read Addr Cmds","No Write Addr Cmds","No Write Addr Cmds","No Write Responses","No Write Responses","_","_","_","_","_","_","_","_","No Write Data Beats","No Write Data Beats"
929,929,0,0,1,1,0,0,0,8e5ffe20afb76fe31ba56e5faf65c9d2,0,3b9a3d13b8d6963fae1d8dc05a6037b2,0,1,0,1,6fff891d,ffffffdb,0,1,0,0,1,00000000,"FIXED",3,00,"Data Secure Unprivileged","1 byte",0,0,00000000,"INCR",3,00,"Data Secure Unprivileged","4 bytes",0,1,62b36353,"DECERR",00000000,0,2,1,0,0,0,0,0,0,0,2,0,1,2,0,1,0,1,0037e400,"INCR",3,ff,0,"Data Secure Unprivileged",0,"4 bytes",0,00000000,"FIXED",0,00,0,"Data Secure Unprivileged",0,"1 byte",0,"OKAY",1,7eb6761d,"OKAY",00000000,3,2,0,1,4,0,0,1,2,0,1,0,2,1,1,1,0,0,00000000,3,1,1,0,1,62b36353,3,f,0,0,0,"No Read Addr Cmds","No Read Addr Cmds","No Write Addr Cmds","No Write Addr Cmds","No Write Responses","No Write Responses","_","_","_","_","_","_","_","_","No Write Data Beats","No Write Data Beats"
930,930,0,0,1,1,0,0,0,8e5ffe20afb76fe31ba56e5faf65c9d2,0,3b9a3d13b8d6963fae1d8dc05a6037b2,0,1,0,1,6fff891d,ffffffdb,0,1,0,0,1,00000000,"FIXED",3,00,"Data Secure Unprivileged","1 byte",0,0,00000000,"INCR",3,00,"Data Secure Unprivileged","4 bytes",0,1,62b36353,"DECERR",00000000,0,2,1,0,0,0,0,0,0,0,2,0,1,2,0,1,0,1,0037e400,"INCR",3,ff,0,"Data Secure Unprivileged",0,"4 bytes",0,00000000,"FIXED",0,00,0,"Data Secure Unprivileged",0,"1 byte",0,"OKAY",1,7eb6761d,"OKAY",00000000,3,2,0,1,4,0,0,1,2,0,1,0,2,1,1,1,0,0,00000000,3,1,1,1,1,00000000,3,1,1,1,1,"No Read Addr Cmds","No Read Addr Cmds","No Write Addr Cmds","No Write Addr Cmds","No Write Responses","No Write Responses","_","_","Active","Active","_","_","Last Stream","Last Stream","No Write Data Beats","No Write Data Beats"
931,931,0,0,1,1,0,0,0,8e5ffe20afb76fe31ba56e5faf65c9d2,0,3b9a3d13b8d6963fae1d8dc05a6037b2,0,1,0,1,6fff891d,ffffffdb,0,1,0,0,1,00000000,"FIXED",3,00,"Data Secure Unprivileged","1 byte",0,0,00000000,"INCR",3,00,"Data Secure Unprivileged","4 bytes",0,1,62b36353,"OKAY",00000000,0,2,1,0,0,0,0,0,0,0,2,0,1,3,1,1,0,1,0037e400,"INCR",3,ff,0,"Data Secure Unprivileged",0,"4 bytes",0,00000000,"FIXED",0,00,0,"Data Secure Unprivileged",0,"1 byte",0,"OKAY",1,7eb6761d,"OKAY",00000000,0,2,0,1,0,0,0,0,2,0,1,0,2,1,1,1,0,0,4c60f1ac,3,f,0,0,0,00000000,3,1,0,0,1,"No Read Addr Cmds","No Read Addr Cmds","No Write Addr Cmds","No Write Addr Cmds","No Write Responses","No Write Responses","Active","_","_","_","Data Beat","_","_","_","No Write Data Beats","No Write Data Beats"
932,932,0,0,1,1,0,0,0,8e5ffe20afb76fe31ba56e5faf65c9d2,0,3b9a3d13b8d6963fae1d8dc05a6037b2,0,1,0,1,6fff891d,ffffffdb,0,1,0,0,1,00000000,"FIXED",3,00,"Data Secure Unprivileged","1 byte",0,0,00000000,"INCR",3,00,"Data Secure Unprivileged","4 bytes",0,1,62b36353,"OKAY",00000000,0,2,1,0,0,0,0,0,0,0,2,0,1,2,0,1,0,1,0037e400,"INCR",3,ff,0,"Data Secure Unprivileged",0,"4 bytes",0,00000000,"FIXED",0,00,0,"Data Secure Unprivileged",0,"1 byte",0,"OKAY",1,7eb6761d,"OKAY",00000000,0,2,0,1,0,0,0,0,2,0,1,0,2,1,1,1,0,0,4c60f1ac,3,f,1,0,0,00000000,3,1,0,0,1,"No Read Addr Cmds","No Read Addr Cmds","No Write Addr Cmds","No Write Addr Cmds","No Write Responses","No Write Responses","_","_","_","_","_","_","_","_","No Write Data Beats","No Write Data Beats"
933,933,0,0,1,1,0,0,0,8e5ffe20afb76fe31ba56e5faf65c9d2,0,3b9a3d13b8d6963fae1d8dc05a6037b2,0,1,0,1,6fff891d,ffffffdb,0,1,0,0,1,00000000,"FIXED",3,00,"Data Secure Unprivileged","1 byte",0,0,00000000,"INCR",3,00,"Data Secure Unprivileged","4 bytes",0,1,62b36353,"OKAY",00000000,0,2,1,0,0,0,0,0,0,0,2,0,1,2,0,1,0,1,0037e400,"INCR",3,ff,0,"Data Secure Unprivileged",0,"4 bytes",0,00000000,"FIXED",0,00,0,"Data Secure Unprivileged",0,"1 byte",0,"OKAY",1,7eb6761d,"OKAY",00000000,0,2,0,1,0,0,0,0,2,0,1,0,2,1,1,1,0,0,4c60f1ac,3,f,1,0,0,00000000,3,1,0,0,1,"No Read Addr Cmds","No Read Addr Cmds","No Write Addr Cmds","No Write Addr Cmds","No Write Responses","No Write Responses","_","_","_","_","_","_","_","_","No Write Data Beats","No Write Data Beats"
934,934,0,0,1,1,0,0,0,8e5ffe20afb76fe31ba56e5faf65c9d2,0,3b9a3d13b8d6963fae1d8dc05a6037b2,0,1,0,1,6fff891d,ffffffdb,0,1,0,0,1,00000000,"FIXED",3,00,"Data Secure Unprivileged","1 byte",0,0,00000000,"INCR",3,00,"Data Secure Unprivileged","4 bytes",0,1,62b36353,"OKAY",00000000,0,2,1,0,0,0,0,0,0,0,2,0,1,2,0,1,0,1,0037e400,"INCR",3,ff,0,"Data Secure Unprivileged",0,"4 bytes",0,00000000,"FIXED",0,00,0,"Data Secure Unprivileged",0,"1 byte",0,"OKAY",1,7eb6761d,"OKAY",00000000,0,2,0,1,0,0,0,0,2,0,1,0,2,1,1,1,0,0,4c60f1ac,3,f,1,1,0,de7fab89,3,f,1,1,0,"No Read Addr Cmds","No Read Addr Cmds","No Write Addr Cmds","No Write Addr Cmds","No Write Responses","No Write Responses","_","_","Active","Active","_","_","Stream Beat","Stream Beat","No Write Data Beats","No Write Data Beats"
935,935,0,0,1,1,0,0,0,8e5ffe20afb76fe31ba56e5faf65c9d2,0,3b9a3d13b8d6963fae1d8dc05a6037b2,0,1,0,0,6fff891d,ffffffdb,0,1,0,0,1,00000000,"FIXED",3,00,"Data Secure Unprivileged","1 byte",0,0,00000000,"INCR",3,00,"Data Secure Unprivileged","4 bytes",0,1,62b36353,"EXOKAY",00000000,0,2,1,0,0,0,0,0,0,0,2,0,1,2,0,1,0,1,0037e400,"INCR",3,ff,0,"Data Secure Unprivileged",0,"4 bytes",0,00000000,"FIXED",0,00,0,"Data Secure Unprivileged",0,"1 byte",0,"OKAY",1,7eb6761d,"OKAY",00000000,9,2,0,1,0,0,0,0,2,0,1,0,2,1,1,3,1,0,00000000,3,1,1,0,1,de7fab89,3,f,0,0,0,"No Read Addr Cmds","No Read Addr Cmds","No Write Addr Cmds","No Write Addr Cmds","No Write Responses","No Write Responses","_","Active","_","_","_","Data Beat","_","_","No Write Data Beats","No Write Data Beats"
936,936,0,0,1,1,0,0,0,8e5ffe20afb76fe31ba56e5faf65c9d2,0,3b9a3d13b8d6963fae1d8dc05a6037b2,0,1,0,1,46cdc6ca,ffffffdb,0,1,0,0,1,00000000,"FIXED",3,00,"Data Secure Unprivileged","1 byte",0,0,00000000,"INCR",3,00,"Data Secure Unprivileged","4 bytes",0,1,de7fab89,"EXOKAY",00000000,0,2,1,0,0,0,0,0,0,0,2,0,1,2,0,1,0,1,0037e400,"INCR",3,ff,0,"Data Secure Unprivileged",0,"4 bytes",0,00000000,"FIXED",0,00,0,"Data Secure Unprivileged",0,"1 byte",0,"OKAY",1,ff8127fb,"OKAY",00000000,9,2,0,1,0,0,0,0,2,0,1,0,2,1,1,1,0,0,00000000,3,1,1,0,1,de7fab89,3,f,0,0,0,"No Read Addr Cmds","No Read Addr Cmds","No Write Addr Cmds","No Write Addr Cmds","No Write Responses","No Write Responses","_","_","_","_","_","_","_","_","No Write Data Beats","No Write Data Beats"
937,937,0,0,1,1,0,0,0,8e5ffe20afb76fe31ba56e5faf65c9d2,0,3b9a3d13b8d6963fae1d8dc05a6037b2,0,1,0,1,46cdc6ca,ffffffdb,0,1,0,0,1,00000000,"FIXED",3,00,"Data Secure Unprivileged","1 byte",0,0,00000000,"INCR",3,00,"Data Secure Unprivileged","4 bytes",0,1,de7fab89,"EXOKAY",00000000,0,2,1,0,0,0,0,0,0,0,2,0,1,2,0,1,0,1,0037e400,"INCR",3,ff,0,"Data Secure Unprivileged",0,"4 bytes",0,00000000,"FIXED",0,00,0,"Data Secure Unprivileged",0,"1 byte",0,"OKAY",1,ff8127fb,"OKAY",00000000,9,2,0,1,0,0,0,0,2,0,1,0,2,1,1,1,0,0,00000000,3,1,1,0,1,de7fab89,3,f,0,0,0,"No Read Addr Cmds","No Read Addr Cmds","No Write Addr Cmds","No Write Addr Cmds","No Write Responses","No Write Responses","_","_","_","_","_","_","_","_","No Write Data Beats","No Write Data Beats"
938,938,0,0,1,1,0,0,0,8e5ffe20afb76fe31ba56e5faf65c9d2,0,3b9a3d13b8d6963fae1d8dc05a6037b2,0,1,0,1,46cdc6ca,ffffffdb,0,1,0,0,1,00000000,"FIXED",3,00,"Data Secure Unprivileged","1 byte",0,0,00000000,"INCR",3,00,"Data Secure Unprivileged","4 bytes",0,1,de7fab89,"EXOKAY",00000000,0,2,1,0,0,0,0,0,0,0,2,0,1,2,0,1,0,1,0037e400,"INCR",3,ff,0,"Data Secure Unprivileged",0,"4 bytes",0,00000000,"FIXED",0,00,0,"Data Secure Unprivileged",0,"1 byte",0,"OKAY",1,ff8127fb,"OKAY",00000000,9,2,0,1,0,0,0,0,2,0,1,0,2,1,1,1,0,0,00000000,3,1,1,1,1,00000000,3,1,1,1,1,"No Read Addr Cmds","No Read Addr Cmds","No Write Addr Cmds","No Write Addr Cmds","No Write Responses","No Write Responses","_","_","Active","Active","_","_","Last Stream","Last Stream","No Write Data Beats","No Write Data Beats"
939,939,0,0,1,1,0,0,0,8e5ffe20afb76fe31ba56e5faf65c9d2,0,3b9a3d13b8d6963fae1d8dc05a6037b2,0,1,0,1,46cdc6ca,ffffffdb,0,1,0,0,1,00000000,"FIXED",3,00,"Data Secure Unprivileged","1 byte",0,0,00000000,"INCR",3,00,"Data Secure Unprivileged","4 bytes",0,1,de7fab89,"OKAY",00000000,0,2,1,0,0,0,0,0,0,0,2,0,1,3,1,1,0,1,0037e400,"INCR",3,ff,0,"Data Secure Unprivileged",0,"4 bytes",0,00000000,"FIXED",0,00,0,"Data Secure Unprivileged",0,"1 byte",0,"OKAY",1,ff8127fb,"OKAY",00000000,0,2,0,1,0,0,0,0,2,0,1,0,2,1,1,1,0,0,7eb6761d,3,f,0,0,0,00000000,3,1,0,0,1,"No Read Addr Cmds","No Read Addr Cmds","No Write Addr Cmds","No Write Addr Cmds","No Write Responses","No Write Responses","Active","_","_","_","Data Beat","_","_","_","No Write Data Beats","No Write Data Beats"
940,940,0,0,1,1,0,0,0,8e5ffe20afb76fe31ba56e5faf65c9d2,0,3b9a3d13b8d6963fae1d8dc05a6037b2,0,1,0,1,46cdc6ca,ffffffdb,0,1,0,0,1,00000000,"FIXED",3,00,"Data Secure Unprivileged","1 byte",0,0,00000000,"INCR",3,00,"Data Secure Unprivileged","4 bytes",0,1,de7fab89,"OKAY",00000000,0,2,1,0,0,0,0,0,0,0,2,0,1,2,0,1,0,1,0037e400,"INCR",3,ff,0,"Data Secure Unprivileged",0,"4 bytes",0,00000000,"FIXED",0,00,0,"Data Secure Unprivileged",0,"1 byte",0,"OKAY",1,ff8127fb,"OKAY",00000000,0,2,0,1,0,0,0,0,2,0,1,0,2,1,1,1,0,0,7eb6761d,3,f,1,0,0,00000000,3,1,0,0,1,"No Read Addr Cmds","No Read Addr Cmds","No Write Addr Cmds","No Write Addr Cmds","No Write Responses","No Write Responses","_","_","_","_","_","_","_","_","No Write Data Beats","No Write Data Beats"
941,941,0,0,1,1,0,0,0,8e5ffe20afb76fe31ba56e5faf65c9d2,0,3b9a3d13b8d6963fae1d8dc05a6037b2,0,1,0,1,46cdc6ca,ffffffdb,0,1,0,0,1,00000000,"FIXED",3,00,"Data Secure Unprivileged","1 byte",0,0,00000000,"INCR",3,00,"Data Secure Unprivileged","4 bytes",0,1,de7fab89,"OKAY",00000000,0,2,1,0,0,0,0,0,0,0,2,0,1,2,0,1,0,1,0037e400,"INCR",3,ff,0,"Data Secure Unprivileged",0,"4 bytes",0,00000000,"FIXED",0,00,0,"Data Secure Unprivileged",0,"1 byte",0,"OKAY",1,ff8127fb,"OKAY",00000000,0,2,0,1,0,0,0,0,2,0,1,0,2,1,1,1,0,0,7eb6761d,3,f,1,0,0,00000000,3,1,0,0,1,"No Read Addr Cmds","No Read Addr Cmds","No Write Addr Cmds","No Write Addr Cmds","No Write Responses","No Write Responses","_","_","_","_","_","_","_","_","No Write Data Beats","No Write Data Beats"
942,942,0,0,1,1,0,0,0,8e5ffe20afb76fe31ba56e5faf65c9d2,0,3b9a3d13b8d6963fae1d8dc05a6037b2,0,1,0,1,46cdc6ca,ffffffdb,0,1,0,0,1,00000000,"FIXED",3,00,"Data Secure Unprivileged","1 byte",0,0,00000000,"INCR",3,00,"Data Secure Unprivileged","4 bytes",0,1,de7fab89,"OKAY",00000000,0,2,1,0,0,0,0,0,0,0,2,0,1,2,0,1,0,1,0037e400,"INCR",3,ff,0,"Data Secure Unprivileged",0,"4 bytes",0,00000000,"FIXED",0,00,0,"Data Secure Unprivileged",0,"1 byte",0,"OKAY",1,ff8127fb,"OKAY",00000000,0,2,0,1,0,0,0,0,2,0,1,0,2,1,1,1,0,0,7eb6761d,3,f,1,1,0,70fdbe06,3,f,1,1,0,"No Read Addr Cmds","No Read Addr Cmds","No Write Addr Cmds","No Write Addr Cmds","No Write Responses","No Write Responses","_","_","Active","Active","_","_","Stream Beat","Stream Beat","No Write Data Beats","No Write Data Beats"
943,943,0,0,1,1,0,0,0,8e5ffe20afb76fe31ba56e5faf65c9d2,0,3b9a3d13b8d6963fae1d8dc05a6037b2,0,1,0,0,46cdc6ca,ffffffdb,0,1,0,0,1,00000000,"FIXED",3,00,"Data Secure Unprivileged","1 byte",0,0,00000000,"INCR",3,00,"Data Secure Unprivileged","4 bytes",0,1,de7fab89,"SLVERR",00000000,0,2,1,0,0,0,0,0,0,0,2,0,1,6,0,1,1,1,0037e400,"INCR",3,ff,0,"Data Secure Unprivileged",0,"4 bytes",0,00000000,"FIXED",0,00,0,"Data Secure Unprivileged",0,"1 byte",0,"OKAY",1,ff8127fb,"OKAY",00000000,6,2,0,1,0,0,0,0,2,0,1,0,2,1,1,3,1,0,00000000,3,1,1,0,1,70fdbe06,3,f,0,0,0,"No Read Addr Cmds","No Read Addr Cmds","No Write Addr Cmds","No Write Addr Cmds","No Write Responses","No Write Responses","_","Active","_","_","_","Data Beat","_","_","No Write Data Beats","No Write Data Beats"
944,944,0,0,1,1,0,0,0,8e5ffe20afb76fe31ba56e5faf65c9d2,0,3b9a3d13b8d6963fae1d8dc05a6037b2,0,1,0,1,7bfed591,ffffffdb,0,1,0,0,1,00000000,"FIXED",3,00,"Data Secure Unprivileged","1 byte",0,0,00000000,"INCR",3,00,"Data Secure Unprivileged","4 bytes",0,1,70fdbe06,"SLVERR",00000000,0,2,1,0,0,0,0,0,0,0,2,0,1,6,0,1,1,1,0037e400,"INCR",3,ff,0,"Data Secure Unprivileged",0,"4 bytes",0,00000000,"FIXED",0,00,0,"Data Secure Unprivileged",0,"1 byte",0,"OKAY",1,0281b864,"OKAY",00000000,6,2,0,1,0,0,0,0,2,0,1,0,2,1,1,1,0,0,00000000,3,1,1,0,1,70fdbe06,3,f,0,0,0,"No Read Addr Cmds","No Read Addr Cmds","No Write Addr Cmds","No Write Addr Cmds","No Write Responses","No Write Responses","_","_","_","_","_","_","_","_","No Write Data Beats","No Write Data Beats"
945,945,0,0,1,1,0,0,0,8e5ffe20afb76fe31ba56e5faf65c9d2,0,3b9a3d13b8d6963fae1d8dc05a6037b2,0,1,0,1,7bfed591,ffffffdb,0,1,0,0,1,00000000,"FIXED",3,00,"Data Secure Unprivileged","1 byte",0,0,00000000,"INCR",3,00,"Data Secure Unprivileged","4 bytes",0,1,70fdbe06,"SLVERR",00000000,0,2,1,0,0,0,0,0,0,0,2,0,1,6,0,1,1,1,0037e400,"INCR",3,ff,0,"Data Secure Unprivileged",0,"4 bytes",0,00000000,"FIXED",0,00,0,"Data Secure Unprivileged",0,"1 byte",0,"OKAY",1,0281b864,"OKAY",00000000,6,2,0,1,0,0,0,0,2,0,1,0,2,1,1,1,0,0,00000000,3,1,1,0,1,70fdbe06,3,f,0,0,0,"No Read Addr Cmds","No Read Addr Cmds","No Write Addr Cmds","No Write Addr Cmds","No Write Responses","No Write Responses","_","_","_","_","_","_","_","_","No Write Data Beats","No Write Data Beats"
946,946,0,0,1,1,0,0,0,8e5ffe20afb76fe31ba56e5faf65c9d2,0,3b9a3d13b8d6963fae1d8dc05a6037b2,0,1,0,1,7bfed591,ffffffdb,0,1,0,0,1,00000000,"FIXED",3,00,"Data Secure Unprivileged","1 byte",0,0,00000000,"INCR",3,00,"Data Secure Unprivileged","4 bytes",0,1,70fdbe06,"SLVERR",00000000,0,2,1,0,0,0,0,0,0,0,2,0,1,6,0,1,1,1,0037e400,"INCR",3,ff,0,"Data Secure Unprivileged",0,"4 bytes",0,00000000,"FIXED",0,00,0,"Data Secure Unprivileged",0,"1 byte",0,"OKAY",1,0281b864,"OKAY",00000000,6,2,0,1,0,0,0,0,2,0,1,0,2,1,1,1,0,0,00000000,3,1,1,1,1,00000000,3,1,1,1,1,"No Read Addr Cmds","No Read Addr Cmds","No Write Addr Cmds","No Write Addr Cmds","No Write Responses","No Write Responses","_","_","Active","Active","_","_","Last Stream","Last Stream","No Write Data Beats","No Write Data Beats"
947,947,0,0,1,1,0,0,0,8e5ffe20afb76fe31ba56e5faf65c9d2,0,3b9a3d13b8d6963fae1d8dc05a6037b2,0,1,0,1,7bfed591,ffffffdb,0,1,0,0,1,00000000,"FIXED",3,00,"Data Secure Unprivileged","1 byte",0,0,00000000,"INCR",3,00,"Data Secure Unprivileged","4 bytes",0,1,70fdbe06,"OKAY",00000000,0,2,1,0,0,0,0,0,0,0,2,0,1,3,1,1,0,1,0037e400,"INCR",3,ff,0,"Data Secure Unprivileged",0,"4 bytes",0,00000000,"FIXED",0,00,0,"Data Secure Unprivileged",0,"1 byte",0,"OKAY",1,0281b864,"OKAY",00000000,0,2,0,1,0,0,0,0,2,0,1,0,2,1,1,1,0,0,ff8127fb,3,f,0,0,0,00000000,3,1,0,0,1,"No Read Addr Cmds","No Read Addr Cmds","No Write Addr Cmds","No Write Addr Cmds","No Write Responses","No Write Responses","Active","_","_","_","Data Beat","_","_","_","No Write Data Beats","No Write Data Beats"
948,948,0,0,1,1,0,0,0,8e5ffe20afb76fe31ba56e5faf65c9d2,0,3b9a3d13b8d6963fae1d8dc05a6037b2,0,1,0,1,7bfed591,ffffffdb,0,1,0,0,1,00000000,"FIXED",3,00,"Data Secure Unprivileged","1 byte",0,0,00000000,"INCR",3,00,"Data Secure Unprivileged","4 bytes",0,1,70fdbe06,"OKAY",00000000,0,2,1,0,0,0,0,0,0,0,2,0,1,2,0,1,0,1,0037e400,"INCR",3,ff,0,"Data Secure Unprivileged",0,"4 bytes",0,00000000,"FIXED",0,00,0,"Data Secure Unprivileged",0,"1 byte",0,"OKAY",1,0281b864,"OKAY",00000000,0,2,0,1,0,0,0,0,2,0,1,0,2,1,1,1,0,0,ff8127fb,3,f,1,0,0,00000000,3,1,0,0,1,"No Read Addr Cmds","No Read Addr Cmds","No Write Addr Cmds","No Write Addr Cmds","No Write Responses","No Write Responses","_","_","_","_","_","_","_","_","No Write Data Beats","No Write Data Beats"
949,949,0,0,1,1,0,0,0,8e5ffe20afb76fe31ba56e5faf65c9d2,0,3b9a3d13b8d6963fae1d8dc05a6037b2,0,1,0,1,7bfed591,ffffffdb,0,1,0,0,1,00000000,"FIXED",3,00,"Data Secure Unprivileged","1 byte",0,0,00000000,"INCR",3,00,"Data Secure Unprivileged","4 bytes",0,1,70fdbe06,"OKAY",00000000,0,2,1,0,0,0,0,0,0,0,2,0,1,2,0,1,0,1,0037e400,"INCR",3,ff,0,"Data Secure Unprivileged",0,"4 bytes",0,00000000,"FIXED",0,00,0,"Data Secure Unprivileged",0,"1 byte",0,"OKAY",1,0281b864,"OKAY",00000000,0,2,0,1,0,0,0,0,2,0,1,0,2,1,1,1,0,0,ff8127fb,3,f,1,0,0,00000000,3,1,0,0,1,"No Read Addr Cmds","No Read Addr Cmds","No Write Addr Cmds","No Write Addr Cmds","No Write Responses","No Write Responses","_","_","_","_","_","_","_","_","No Write Data Beats","No Write Data Beats"
950,950,0,0,1,1,0,0,0,8e5ffe20afb76fe31ba56e5faf65c9d2,0,3b9a3d13b8d6963fae1d8dc05a6037b2,0,1,0,1,7bfed591,ffffffdb,0,1,0,0,1,00000000,"FIXED",3,00,"Data Secure Unprivileged","1 byte",0,0,00000000,"INCR",3,00,"Data Secure Unprivileged","4 bytes",0,1,70fdbe06,"OKAY",00000000,0,2,1,0,0,0,0,0,0,0,2,0,1,2,0,1,0,1,0037e400,"INCR",3,ff,0,"Data Secure Unprivileged",0,"4 bytes",0,00000000,"FIXED",0,00,0,"Data Secure Unprivileged",0,"1 byte",0,"OKAY",1,0281b864,"OKAY",00000000,0,2,0,1,0,0,0,0,2,0,1,0,2,1,1,1,0,0,ff8127fb,3,f,1,1,0,d5f8d457,3,f,1,1,0,"No Read Addr Cmds","No Read Addr Cmds","No Write Addr Cmds","No Write Addr Cmds","No Write Responses","No Write Responses","_","_","Active","Active","_","_","Stream Beat","Stream Beat","No Write Data Beats","No Write Data Beats"
951,951,0,0,1,1,0,0,0,8e5ffe20afb76fe31ba56e5faf65c9d2,0,3b9a3d13b8d6963fae1d8dc05a6037b2,0,1,0,0,7bfed591,ffffffdb,0,1,0,0,1,00000000,"FIXED",3,00,"Data Secure Unprivileged","1 byte",0,0,00000000,"INCR",3,00,"Data Secure Unprivileged","4 bytes",0,1,70fdbe06,"DECERR",00000000,0,2,1,0,0,0,0,0,0,0,2,0,1,6,0,1,1,1,0037e400,"INCR",3,ff,0,"Data Secure Unprivileged",0,"4 bytes",0,00000000,"FIXED",0,00,0,"Data Secure Unprivileged",0,"1 byte",0,"OKAY",1,0281b864,"OKAY",00000000,7,2,0,1,4,0,0,1,2,0,1,0,2,1,1,3,1,0,00000000,3,1,1,0,1,d5f8d457,3,f,0,0,0,"No Read Addr Cmds","No Read Addr Cmds","No Write Addr Cmds","No Write Addr Cmds","No Write Responses","No Write Responses","_","Active","_","_","_","Data Beat","_","_","No Write Data Beats","No Write Data Beats"
952,952,0,0,1,1,0,0,0,8e5ffe20afb76fe31ba56e5faf65c9d2,0,3b9a3d13b8d6963fae1d8dc05a6037b2,0,1,0,1,0ebf7d60,ffffffdb,0,1,0,0,1,00000000,"FIXED",3,00,"Data Secure Unprivileged","1 byte",0,0,00000000,"INCR",3,00,"Data Secure Unprivileged","4 bytes",0,1,d5f8d457,"DECERR",00000000,0,2,1,0,0,0,0,0,0,0,2,0,1,6,0,1,1,1,0037e400,"INCR",3,ff,0,"Data Secure Unprivileged",0,"4 bytes",0,00000000,"FIXED",0,00,0,"Data Secure Unprivileged",0,"1 byte",0,"OKAY",1,4c60f1ac,"OKAY",00000000,7,2,0,1,4,0,0,1,2,0,1,0,2,1,1,1,0,0,00000000,3,1,1,0,1,d5f8d457,3,f,0,0,0,"No Read Addr Cmds","No Read Addr Cmds","No Write Addr Cmds","No Write Addr Cmds","No Write Responses","No Write Responses","_","_","_","_","_","_","_","_","No Write Data Beats","No Write Data Beats"
953,953,0,0,1,1,0,0,0,8e5ffe20afb76fe31ba56e5faf65c9d2,0,3b9a3d13b8d6963fae1d8dc05a6037b2,0,1,0,1,0ebf7d60,ffffffdb,0,1,0,0,1,00000000,"FIXED",3,00,"Data Secure Unprivileged","1 byte",0,0,00000000,"INCR",3,00,"Data Secure Unprivileged","4 bytes",0,1,d5f8d457,"DECERR",00000000,0,2,1,0,0,0,0,0,0,0,2,0,1,6,0,1,1,1,0037e400,"INCR",3,ff,0,"Data Secure Unprivileged",0,"4 bytes",0,00000000,"FIXED",0,00,0,"Data Secure Unprivileged",0,"1 byte",0,"OKAY",1,4c60f1ac,"OKAY",00000000,7,2,0,1,4,0,0,1,2,0,1,0,2,1,1,1,0,0,00000000,3,1,1,0,1,d5f8d457,3,f,0,0,0,"No Read Addr Cmds","No Read Addr Cmds","No Write Addr Cmds","No Write Addr Cmds","No Write Responses","No Write Responses","_","_","_","_","_","_","_","_","No Write Data Beats","No Write Data Beats"
954,954,0,0,1,1,0,0,0,8e5ffe20afb76fe31ba56e5faf65c9d2,0,3b9a3d13b8d6963fae1d8dc05a6037b2,0,1,0,1,0ebf7d60,ffffffdb,0,1,0,0,1,00000000,"FIXED",3,00,"Data Secure Unprivileged","1 byte",0,0,00000000,"INCR",3,00,"Data Secure Unprivileged","4 bytes",0,1,d5f8d457,"DECERR",00000000,0,2,1,0,0,0,0,0,0,0,2,0,1,6,0,1,1,1,0037e400,"INCR",3,ff,0,"Data Secure Unprivileged",0,"4 bytes",0,00000000,"FIXED",0,00,0,"Data Secure Unprivileged",0,"1 byte",0,"OKAY",1,4c60f1ac,"OKAY",00000000,7,2,0,1,4,0,0,1,2,0,1,0,2,1,1,1,0,0,00000000,3,1,1,1,1,00000000,3,1,1,1,1,"No Read Addr Cmds","No Read Addr Cmds","No Write Addr Cmds","No Write Addr Cmds","No Write Responses","No Write Responses","_","_","Active","Active","_","_","Last Stream","Last Stream","No Write Data Beats","No Write Data Beats"
955,955,0,0,1,1,0,0,0,8e5ffe20afb76fe31ba56e5faf65c9d2,0,3b9a3d13b8d6963fae1d8dc05a6037b2,0,1,0,1,0ebf7d60,ffffffdb,0,1,0,0,1,00000000,"FIXED",3,00,"Data Secure Unprivileged","1 byte",0,0,00000000,"INCR",3,00,"Data Secure Unprivileged","4 bytes",0,1,d5f8d457,"OKAY",00000000,0,2,1,0,0,0,0,0,0,0,2,0,1,3,1,1,0,1,0037e400,"INCR",3,ff,0,"Data Secure Unprivileged",0,"4 bytes",0,00000000,"FIXED",0,00,0,"Data Secure Unprivileged",0,"1 byte",0,"OKAY",1,4c60f1ac,"OKAY",00000000,0,2,0,1,0,0,0,0,2,0,1,0,2,1,1,1,0,0,0281b864,3,f,0,0,0,00000000,3,1,0,0,1,"No Read Addr Cmds","No Read Addr Cmds","No Write Addr Cmds","No Write Addr Cmds","No Write Responses","No Write Responses","Active","_","_","_","Data Beat","_","_","_","No Write Data Beats","No Write Data Beats"
956,956,0,0,1,1,0,0,0,8e5ffe20afb76fe31ba56e5faf65c9d2,0,3b9a3d13b8d6963fae1d8dc05a6037b2,0,1,0,1,0ebf7d60,ffffffdb,0,1,0,0,1,00000000,"FIXED",3,00,"Data Secure Unprivileged","1 byte",0,0,00000000,"INCR",3,00,"Data Secure Unprivileged","4 bytes",0,1,d5f8d457,"OKAY",00000000,0,2,1,0,0,0,0,0,0,0,2,0,1,2,0,1,0,1,0037e400,"INCR",3,ff,0,"Data Secure Unprivileged",0,"4 bytes",0,00000000,"FIXED",0,00,0,"Data Secure Unprivileged",0,"1 byte",0,"OKAY",1,4c60f1ac,"OKAY",00000000,0,2,0,1,0,0,0,0,2,0,1,0,2,1,1,1,0,0,0281b864,3,f,1,0,0,00000000,3,1,0,0,1,"No Read Addr Cmds","No Read Addr Cmds","No Write Addr Cmds","No Write Addr Cmds","No Write Responses","No Write Responses","_","_","_","_","_","_","_","_","No Write Data Beats","No Write Data Beats"
957,957,0,0,1,1,0,0,0,8e5ffe20afb76fe31ba56e5faf65c9d2,0,3b9a3d13b8d6963fae1d8dc05a6037b2,0,1,0,1,0ebf7d60,ffffffdb,0,1,0,0,1,00000000,"FIXED",3,00,"Data Secure Unprivileged","1 byte",0,0,00000000,"INCR",3,00,"Data Secure Unprivileged","4 bytes",0,1,d5f8d457,"OKAY",00000000,0,2,1,0,0,0,0,0,0,0,2,0,1,2,0,1,0,1,0037e400,"INCR",3,ff,0,"Data Secure Unprivileged",0,"4 bytes",0,00000000,"FIXED",0,00,0,"Data Secure Unprivileged",0,"1 byte",0,"OKAY",1,4c60f1ac,"OKAY",00000000,0,2,0,1,0,0,0,0,2,0,1,0,2,1,1,1,0,0,0281b864,3,f,1,0,0,00000000,3,1,0,0,1,"No Read Addr Cmds","No Read Addr Cmds","No Write Addr Cmds","No Write Addr Cmds","No Write Responses","No Write Responses","_","_","_","_","_","_","_","_","No Write Data Beats","No Write Data Beats"
958,958,0,0,1,1,0,0,0,8e5ffe20afb76fe31ba56e5faf65c9d2,0,3b9a3d13b8d6963fae1d8dc05a6037b2,0,1,0,1,0ebf7d60,ffffffdb,0,1,0,0,1,00000000,"FIXED",3,00,"Data Secure Unprivileged","1 byte",0,0,00000000,"INCR",3,00,"Data Secure Unprivileged","4 bytes",0,1,d5f8d457,"OKAY",00000000,0,2,1,0,0,0,0,0,0,0,2,0,1,2,0,1,0,1,0037e400,"INCR",3,ff,0,"Data Secure Unprivileged",0,"4 bytes",0,00000000,"FIXED",0,00,0,"Data Secure Unprivileged",0,"1 byte",0,"OKAY",1,4c60f1ac,"OKAY",00000000,0,2,0,1,0,0,0,0,2,0,1,0,2,1,1,1,0,0,0281b864,3,f,1,1,0,1a735e0e,3,f,1,1,0,"No Read Addr Cmds","No Read Addr Cmds","No Write Addr Cmds","No Write Addr Cmds","No Write Responses","No Write Responses","_","_","Active","Active","_","_","Stream Beat","Stream Beat","No Write Data Beats","No Write Data Beats"
959,959,0,0,1,1,0,0,0,8e5ffe20afb76fe31ba56e5faf65c9d2,0,3b9a3d13b8d6963fae1d8dc05a6037b2,0,1,0,0,0ebf7d60,ffffffdb,0,1,0,0,1,00000000,"FIXED",3,00,"Data Secure Unprivileged","1 byte",0,0,00000000,"INCR",3,00,"Data Secure Unprivileged","4 bytes",0,1,d5f8d457,"SLVERR",00000000,0,2,1,0,0,0,0,0,0,0,2,0,1,6,0,1,1,1,0037e400,"INCR",3,ff,0,"Data Secure Unprivileged",0,"4 bytes",0,00000000,"FIXED",0,00,0,"Data Secure Unprivileged",0,"1 byte",0,"OKAY",1,4c60f1ac,"OKAY",00000000,e,2,0,1,0,0,0,0,2,0,1,0,2,1,1,3,1,0,00000000,3,1,1,0,1,1a735e0e,3,f,0,0,0,"No Read Addr Cmds","No Read Addr Cmds","No Write Addr Cmds","No Write Addr Cmds","No Write Responses","No Write Responses","_","Active","_","_","_","Data Beat","_","_","No Write Data Beats","No Write Data Beats"
960,960,0,0,1,1,0,0,0,8e5ffe20afb76fe31ba56e5faf65c9d2,0,3b9a3d13b8d6963fae1d8dc05a6037b2,0,1,0,1,ab1f2bea,ffffffdb,0,1,0,0,1,00000000,"FIXED",3,00,"Data Secure Unprivileged","1 byte",0,0,00000000,"INCR",3,00,"Data Secure Unprivileged","4 bytes",0,1,1a735e0e,"SLVERR",00000000,0,2,1,0,0,0,0,0,0,0,2,0,1,6,0,1,1,1,0037e400,"INCR",3,ff,0,"Data Secure Unprivileged",0,"4 bytes",0,00000000,"FIXED",0,00,0,"Data Secure Unprivileged",0,"1 byte",0,"OKAY",1,7eb6761d,"OKAY",00000000,e,2,0,1,0,0,0,0,2,0,1,0,2,1,1,1,0,0,00000000,3,1,1,0,1,1a735e0e,3,f,0,0,0,"No Read Addr Cmds","No Read Addr Cmds","No Write Addr Cmds","No Write Addr Cmds","No Write Responses","No Write Responses","_","_","_","_","_","_","_","_","No Write Data Beats","No Write Data Beats"
961,961,0,0,1,1,0,0,0,8e5ffe20afb76fe31ba56e5faf65c9d2,0,3b9a3d13b8d6963fae1d8dc05a6037b2,0,1,0,1,ab1f2bea,ffffffdb,0,1,0,0,1,00000000,"FIXED",3,00,"Data Secure Unprivileged","1 byte",0,0,00000000,"INCR",3,00,"Data Secure Unprivileged","4 bytes",0,1,1a735e0e,"SLVERR",00000000,0,2,1,0,0,0,0,0,0,0,2,0,1,6,0,1,1,1,0037e400,"INCR",3,ff,0,"Data Secure Unprivileged",0,"4 bytes",0,00000000,"FIXED",0,00,0,"Data Secure Unprivileged",0,"1 byte",0,"OKAY",1,7eb6761d,"OKAY",00000000,e,2,0,1,0,0,0,0,2,0,1,0,2,1,1,1,0,0,00000000,3,1,1,0,1,1a735e0e,3,f,0,0,0,"No Read Addr Cmds","No Read Addr Cmds","No Write Addr Cmds","No Write Addr Cmds","No Write Responses","No Write Responses","_","_","_","_","_","_","_","_","No Write Data Beats","No Write Data Beats"
962,962,0,0,1,1,0,0,0,8e5ffe20afb76fe31ba56e5faf65c9d2,0,3b9a3d13b8d6963fae1d8dc05a6037b2,0,1,0,1,ab1f2bea,ffffffdb,0,1,0,0,1,00000000,"FIXED",3,00,"Data Secure Unprivileged","1 byte",0,0,00000000,"INCR",3,00,"Data Secure Unprivileged","4 bytes",0,1,1a735e0e,"SLVERR",00000000,0,2,1,0,0,0,0,0,0,0,2,0,1,6,0,1,1,1,0037e400,"INCR",3,ff,0,"Data Secure Unprivileged",0,"4 bytes",0,00000000,"FIXED",0,00,0,"Data Secure Unprivileged",0,"1 byte",0,"OKAY",1,7eb6761d,"OKAY",00000000,e,2,0,1,0,0,0,0,2,0,1,0,2,1,1,1,0,0,00000000,3,1,1,1,1,00000000,3,1,1,1,1,"No Read Addr Cmds","No Read Addr Cmds","No Write Addr Cmds","No Write Addr Cmds","No Write Responses","No Write Responses","_","_","Active","Active","_","_","Last Stream","Last Stream","No Write Data Beats","No Write Data Beats"
963,963,0,0,1,1,0,0,0,8e5ffe20afb76fe31ba56e5faf65c9d2,0,3b9a3d13b8d6963fae1d8dc05a6037b2,0,1,0,1,ab1f2bea,ffffffdb,0,1,0,0,1,00000000,"FIXED",3,00,"Data Secure Unprivileged","1 byte",0,0,00000000,"INCR",3,00,"Data Secure Unprivileged","4 bytes",0,1,1a735e0e,"OKAY",00000000,0,2,1,0,0,0,0,0,0,0,2,0,1,3,1,1,0,1,0037e400,"INCR",3,ff,0,"Data Secure Unprivileged",0,"4 bytes",0,00000000,"FIXED",0,00,0,"Data Secure Unprivileged",0,"1 byte",0,"OKAY",1,7eb6761d,"OKAY",00000000,0,2,0,1,0,0,0,0,2,0,1,0,2,1,1,1,0,0,4c60f1ac,3,f,0,0,0,00000000,3,1,0,0,1,"No Read Addr Cmds","No Read Addr Cmds","No Write Addr Cmds","No Write Addr Cmds","No Write Responses","No Write Responses","Active","_","_","_","Data Beat","_","_","_","No Write Data Beats","No Write Data Beats"
964,964,0,0,1,1,0,0,0,8e5ffe20afb76fe31ba56e5faf65c9d2,0,3b9a3d13b8d6963fae1d8dc05a6037b2,0,1,0,1,ab1f2bea,ffffffdb,0,1,0,0,1,00000000,"FIXED",3,00,"Data Secure Unprivileged","1 byte",0,0,00000000,"INCR",3,00,"Data Secure Unprivileged","4 bytes",0,1,1a735e0e,"OKAY",00000000,0,2,1,0,0,0,0,0,0,0,2,0,1,2,0,1,0,1,0037e400,"INCR",3,ff,0,"Data Secure Unprivileged",0,"4 bytes",0,00000000,"FIXED",0,00,0,"Data Secure Unprivileged",0,"1 byte",0,"OKAY",1,7eb6761d,"OKAY",00000000,0,2,0,1,0,0,0,0,2,0,1,0,2,1,1,1,0,0,4c60f1ac,3,f,1,0,0,00000000,3,1,0,0,1,"No Read Addr Cmds","No Read Addr Cmds","No Write Addr Cmds","No Write Addr Cmds","No Write Responses","No Write Responses","_","_","_","_","_","_","_","_","No Write Data Beats","No Write Data Beats"
965,965,0,0,1,1,0,0,0,8e5ffe20afb76fe31ba56e5faf65c9d2,0,3b9a3d13b8d6963fae1d8dc05a6037b2,0,1,0,1,ab1f2bea,ffffffdb,0,1,0,0,1,00000000,"FIXED",3,00,"Data Secure Unprivileged","1 byte",0,0,00000000,"INCR",3,00,"Data Secure Unprivileged","4 bytes",0,1,1a735e0e,"OKAY",00000000,0,2,1,0,0,0,0,0,0,0,2,0,1,2,0,1,0,1,0037e400,"INCR",3,ff,0,"Data Secure Unprivileged",0,"4 bytes",0,00000000,"FIXED",0,00,0,"Data Secure Unprivileged",0,"1 byte",0,"OKAY",1,7eb6761d,"OKAY",00000000,0,2,0,1,0,0,0,0,2,0,1,0,2,1,1,1,0,0,4c60f1ac,3,f,1,0,0,00000000,3,1,0,0,1,"No Read Addr Cmds","No Read Addr Cmds","No Write Addr Cmds","No Write Addr Cmds","No Write Responses","No Write Responses","_","_","_","_","_","_","_","_","No Write Data Beats","No Write Data Beats"
966,966,0,0,1,1,0,0,0,8e5ffe20afb76fe31ba56e5faf65c9d2,0,3b9a3d13b8d6963fae1d8dc05a6037b2,0,1,0,1,ab1f2bea,ffffffdb,0,1,0,0,1,00000000,"FIXED",3,00,"Data Secure Unprivileged","1 byte",0,0,00000000,"INCR",3,00,"Data Secure Unprivileged","4 bytes",0,1,1a735e0e,"OKAY",00000000,0,2,1,0,0,0,0,0,0,0,2,0,1,2,0,1,0,1,0037e400,"INCR",3,ff,0,"Data Secure Unprivileged",0,"4 bytes",0,00000000,"FIXED",0,00,0,"Data Secure Unprivileged",0,"1 byte",0,"OKAY",1,7eb6761d,"OKAY",00000000,0,2,0,1,0,0,0,0,2,0,1,0,2,1,1,1,0,0,4c60f1ac,3,f,1,1,0,dacdc059,3,f,1,1,0,"No Read Addr Cmds","No Read Addr Cmds","No Write Addr Cmds","No Write Addr Cmds","No Write Responses","No Write Responses","_","_","Active","Active","_","_","Stream Beat","Stream Beat","No Write Data Beats","No Write Data Beats"
967,967,0,0,1,1,0,0,0,8e5ffe20afb76fe31ba56e5faf65c9d2,0,3b9a3d13b8d6963fae1d8dc05a6037b2,0,1,0,0,ab1f2bea,ffffffdb,0,1,0,0,1,00000000,"FIXED",3,00,"Data Secure Unprivileged","1 byte",0,0,00000000,"INCR",3,00,"Data Secure Unprivileged","4 bytes",0,1,1a735e0e,"EXOKAY",00000000,0,2,1,0,0,0,0,0,0,0,2,0,1,2,0,1,0,1,0037e400,"INCR",3,ff,0,"Data Secure Unprivileged",0,"4 bytes",0,00000000,"FIXED",0,00,0,"Data Secure Unprivileged",0,"1 byte",0,"OKAY",1,7eb6761d,"OKAY",00000000,9,2,0,1,4,0,0,1,2,0,1,0,2,1,1,3,1,0,00000000,3,1,1,0,1,dacdc059,3,f,0,0,0,"No Read Addr Cmds","No Read Addr Cmds","No Write Addr Cmds","No Write Addr Cmds","No Write Responses","No Write Responses","_","Active","_","_","_","Data Beat","_","_","No Write Data Beats","No Write Data Beats"
968,968,0,0,1,1,0,0,0,8e5ffe20afb76fe31ba56e5faf65c9d2,0,3b9a3d13b8d6963fae1d8dc05a6037b2,0,1,0,1,58ce7a70,ffffffdb,0,1,0,0,1,00000000,"FIXED",3,00,"Data Secure Unprivileged","1 byte",0,0,00000000,"INCR",3,00,"Data Secure Unprivileged","4 bytes",0,1,dacdc059,"EXOKAY",00000000,0,2,1,0,0,0,0,0,0,0,2,0,1,2,0,1,0,1,0037e400,"INCR",3,ff,0,"Data Secure Unprivileged",0,"4 bytes",0,00000000,"FIXED",0,00,0,"Data Secure Unprivileged",0,"1 byte",0,"OKAY",1,ff8127fb,"OKAY",00000000,9,2,0,1,4,0,0,1,2,0,1,0,2,1,1,1,0,0,00000000,3,1,1,0,1,dacdc059,3,f,0,0,0,"No Read Addr Cmds","No Read Addr Cmds","No Write Addr Cmds","No Write Addr Cmds","No Write Responses","No Write Responses","_","_","_","_","_","_","_","_","No Write Data Beats","No Write Data Beats"
969,969,0,0,1,1,0,0,0,8e5ffe20afb76fe31ba56e5faf65c9d2,0,3b9a3d13b8d6963fae1d8dc05a6037b2,0,1,0,1,58ce7a70,ffffffdb,0,1,0,0,1,00000000,"FIXED",3,00,"Data Secure Unprivileged","1 byte",0,0,00000000,"INCR",3,00,"Data Secure Unprivileged","4 bytes",0,1,dacdc059,"EXOKAY",00000000,0,2,1,0,0,0,0,0,0,0,2,0,1,2,0,1,0,1,0037e400,"INCR",3,ff,0,"Data Secure Unprivileged",0,"4 bytes",0,00000000,"FIXED",0,00,0,"Data Secure Unprivileged",0,"1 byte",0,"OKAY",1,ff8127fb,"OKAY",00000000,9,2,0,1,4,0,0,1,2,0,1,0,2,1,1,1,0,0,00000000,3,1,1,0,1,dacdc059,3,f,0,0,0,"No Read Addr Cmds","No Read Addr Cmds","No Write Addr Cmds","No Write Addr Cmds","No Write Responses","No Write Responses","_","_","_","_","_","_","_","_","No Write Data Beats","No Write Data Beats"
970,970,0,0,1,1,0,0,0,8e5ffe20afb76fe31ba56e5faf65c9d2,0,3b9a3d13b8d6963fae1d8dc05a6037b2,0,1,0,1,58ce7a70,ffffffdb,0,1,0,0,1,00000000,"FIXED",3,00,"Data Secure Unprivileged","1 byte",0,0,00000000,"INCR",3,00,"Data Secure Unprivileged","4 bytes",0,1,dacdc059,"EXOKAY",00000000,0,2,1,0,0,0,0,0,0,0,2,0,1,2,0,1,0,1,0037e400,"INCR",3,ff,0,"Data Secure Unprivileged",0,"4 bytes",0,00000000,"FIXED",0,00,0,"Data Secure Unprivileged",0,"1 byte",0,"OKAY",1,ff8127fb,"OKAY",00000000,9,2,0,1,4,0,0,1,2,0,1,0,2,1,1,1,0,0,00000000,3,1,1,1,1,00000000,3,1,1,1,1,"No Read Addr Cmds","No Read Addr Cmds","No Write Addr Cmds","No Write Addr Cmds","No Write Responses","No Write Responses","_","_","Active","Active","_","_","Last Stream","Last Stream","No Write Data Beats","No Write Data Beats"
971,971,0,0,1,1,0,0,0,8e5ffe20afb76fe31ba56e5faf65c9d2,0,3b9a3d13b8d6963fae1d8dc05a6037b2,0,1,0,1,58ce7a70,ffffffdb,0,1,0,0,1,00000000,"FIXED",3,00,"Data Secure Unprivileged","1 byte",0,0,00000000,"INCR",3,00,"Data Secure Unprivileged","4 bytes",0,1,dacdc059,"OKAY",00000000,0,2,1,0,0,0,0,0,0,0,2,0,1,3,1,1,0,1,0037e400,"INCR",3,ff,0,"Data Secure Unprivileged",0,"4 bytes",0,00000000,"FIXED",0,00,0,"Data Secure Unprivileged",0,"1 byte",0,"OKAY",1,ff8127fb,"OKAY",00000000,0,2,0,1,0,0,0,0,2,0,1,0,2,1,1,1,0,0,7eb6761d,3,f,0,0,0,00000000,3,1,0,0,1,"No Read Addr Cmds","No Read Addr Cmds","No Write Addr Cmds","No Write Addr Cmds","No Write Responses","No Write Responses","Active","_","_","_","Data Beat","_","_","_","No Write Data Beats","No Write Data Beats"
972,972,0,0,1,1,0,0,0,8e5ffe20afb76fe31ba56e5faf65c9d2,0,3b9a3d13b8d6963fae1d8dc05a6037b2,0,1,0,1,58ce7a70,ffffffdb,0,1,0,0,1,00000000,"FIXED",3,00,"Data Secure Unprivileged","1 byte",0,0,00000000,"INCR",3,00,"Data Secure Unprivileged","4 bytes",0,1,dacdc059,"OKAY",00000000,0,2,1,0,0,0,0,0,0,0,2,0,1,2,0,1,0,1,0037e400,"INCR",3,ff,0,"Data Secure Unprivileged",0,"4 bytes",0,00000000,"FIXED",0,00,0,"Data Secure Unprivileged",0,"1 byte",0,"OKAY",1,ff8127fb,"OKAY",00000000,0,2,0,1,0,0,0,0,2,0,1,0,2,1,1,1,0,0,7eb6761d,3,f,1,0,0,00000000,3,1,0,0,1,"No Read Addr Cmds","No Read Addr Cmds","No Write Addr Cmds","No Write Addr Cmds","No Write Responses","No Write Responses","_","_","_","_","_","_","_","_","No Write Data Beats","No Write Data Beats"
973,973,0,0,1,1,0,0,0,8e5ffe20afb76fe31ba56e5faf65c9d2,0,3b9a3d13b8d6963fae1d8dc05a6037b2,0,1,0,1,58ce7a70,ffffffdb,0,1,0,0,1,00000000,"FIXED",3,00,"Data Secure Unprivileged","1 byte",0,0,00000000,"INCR",3,00,"Data Secure Unprivileged","4 bytes",0,1,dacdc059,"OKAY",00000000,0,2,1,0,0,0,0,0,0,0,2,0,1,2,0,1,0,1,0037e400,"INCR",3,ff,0,"Data Secure Unprivileged",0,"4 bytes",0,00000000,"FIXED",0,00,0,"Data Secure Unprivileged",0,"1 byte",0,"OKAY",1,ff8127fb,"OKAY",00000000,0,2,0,1,0,0,0,0,2,0,1,0,2,1,1,1,0,0,7eb6761d,3,f,1,0,0,00000000,3,1,0,0,1,"No Read Addr Cmds","No Read Addr Cmds","No Write Addr Cmds","No Write Addr Cmds","No Write Responses","No Write Responses","_","_","_","_","_","_","_","_","No Write Data Beats","No Write Data Beats"
974,974,0,0,1,1,0,0,0,8e5ffe20afb76fe31ba56e5faf65c9d2,0,3b9a3d13b8d6963fae1d8dc05a6037b2,0,1,0,1,58ce7a70,ffffffdb,0,1,0,0,1,00000000,"FIXED",3,00,"Data Secure Unprivileged","1 byte",0,0,00000000,"INCR",3,00,"Data Secure Unprivileged","4 bytes",0,1,dacdc059,"OKAY",00000000,0,2,1,0,0,0,0,0,0,0,2,0,1,2,0,1,0,1,0037e400,"INCR",3,ff,0,"Data Secure Unprivileged",0,"4 bytes",0,00000000,"FIXED",0,00,0,"Data Secure Unprivileged",0,"1 byte",0,"OKAY",1,ff8127fb,"OKAY",00000000,0,2,0,1,0,0,0,0,2,0,1,0,2,1,1,1,0,0,7eb6761d,3,f,1,1,0,5c6e7b1b,3,f,1,1,0,"No Read Addr Cmds","No Read Addr Cmds","No Write Addr Cmds","No Write Addr Cmds","No Write Responses","No Write Responses","_","_","Active","Active","_","_","Stream Beat","Stream Beat","No Write Data Beats","No Write Data Beats"
975,975,0,0,1,1,0,0,0,8e5ffe20afb76fe31ba56e5faf65c9d2,0,3b9a3d13b8d6963fae1d8dc05a6037b2,0,1,0,0,58ce7a70,ffffffdb,0,1,0,0,1,00000000,"FIXED",3,00,"Data Secure Unprivileged","1 byte",0,0,00000000,"INCR",3,00,"Data Secure Unprivileged","4 bytes",0,1,dacdc059,"DECERR",00000000,0,2,1,0,0,0,0,0,0,0,2,0,1,2,0,1,0,1,0037e400,"INCR",3,ff,0,"Data Secure Unprivileged",0,"4 bytes",0,00000000,"FIXED",0,00,0,"Data Secure Unprivileged",0,"1 byte",0,"OKAY",1,ff8127fb,"OKAY",00000000,b,2,0,1,4,0,0,1,2,0,1,0,2,1,1,3,1,0,00000000,3,1,1,0,1,5c6e7b1b,3,f,0,0,0,"No Read Addr Cmds","No Read Addr Cmds","No Write Addr Cmds","No Write Addr Cmds","No Write Responses","No Write Responses","_","Active","_","_","_","Data Beat","_","_","No Write Data Beats","No Write Data Beats"
976,976,0,0,1,1,0,0,0,8e5ffe20afb76fe31ba56e5faf65c9d2,0,3b9a3d13b8d6963fae1d8dc05a6037b2,0,1,0,1,5bb3039a,ffffffdb,0,1,0,0,1,00000000,"FIXED",3,00,"Data Secure Unprivileged","1 byte",0,0,00000000,"INCR",3,00,"Data Secure Unprivileged","4 bytes",0,1,5c6e7b1b,"DECERR",00000000,0,2,1,0,0,0,0,0,0,0,2,0,1,2,0,1,0,1,0037e400,"INCR",3,ff,0,"Data Secure Unprivileged",0,"4 bytes",0,00000000,"FIXED",0,00,0,"Data Secure Unprivileged",0,"1 byte",0,"OKAY",1,0281b864,"OKAY",00000000,b,2,0,1,4,0,0,1,2,0,1,0,2,1,1,1,0,0,00000000,3,1,1,0,1,5c6e7b1b,3,f,0,0,0,"No Read Addr Cmds","No Read Addr Cmds","No Write Addr Cmds","No Write Addr Cmds","No Write Responses","No Write Responses","_","_","_","_","_","_","_","_","No Write Data Beats","No Write Data Beats"
977,977,0,0,1,1,0,0,0,8e5ffe20afb76fe31ba56e5faf65c9d2,0,3b9a3d13b8d6963fae1d8dc05a6037b2,0,1,0,1,5bb3039a,ffffffdb,0,1,0,0,1,00000000,"FIXED",3,00,"Data Secure Unprivileged","1 byte",0,0,00000000,"INCR",3,00,"Data Secure Unprivileged","4 bytes",0,1,5c6e7b1b,"DECERR",00000000,0,2,1,0,0,0,0,0,0,0,2,0,1,2,0,1,0,1,0037e400,"INCR",3,ff,0,"Data Secure Unprivileged",0,"4 bytes",0,00000000,"FIXED",0,00,0,"Data Secure Unprivileged",0,"1 byte",0,"OKAY",1,0281b864,"OKAY",00000000,b,2,0,1,4,0,0,1,2,0,1,0,2,1,1,1,0,0,00000000,3,1,1,0,1,5c6e7b1b,3,f,0,0,0,"No Read Addr Cmds","No Read Addr Cmds","No Write Addr Cmds","No Write Addr Cmds","No Write Responses","No Write Responses","_","_","_","_","_","_","_","_","No Write Data Beats","No Write Data Beats"
978,978,0,0,1,1,0,0,0,8e5ffe20afb76fe31ba56e5faf65c9d2,0,3b9a3d13b8d6963fae1d8dc05a6037b2,0,1,0,1,5bb3039a,ffffffdb,0,1,0,0,1,00000000,"FIXED",3,00,"Data Secure Unprivileged","1 byte",0,0,00000000,"INCR",3,00,"Data Secure Unprivileged","4 bytes",0,1,5c6e7b1b,"DECERR",00000000,0,2,1,0,0,0,0,0,0,0,2,0,1,2,0,1,0,1,0037e400,"INCR",3,ff,0,"Data Secure Unprivileged",0,"4 bytes",0,00000000,"FIXED",0,00,0,"Data Secure Unprivileged",0,"1 byte",0,"OKAY",1,0281b864,"OKAY",00000000,b,2,0,1,4,0,0,1,2,0,1,0,2,1,1,1,0,0,00000000,3,1,1,1,1,00000000,3,1,1,1,1,"No Read Addr Cmds","No Read Addr Cmds","No Write Addr Cmds","No Write Addr Cmds","No Write Responses","No Write Responses","_","_","Active","Active","_","_","Last Stream","Last Stream","No Write Data Beats","No Write Data Beats"
979,979,0,0,1,1,0,0,0,8e5ffe20afb76fe31ba56e5faf65c9d2,0,3b9a3d13b8d6963fae1d8dc05a6037b2,0,1,0,1,5bb3039a,ffffffdb,0,1,0,0,1,00000000,"FIXED",3,00,"Data Secure Unprivileged","1 byte",0,0,00000000,"INCR",3,00,"Data Secure Unprivileged","4 bytes",0,1,5c6e7b1b,"OKAY",00000000,0,2,1,0,0,0,0,0,0,0,2,0,1,3,1,1,0,1,0037e400,"INCR",3,ff,0,"Data Secure Unprivileged",0,"4 bytes",0,00000000,"FIXED",0,00,0,"Data Secure Unprivileged",0,"1 byte",0,"OKAY",1,0281b864,"OKAY",00000000,0,2,0,1,0,0,0,0,2,0,1,0,2,1,1,1,0,0,ff8127fb,3,f,0,0,0,00000000,3,1,0,0,1,"No Read Addr Cmds","No Read Addr Cmds","No Write Addr Cmds","No Write Addr Cmds","No Write Responses","No Write Responses","Active","_","_","_","Data Beat","_","_","_","No Write Data Beats","No Write Data Beats"
980,980,0,0,1,1,0,0,0,8e5ffe20afb76fe31ba56e5faf65c9d2,0,3b9a3d13b8d6963fae1d8dc05a6037b2,0,1,0,1,5bb3039a,ffffffdb,0,1,0,0,1,00000000,"FIXED",3,00,"Data Secure Unprivileged","1 byte",0,0,00000000,"INCR",3,00,"Data Secure Unprivileged","4 bytes",0,1,5c6e7b1b,"OKAY",00000000,0,2,1,0,0,0,0,0,0,0,2,0,1,2,0,1,0,1,0037e400,"INCR",3,ff,0,"Data Secure Unprivileged",0,"4 bytes",0,00000000,"FIXED",0,00,0,"Data Secure Unprivileged",0,"1 byte",0,"OKAY",1,0281b864,"OKAY",00000000,0,2,0,1,0,0,0,0,2,0,1,0,2,1,1,1,0,0,ff8127fb,3,f,1,0,0,00000000,3,1,0,0,1,"No Read Addr Cmds","No Read Addr Cmds","No Write Addr Cmds","No Write Addr Cmds","No Write Responses","No Write Responses","_","_","_","_","_","_","_","_","No Write Data Beats","No Write Data Beats"
981,981,0,0,1,1,0,0,0,8e5ffe20afb76fe31ba56e5faf65c9d2,0,3b9a3d13b8d6963fae1d8dc05a6037b2,0,1,0,1,5bb3039a,ffffffdb,0,1,0,0,1,00000000,"FIXED",3,00,"Data Secure Unprivileged","1 byte",0,0,00000000,"INCR",3,00,"Data Secure Unprivileged","4 bytes",0,1,5c6e7b1b,"OKAY",00000000,0,2,1,0,0,0,0,0,0,0,2,0,1,2,0,1,0,1,0037e400,"INCR",3,ff,0,"Data Secure Unprivileged",0,"4 bytes",0,00000000,"FIXED",0,00,0,"Data Secure Unprivileged",0,"1 byte",0,"OKAY",1,0281b864,"OKAY",00000000,0,2,0,1,0,0,0,0,2,0,1,0,2,1,1,1,0,0,ff8127fb,3,f,1,0,0,00000000,3,1,0,0,1,"No Read Addr Cmds","No Read Addr Cmds","No Write Addr Cmds","No Write Addr Cmds","No Write Responses","No Write Responses","_","_","_","_","_","_","_","_","No Write Data Beats","No Write Data Beats"
982,982,0,0,1,1,0,0,0,8e5ffe20afb76fe31ba56e5faf65c9d2,0,3b9a3d13b8d6963fae1d8dc05a6037b2,0,1,0,1,5bb3039a,ffffffdb,0,1,0,0,1,00000000,"FIXED",3,00,"Data Secure Unprivileged","1 byte",0,0,00000000,"INCR",3,00,"Data Secure Unprivileged","4 bytes",0,1,5c6e7b1b,"OKAY",00000000,0,2,1,0,0,0,0,0,0,0,2,0,1,2,0,1,0,1,0037e400,"INCR",3,ff,0,"Data Secure Unprivileged",0,"4 bytes",0,00000000,"FIXED",0,00,0,"Data Secure Unprivileged",0,"1 byte",0,"OKAY",1,0281b864,"OKAY",00000000,0,2,0,1,0,0,0,0,2,0,1,0,2,1,1,1,0,0,ff8127fb,3,f,1,1,0,55dad4d0,3,f,1,1,0,"No Read Addr Cmds","No Read Addr Cmds","No Write Addr Cmds","No Write Addr Cmds","No Write Responses","No Write Responses","_","_","Active","Active","_","_","Stream Beat","Stream Beat","No Write Data Beats","No Write Data Beats"
983,983,0,0,1,1,0,0,0,8e5ffe20afb76fe31ba56e5faf65c9d2,0,3b9a3d13b8d6963fae1d8dc05a6037b2,0,1,0,0,5bb3039a,ffffffdb,0,1,0,0,1,00000000,"FIXED",3,00,"Data Secure Unprivileged","1 byte",0,0,00000000,"INCR",3,00,"Data Secure Unprivileged","4 bytes",0,1,5c6e7b1b,"OKAY",00000000,0,2,1,0,0,0,0,0,0,0,2,0,1,2,0,1,0,1,0037e400,"INCR",3,ff,0,"Data Secure Unprivileged",0,"4 bytes",0,00000000,"FIXED",0,00,0,"Data Secure Unprivileged",0,"1 byte",0,"OKAY",1,0281b864,"OKAY",00000000,0,2,0,1,4,0,0,1,2,0,1,0,2,1,1,3,1,0,00000000,3,1,1,0,1,55dad4d0,3,f,0,0,0,"No Read Addr Cmds","No Read Addr Cmds","No Write Addr Cmds","No Write Addr Cmds","No Write Responses","No Write Responses","_","Active","_","_","_","Data Beat","_","_","No Write Data Beats","No Write Data Beats"
984,984,0,0,1,1,0,0,0,8e5ffe20afb76fe31ba56e5faf65c9d2,0,3b9a3d13b8d6963fae1d8dc05a6037b2,0,1,0,1,3a76ded8,ffffffdb,0,1,0,0,1,00000000,"FIXED",3,00,"Data Secure Unprivileged","1 byte",0,0,00000000,"INCR",3,00,"Data Secure Unprivileged","4 bytes",0,1,55dad4d0,"OKAY",00000000,0,2,1,0,0,0,0,0,0,0,2,0,1,2,0,1,0,1,0037e400,"INCR",3,ff,0,"Data Secure Unprivileged",0,"4 bytes",0,00000000,"FIXED",0,00,0,"Data Secure Unprivileged",0,"1 byte",0,"OKAY",1,4c60f1ac,"OKAY",00000000,0,2,0,1,4,0,0,1,2,0,1,0,2,1,1,1,0,0,00000000,3,1,1,0,1,55dad4d0,3,f,0,0,0,"No Read Addr Cmds","No Read Addr Cmds","No Write Addr Cmds","No Write Addr Cmds","No Write Responses","No Write Responses","_","_","_","_","_","_","_","_","No Write Data Beats","No Write Data Beats"
985,985,0,0,1,1,0,0,0,8e5ffe20afb76fe31ba56e5faf65c9d2,0,3b9a3d13b8d6963fae1d8dc05a6037b2,0,1,0,1,3a76ded8,ffffffdb,0,1,0,0,1,00000000,"FIXED",3,00,"Data Secure Unprivileged","1 byte",0,0,00000000,"INCR",3,00,"Data Secure Unprivileged","4 bytes",0,1,55dad4d0,"OKAY",00000000,0,2,1,0,0,0,0,0,0,0,2,0,1,2,0,1,0,1,0037e400,"INCR",3,ff,0,"Data Secure Unprivileged",0,"4 bytes",0,00000000,"FIXED",0,00,0,"Data Secure Unprivileged",0,"1 byte",0,"OKAY",1,4c60f1ac,"OKAY",00000000,0,2,0,1,4,0,0,1,2,0,1,0,2,1,1,1,0,0,00000000,3,1,1,0,1,55dad4d0,3,f,0,0,0,"No Read Addr Cmds","No Read Addr Cmds","No Write Addr Cmds","No Write Addr Cmds","No Write Responses","No Write Responses","_","_","_","_","_","_","_","_","No Write Data Beats","No Write Data Beats"
986,986,0,0,1,1,0,0,0,8e5ffe20afb76fe31ba56e5faf65c9d2,0,3b9a3d13b8d6963fae1d8dc05a6037b2,0,1,0,1,3a76ded8,ffffffdb,0,1,0,0,1,00000000,"FIXED",3,00,"Data Secure Unprivileged","1 byte",0,0,00000000,"INCR",3,00,"Data Secure Unprivileged","4 bytes",0,1,55dad4d0,"OKAY",00000000,0,2,1,0,0,0,0,0,0,0,2,0,1,2,0,1,0,1,0037e400,"INCR",3,ff,0,"Data Secure Unprivileged",0,"4 bytes",0,00000000,"FIXED",0,00,0,"Data Secure Unprivileged",0,"1 byte",0,"OKAY",1,4c60f1ac,"OKAY",00000000,0,2,0,1,4,0,0,1,2,0,1,0,2,1,1,1,0,0,00000000,3,1,1,1,1,00000000,3,1,1,1,1,"No Read Addr Cmds","No Read Addr Cmds","No Write Addr Cmds","No Write Addr Cmds","No Write Responses","No Write Responses","_","_","Active","Active","_","_","Last Stream","Last Stream","No Write Data Beats","No Write Data Beats"
987,987,0,0,1,1,0,0,0,8e5ffe20afb76fe31ba56e5faf65c9d2,0,3b9a3d13b8d6963fae1d8dc05a6037b2,0,1,0,1,3a76ded8,ffffffdb,0,1,0,0,1,00000000,"FIXED",3,00,"Data Secure Unprivileged","1 byte",0,0,00000000,"INCR",3,00,"Data Secure Unprivileged","4 bytes",0,1,55dad4d0,"OKAY",00000000,0,2,1,0,0,0,0,0,0,0,2,0,1,3,1,1,0,1,0037e400,"INCR",3,ff,0,"Data Secure Unprivileged",0,"4 bytes",0,00000000,"FIXED",0,00,0,"Data Secure Unprivileged",0,"1 byte",0,"OKAY",1,4c60f1ac,"OKAY",00000000,0,2,0,1,0,0,0,0,2,0,1,0,2,1,1,1,0,0,0281b864,3,f,0,0,0,00000000,3,1,0,0,1,"No Read Addr Cmds","No Read Addr Cmds","No Write Addr Cmds","No Write Addr Cmds","No Write Responses","No Write Responses","Active","_","_","_","Data Beat","_","_","_","No Write Data Beats","No Write Data Beats"
988,988,0,0,1,1,0,0,0,8e5ffe20afb76fe31ba56e5faf65c9d2,0,3b9a3d13b8d6963fae1d8dc05a6037b2,0,1,0,1,3a76ded8,ffffffdb,0,1,0,0,1,00000000,"FIXED",3,00,"Data Secure Unprivileged","1 byte",0,0,00000000,"INCR",3,00,"Data Secure Unprivileged","4 bytes",0,1,55dad4d0,"OKAY",00000000,0,2,1,0,0,0,0,0,0,0,2,0,1,2,0,1,0,1,0037e400,"INCR",3,ff,0,"Data Secure Unprivileged",0,"4 bytes",0,00000000,"FIXED",0,00,0,"Data Secure Unprivileged",0,"1 byte",0,"OKAY",1,4c60f1ac,"OKAY",00000000,0,2,0,1,0,0,0,0,2,0,1,0,2,1,1,1,0,0,0281b864,3,f,1,0,0,00000000,3,1,0,0,1,"No Read Addr Cmds","No Read Addr Cmds","No Write Addr Cmds","No Write Addr Cmds","No Write Responses","No Write Responses","_","_","_","_","_","_","_","_","No Write Data Beats","No Write Data Beats"
989,989,0,0,1,1,0,0,0,8e5ffe20afb76fe31ba56e5faf65c9d2,0,3b9a3d13b8d6963fae1d8dc05a6037b2,0,1,0,1,3a76ded8,ffffffdb,0,1,0,0,1,00000000,"FIXED",3,00,"Data Secure Unprivileged","1 byte",0,0,00000000,"INCR",3,00,"Data Secure Unprivileged","4 bytes",0,1,55dad4d0,"OKAY",00000000,0,2,1,0,0,0,0,0,0,0,2,0,1,2,0,1,0,1,0037e400,"INCR",3,ff,0,"Data Secure Unprivileged",0,"4 bytes",0,00000000,"FIXED",0,00,0,"Data Secure Unprivileged",0,"1 byte",0,"OKAY",1,4c60f1ac,"OKAY",00000000,0,2,0,1,0,0,0,0,2,0,1,0,2,1,1,1,0,0,0281b864,3,f,1,0,0,00000000,3,1,0,0,1,"No Read Addr Cmds","No Read Addr Cmds","No Write Addr Cmds","No Write Addr Cmds","No Write Responses","No Write Responses","_","_","_","_","_","_","_","_","No Write Data Beats","No Write Data Beats"
990,990,0,0,1,1,0,0,0,8e5ffe20afb76fe31ba56e5faf65c9d2,0,3b9a3d13b8d6963fae1d8dc05a6037b2,0,1,0,1,3a76ded8,ffffffdb,0,1,0,0,1,00000000,"FIXED",3,00,"Data Secure Unprivileged","1 byte",0,0,00000000,"INCR",3,00,"Data Secure Unprivileged","4 bytes",0,1,55dad4d0,"OKAY",00000000,0,2,1,0,0,0,0,0,0,0,2,0,1,2,0,1,0,1,0037e400,"INCR",3,ff,0,"Data Secure Unprivileged",0,"4 bytes",0,00000000,"FIXED",0,00,0,"Data Secure Unprivileged",0,"1 byte",0,"OKAY",1,4c60f1ac,"OKAY",00000000,0,2,0,1,0,0,0,0,2,0,1,0,2,1,1,1,0,0,0281b864,3,f,1,1,0,0281b864,3,f,1,1,0,"No Read Addr Cmds","No Read Addr Cmds","No Write Addr Cmds","No Write Addr Cmds","No Write Responses","No Write Responses","_","_","Active","Active","_","_","Stream Beat","Stream Beat","No Write Data Beats","No Write Data Beats"
991,991,0,0,1,1,0,0,0,8e5ffe20afb76fe31ba56e5faf65c9d2,0,3b9a3d13b8d6963fae1d8dc05a6037b2,0,1,0,0,3a76ded8,ffffffdb,0,1,0,0,1,00000000,"FIXED",3,00,"Data Secure Unprivileged","1 byte",0,0,00000000,"INCR",3,00,"Data Secure Unprivileged","4 bytes",0,1,55dad4d0,"OKAY",00000000,0,2,1,0,0,0,0,0,0,0,2,0,1,6,0,1,1,1,0037e400,"INCR",3,ff,0,"Data Secure Unprivileged",0,"4 bytes",0,00000000,"FIXED",0,00,0,"Data Secure Unprivileged",0,"1 byte",0,"OKAY",1,4c60f1ac,"OKAY",00000000,4,2,0,1,0,0,0,0,2,0,1,0,2,1,1,3,1,0,00000000,3,1,1,0,1,0281b864,3,f,0,0,0,"No Read Addr Cmds","No Read Addr Cmds","No Write Addr Cmds","No Write Addr Cmds","No Write Responses","No Write Responses","_","Active","_","_","_","Data Beat","_","_","No Write Data Beats","No Write Data Beats"
992,992,0,0,1,1,0,0,0,8e5ffe20afb76fe31ba56e5faf65c9d2,0,3b9a3d13b8d6963fae1d8dc05a6037b2,0,1,0,1,aa5b2b0b,ffffffdb,0,1,0,0,1,00000000,"FIXED",3,00,"Data Secure Unprivileged","1 byte",0,0,00000000,"INCR",3,00,"Data Secure Unprivileged","4 bytes",0,1,0281b864,"OKAY",00000000,0,2,1,0,0,0,0,0,0,0,2,0,1,6,0,1,1,1,0037e400,"INCR",3,ff,0,"Data Secure Unprivileged",0,"4 bytes",0,00000000,"FIXED",0,00,0,"Data Secure Unprivileged",0,"1 byte",0,"OKAY",1,7eb6761d,"OKAY",00000000,4,2,0,1,0,0,0,0,2,0,1,0,2,1,1,1,0,0,00000000,3,1,1,0,1,0281b864,3,f,0,0,0,"No Read Addr Cmds","No Read Addr Cmds","No Write Addr Cmds","No Write Addr Cmds","No Write Responses","No Write Responses","_","_","_","_","_","_","_","_","No Write Data Beats","No Write Data Beats"
993,993,0,0,1,1,0,0,0,8e5ffe20afb76fe31ba56e5faf65c9d2,0,3b9a3d13b8d6963fae1d8dc05a6037b2,0,1,0,1,aa5b2b0b,ffffffdb,0,1,0,0,1,00000000,"FIXED",3,00,"Data Secure Unprivileged","1 byte",0,0,00000000,"INCR",3,00,"Data Secure Unprivileged","4 bytes",0,1,0281b864,"OKAY",00000000,0,2,1,0,0,0,0,0,0,0,2,0,1,6,0,1,1,1,0037e400,"INCR",3,ff,0,"Data Secure Unprivileged",0,"4 bytes",0,00000000,"FIXED",0,00,0,"Data Secure Unprivileged",0,"1 byte",0,"OKAY",1,7eb6761d,"OKAY",00000000,4,2,0,1,0,0,0,0,2,0,1,0,2,1,1,1,0,0,00000000,3,1,1,0,1,0281b864,3,f,0,0,0,"No Read Addr Cmds","No Read Addr Cmds","No Write Addr Cmds","No Write Addr Cmds","No Write Responses","No Write Responses","_","_","_","_","_","_","_","_","No Write Data Beats","No Write Data Beats"
994,994,0,0,1,1,0,0,0,8e5ffe20afb76fe31ba56e5faf65c9d2,0,3b9a3d13b8d6963fae1d8dc05a6037b2,0,1,0,1,aa5b2b0b,ffffffdb,0,1,0,0,1,00000000,"FIXED",3,00,"Data Secure Unprivileged","1 byte",0,0,00000000,"INCR",3,00,"Data Secure Unprivileged","4 bytes",0,1,0281b864,"OKAY",00000000,0,2,1,0,0,0,0,0,0,0,2,0,1,6,0,1,1,1,0037e400,"INCR",3,ff,0,"Data Secure Unprivileged",0,"4 bytes",0,00000000,"FIXED",0,00,0,"Data Secure Unprivileged",0,"1 byte",0,"OKAY",1,7eb6761d,"OKAY",00000000,4,2,0,1,0,0,0,0,2,0,1,0,2,1,1,1,0,0,00000000,3,1,1,1,1,00000000,3,1,1,1,1,"No Read Addr Cmds","No Read Addr Cmds","No Write Addr Cmds","No Write Addr Cmds","No Write Responses","No Write Responses","_","_","Active","Active","_","_","Last Stream","Last Stream","No Write Data Beats","No Write Data Beats"
995,995,0,0,1,1,0,0,0,8e5ffe20afb76fe31ba56e5faf65c9d2,0,3b9a3d13b8d6963fae1d8dc05a6037b2,0,1,0,1,aa5b2b0b,ffffffdb,0,1,0,0,1,00000000,"FIXED",3,00,"Data Secure Unprivileged","1 byte",0,0,00000000,"INCR",3,00,"Data Secure Unprivileged","4 bytes",0,1,0281b864,"OKAY",00000000,0,2,1,0,0,0,0,0,0,0,2,0,1,3,1,1,0,1,0037e400,"INCR",3,ff,0,"Data Secure Unprivileged",0,"4 bytes",0,00000000,"FIXED",0,00,0,"Data Secure Unprivileged",0,"1 byte",0,"OKAY",1,7eb6761d,"OKAY",00000000,0,2,0,1,0,0,0,0,2,0,1,0,2,1,1,1,0,0,4c60f1ac,3,f,0,0,0,00000000,3,1,0,0,1,"No Read Addr Cmds","No Read Addr Cmds","No Write Addr Cmds","No Write Addr Cmds","No Write Responses","No Write Responses","Active","_","_","_","Data Beat","_","_","_","No Write Data Beats","No Write Data Beats"
996,996,0,0,1,1,0,0,0,8e5ffe20afb76fe31ba56e5faf65c9d2,0,3b9a3d13b8d6963fae1d8dc05a6037b2,0,1,0,1,aa5b2b0b,ffffffdb,0,1,0,0,1,00000000,"FIXED",3,00,"Data Secure Unprivileged","1 byte",0,0,00000000,"INCR",3,00,"Data Secure Unprivileged","4 bytes",0,1,0281b864,"OKAY",00000000,0,2,1,0,0,0,0,0,0,0,2,0,1,2,0,1,0,1,0037e400,"INCR",3,ff,0,"Data Secure Unprivileged",0,"4 bytes",0,00000000,"FIXED",0,00,0,"Data Secure Unprivileged",0,"1 byte",0,"OKAY",1,7eb6761d,"OKAY",00000000,0,2,0,1,0,0,0,0,2,0,1,0,2,1,1,1,0,0,4c60f1ac,3,f,1,0,0,00000000,3,1,0,0,1,"No Read Addr Cmds","No Read Addr Cmds","No Write Addr Cmds","No Write Addr Cmds","No Write Responses","No Write Responses","_","_","_","_","_","_","_","_","No Write Data Beats","No Write Data Beats"
997,997,0,0,1,1,0,0,0,8e5ffe20afb76fe31ba56e5faf65c9d2,0,3b9a3d13b8d6963fae1d8dc05a6037b2,0,1,0,1,aa5b2b0b,ffffffdb,0,1,0,0,1,00000000,"FIXED",3,00,"Data Secure Unprivileged","1 byte",0,0,00000000,"INCR",3,00,"Data Secure Unprivileged","4 bytes",0,1,0281b864,"OKAY",00000000,0,2,1,0,0,0,0,0,0,0,2,0,1,2,0,1,0,1,0037e400,"INCR",3,ff,0,"Data Secure Unprivileged",0,"4 bytes",0,00000000,"FIXED",0,00,0,"Data Secure Unprivileged",0,"1 byte",0,"OKAY",1,7eb6761d,"OKAY",00000000,0,2,0,1,0,0,0,0,2,0,1,0,2,1,1,1,0,0,4c60f1ac,3,f,1,0,0,00000000,3,1,0,0,1,"No Read Addr Cmds","No Read Addr Cmds","No Write Addr Cmds","No Write Addr Cmds","No Write Responses","No Write Responses","_","_","_","_","_","_","_","_","No Write Data Beats","No Write Data Beats"
998,998,0,0,1,1,0,0,0,8e5ffe20afb76fe31ba56e5faf65c9d2,0,3b9a3d13b8d6963fae1d8dc05a6037b2,0,1,0,1,aa5b2b0b,ffffffdb,0,1,0,0,1,00000000,"FIXED",3,00,"Data Secure Unprivileged","1 byte",0,0,00000000,"INCR",3,00,"Data Secure Unprivileged","4 bytes",0,1,0281b864,"OKAY",00000000,0,2,1,0,0,0,0,0,0,0,2,0,1,2,0,1,0,1,0037e400,"INCR",3,ff,0,"Data Secure Unprivileged",0,"4 bytes",0,00000000,"FIXED",0,00,0,"Data Secure Unprivileged",0,"1 byte",0,"OKAY",1,7eb6761d,"OKAY",00000000,0,2,0,1,0,0,0,0,2,0,1,0,2,1,1,1,0,0,4c60f1ac,3,f,1,1,0,4c60f1ac,3,f,1,1,0,"No Read Addr Cmds","No Read Addr Cmds","No Write Addr Cmds","No Write Addr Cmds","No Write Responses","No Write Responses","_","_","Active","Active","_","_","Stream Beat","Stream Beat","No Write Data Beats","No Write Data Beats"
999,999,0,0,1,1,0,0,0,8e5ffe20afb76fe31ba56e5faf65c9d2,0,3b9a3d13b8d6963fae1d8dc05a6037b2,0,1,0,0,aa5b2b0b,ffffffdb,0,1,0,0,1,00000000,"FIXED",3,00,"Data Secure Unprivileged","1 byte",0,0,00000000,"INCR",3,00,"Data Secure Unprivileged","4 bytes",0,1,0281b864,"OKAY",00000000,0,2,1,0,0,0,0,0,0,0,2,0,1,6,0,1,1,1,0037e400,"INCR",3,ff,0,"Data Secure Unprivileged",0,"4 bytes",0,00000000,"FIXED",0,00,0,"Data Secure Unprivileged",0,"1 byte",0,"OKAY",1,7eb6761d,"OKAY",00000000,c,2,0,1,0,0,0,0,2,0,1,0,2,1,1,3,1,0,00000000,3,1,1,0,1,4c60f1ac,3,f,0,0,0,"No Read Addr Cmds","No Read Addr Cmds","No Write Addr Cmds","No Write Addr Cmds","No Write Responses","No Write Responses","_","Active","_","_","_","Data Beat","_","_","No Write Data Beats","No Write Data Beats"
1000,1000,0,0,1,1,0,0,0,8e5ffe20afb76fe31ba56e5faf65c9d2,0,3b9a3d13b8d6963fae1d8dc05a6037b2,0,1,0,1,40811d26,ffffffdb,0,1,0,0,1,00000000,"FIXED",3,00,"Data Secure Unprivileged","1 byte",0,0,00000000,"INCR",3,00,"Data Secure Unprivileged","4 bytes",0,1,4c60f1ac,"OKAY",00000000,0,2,1,0,0,0,0,0,0,0,2,0,1,6,0,1,1,1,0037e400,"INCR",3,ff,0,"Data Secure Unprivileged",0,"4 bytes",0,00000000,"FIXED",0,00,0,"Data Secure Unprivileged",0,"1 byte",0,"OKAY",1,ff8127fb,"OKAY",00000000,c,2,0,1,0,0,0,0,2,0,1,0,2,1,1,1,0,0,00000000,3,1,1,0,1,4c60f1ac,3,f,0,0,0,"No Read Addr Cmds","No Read Addr Cmds","No Write Addr Cmds","No Write Addr Cmds","No Write Responses","No Write Responses","_","_","_","_","_","_","_","_","No Write Data Beats","No Write Data Beats"
1001,1001,0,0,1,1,0,0,0,8e5ffe20afb76fe31ba56e5faf65c9d2,0,3b9a3d13b8d6963fae1d8dc05a6037b2,0,1,0,1,40811d26,ffffffdb,0,1,0,0,1,00000000,"FIXED",3,00,"Data Secure Unprivileged","1 byte",0,0,00000000,"INCR",3,00,"Data Secure Unprivileged","4 bytes",0,1,4c60f1ac,"OKAY",00000000,0,2,1,0,0,0,0,0,0,0,2,0,1,6,0,1,1,1,0037e400,"INCR",3,ff,0,"Data Secure Unprivileged",0,"4 bytes",0,00000000,"FIXED",0,00,0,"Data Secure Unprivileged",0,"1 byte",0,"OKAY",1,ff8127fb,"OKAY",00000000,c,2,0,1,0,0,0,0,2,0,1,0,2,1,1,1,0,0,00000000,3,1,1,0,1,4c60f1ac,3,f,0,0,0,"No Read Addr Cmds","No Read Addr Cmds","No Write Addr Cmds","No Write Addr Cmds","No Write Responses","No Write Responses","_","_","_","_","_","_","_","_","No Write Data Beats","No Write Data Beats"
1002,1002,0,0,1,1,0,0,0,8e5ffe20afb76fe31ba56e5faf65c9d2,0,3b9a3d13b8d6963fae1d8dc05a6037b2,0,1,0,1,40811d26,ffffffdb,0,1,0,0,1,00000000,"FIXED",3,00,"Data Secure Unprivileged","1 byte",0,0,00000000,"INCR",3,00,"Data Secure Unprivileged","4 bytes",0,1,4c60f1ac,"OKAY",00000000,0,2,1,0,0,0,0,0,0,0,2,0,1,6,0,1,1,1,0037e400,"INCR",3,ff,0,"Data Secure Unprivileged",0,"4 bytes",0,00000000,"FIXED",0,00,0,"Data Secure Unprivileged",0,"1 byte",0,"OKAY",1,ff8127fb,"OKAY",00000000,c,2,0,1,0,0,0,0,2,0,1,0,2,1,1,1,0,0,00000000,3,1,1,1,1,00000000,3,1,1,1,1,"No Read Addr Cmds","No Read Addr Cmds","No Write Addr Cmds","No Write Addr Cmds","No Write Responses","No Write Responses","_","_","Active","Active","_","_","Last Stream","Last Stream","No Write Data Beats","No Write Data Beats"
1003,1003,0,0,1,1,0,0,0,8e5ffe20afb76fe31ba56e5faf65c9d2,0,3b9a3d13b8d6963fae1d8dc05a6037b2,0,1,0,1,40811d26,ffffffdb,0,1,0,0,1,00000000,"FIXED",3,00,"Data Secure Unprivileged","1 byte",0,0,00000000,"INCR",3,00,"Data Secure Unprivileged","4 bytes",0,1,4c60f1ac,"OKAY",00000000,0,2,1,0,0,0,0,0,0,0,2,0,1,3,1,1,0,1,0037e400,"INCR",3,ff,0,"Data Secure Unprivileged",0,"4 bytes",0,00000000,"FIXED",0,00,0,"Data Secure Unprivileged",0,"1 byte",0,"OKAY",1,ff8127fb,"OKAY",00000000,0,2,0,1,0,0,0,0,2,0,1,0,2,1,1,1,0,0,7eb6761d,3,f,0,0,0,00000000,3,1,0,0,1,"No Read Addr Cmds","No Read Addr Cmds","No Write Addr Cmds","No Write Addr Cmds","No Write Responses","No Write Responses","Active","_","_","_","Data Beat","_","_","_","No Write Data Beats","No Write Data Beats"
1004,1004,0,0,1,1,0,0,0,8e5ffe20afb76fe31ba56e5faf65c9d2,0,3b9a3d13b8d6963fae1d8dc05a6037b2,0,1,0,1,40811d26,ffffffdb,0,1,0,0,1,00000000,"FIXED",3,00,"Data Secure Unprivileged","1 byte",0,0,00000000,"INCR",3,00,"Data Secure Unprivileged","4 bytes",0,1,4c60f1ac,"OKAY",00000000,0,2,1,0,0,0,0,0,0,0,2,0,1,2,0,1,0,1,0037e400,"INCR",3,ff,0,"Data Secure Unprivileged",0,"4 bytes",0,00000000,"FIXED",0,00,0,"Data Secure Unprivileged",0,"1 byte",0,"OKAY",1,ff8127fb,"OKAY",00000000,0,2,0,1,0,0,0,0,2,0,1,0,2,1,1,1,0,0,7eb6761d,3,f,1,0,0,00000000,3,1,0,0,1,"No Read Addr Cmds","No Read Addr Cmds","No Write Addr Cmds","No Write Addr Cmds","No Write Responses","No Write Responses","_","_","_","_","_","_","_","_","No Write Data Beats","No Write Data Beats"
1005,1005,0,0,1,1,0,0,0,8e5ffe20afb76fe31ba56e5faf65c9d2,0,3b9a3d13b8d6963fae1d8dc05a6037b2,0,1,0,1,40811d26,ffffffdb,0,1,0,0,1,00000000,"FIXED",3,00,"Data Secure Unprivileged","1 byte",0,0,00000000,"INCR",3,00,"Data Secure Unprivileged","4 bytes",0,1,4c60f1ac,"OKAY",00000000,0,2,1,0,0,0,0,0,0,0,2,0,1,2,0,1,0,1,0037e400,"INCR",3,ff,0,"Data Secure Unprivileged",0,"4 bytes",0,00000000,"FIXED",0,00,0,"Data Secure Unprivileged",0,"1 byte",0,"OKAY",1,ff8127fb,"OKAY",00000000,0,2,0,1,0,0,0,0,2,0,1,0,2,1,1,1,0,0,7eb6761d,3,f,1,0,0,00000000,3,1,0,0,1,"No Read Addr Cmds","No Read Addr Cmds","No Write Addr Cmds","No Write Addr Cmds","No Write Responses","No Write Responses","_","_","_","_","_","_","_","_","No Write Data Beats","No Write Data Beats"
1006,1006,0,0,1,1,0,0,0,8e5ffe20afb76fe31ba56e5faf65c9d2,0,3b9a3d13b8d6963fae1d8dc05a6037b2,0,1,0,1,40811d26,ffffffdb,0,1,0,0,1,00000000,"FIXED",3,00,"Data Secure Unprivileged","1 byte",0,0,00000000,"INCR",3,00,"Data Secure Unprivileged","4 bytes",0,1,4c60f1ac,"OKAY",00000000,0,2,1,0,0,0,0,0,0,0,2,0,1,2,0,1,0,1,0037e400,"INCR",3,ff,0,"Data Secure Unprivileged",0,"4 bytes",0,00000000,"FIXED",0,00,0,"Data Secure Unprivileged",0,"1 byte",0,"OKAY",1,ff8127fb,"OKAY",00000000,0,2,0,1,0,0,0,0,2,0,1,0,2,1,1,1,0,0,7eb6761d,3,f,1,1,0,7eb6761d,3,f,1,1,0,"No Read Addr Cmds","No Read Addr Cmds","No Write Addr Cmds","No Write Addr Cmds","No Write Responses","No Write Responses","_","_","Active","Active","_","_","Stream Beat","Stream Beat","No Write Data Beats","No Write Data Beats"
1007,1007,0,0,1,1,0,0,0,8e5ffe20afb76fe31ba56e5faf65c9d2,0,3b9a3d13b8d6963fae1d8dc05a6037b2,0,1,0,0,40811d26,ffffffdb,0,1,0,0,1,00000000,"FIXED",3,00,"Data Secure Unprivileged","1 byte",0,0,00000000,"INCR",3,00,"Data Secure Unprivileged","4 bytes",0,1,4c60f1ac,"EXOKAY",00000000,0,2,1,0,0,0,0,0,0,0,2,0,1,6,0,1,1,1,0037e400,"INCR",3,ff,0,"Data Secure Unprivileged",0,"4 bytes",0,00000000,"FIXED",0,00,0,"Data Secure Unprivileged",0,"1 byte",0,"OKAY",1,ff8127fb,"OKAY",00000000,d,2,0,1,4,0,0,1,2,0,1,0,2,1,1,3,1,0,00000000,3,1,1,0,1,7eb6761d,3,f,0,0,0,"No Read Addr Cmds","No Read Addr Cmds","No Write Addr Cmds","No Write Addr Cmds","No Write Responses","No Write Responses","_","Active","_","_","_","Data Beat","_","_","No Write Data Beats","No Write Data Beats"
1008,1008,0,0,1,1,0,0,0,8e5ffe20afb76fe31ba56e5faf65c9d2,0,3b9a3d13b8d6963fae1d8dc05a6037b2,0,1,0,1,32068f35,ffffffdb,0,1,0,0,1,00000000,"FIXED",3,00,"Data Secure Unprivileged","1 byte",0,0,00000000,"INCR",3,00,"Data Secure Unprivileged","4 bytes",0,1,7eb6761d,"EXOKAY",00000000,0,2,1,0,0,0,0,0,0,0,2,0,1,6,0,1,1,1,0037e400,"INCR",3,ff,0,"Data Secure Unprivileged",0,"4 bytes",0,00000000,"FIXED",0,00,0,"Data Secure Unprivileged",0,"1 byte",0,"OKAY",1,0281b864,"OKAY",00000000,d,2,0,1,4,0,0,1,2,0,1,0,2,1,1,1,0,0,00000000,3,1,1,0,1,7eb6761d,3,f,0,0,0,"No Read Addr Cmds","No Read Addr Cmds","No Write Addr Cmds","No Write Addr Cmds","No Write Responses","No Write Responses","_","_","_","_","_","_","_","_","No Write Data Beats","No Write Data Beats"
1009,1009,0,0,1,1,0,0,0,8e5ffe20afb76fe31ba56e5faf65c9d2,0,3b9a3d13b8d6963fae1d8dc05a6037b2,0,1,0,1,32068f35,ffffffdb,0,1,0,0,1,00000000,"FIXED",3,00,"Data Secure Unprivileged","1 byte",0,0,00000000,"INCR",3,00,"Data Secure Unprivileged","4 bytes",0,1,7eb6761d,"EXOKAY",00000000,0,2,1,0,0,0,0,0,0,0,2,0,1,6,0,1,1,1,0037e400,"INCR",3,ff,0,"Data Secure Unprivileged",0,"4 bytes",0,00000000,"FIXED",0,00,0,"Data Secure Unprivileged",0,"1 byte",0,"OKAY",1,0281b864,"OKAY",00000000,d,2,0,1,4,0,0,1,2,0,1,0,2,1,1,1,0,0,00000000,3,1,1,0,1,7eb6761d,3,f,0,0,0,"No Read Addr Cmds","No Read Addr Cmds","No Write Addr Cmds","No Write Addr Cmds","No Write Responses","No Write Responses","_","_","_","_","_","_","_","_","No Write Data Beats","No Write Data Beats"
1010,1010,0,0,1,1,0,0,0,8e5ffe20afb76fe31ba56e5faf65c9d2,0,3b9a3d13b8d6963fae1d8dc05a6037b2,0,1,0,1,32068f35,ffffffdb,0,1,0,0,1,00000000,"FIXED",3,00,"Data Secure Unprivileged","1 byte",0,0,00000000,"INCR",3,00,"Data Secure Unprivileged","4 bytes",0,1,7eb6761d,"EXOKAY",00000000,0,2,1,0,0,0,0,0,0,0,2,0,1,6,0,1,1,1,0037e400,"INCR",3,ff,0,"Data Secure Unprivileged",0,"4 bytes",0,00000000,"FIXED",0,00,0,"Data Secure Unprivileged",0,"1 byte",0,"OKAY",1,0281b864,"OKAY",00000000,d,2,0,1,4,0,0,1,2,0,1,0,2,1,1,1,0,0,00000000,3,1,1,1,1,00000000,3,1,1,1,1,"No Read Addr Cmds","No Read Addr Cmds","No Write Addr Cmds","No Write Addr Cmds","No Write Responses","No Write Responses","_","_","Active","Active","_","_","Last Stream","Last Stream","No Write Data Beats","No Write Data Beats"
1011,1011,0,0,1,1,0,0,0,8e5ffe20afb76fe31ba56e5faf65c9d2,0,3b9a3d13b8d6963fae1d8dc05a6037b2,0,1,0,1,32068f35,ffffffdb,0,1,0,0,1,00000000,"FIXED",3,00,"Data Secure Unprivileged","1 byte",0,0,00000000,"INCR",3,00,"Data Secure Unprivileged","4 bytes",0,1,7eb6761d,"OKAY",00000000,0,2,1,0,0,0,0,0,0,0,2,0,1,3,1,1,0,1,0037e400,"INCR",3,ff,0,"Data Secure Unprivileged",0,"4 bytes",0,00000000,"FIXED",0,00,0,"Data Secure Unprivileged",0,"1 byte",0,"OKAY",1,0281b864,"OKAY",00000000,0,2,0,1,0,0,0,0,2,0,1,0,2,1,1,1,0,0,ff8127fb,3,f,0,0,0,00000000,3,1,0,0,1,"No Read Addr Cmds","No Read Addr Cmds","No Write Addr Cmds","No Write Addr Cmds","No Write Responses","No Write Responses","Active","_","_","_","Data Beat","_","_","_","No Write Data Beats","No Write Data Beats"
1012,1012,0,0,1,1,0,0,0,8e5ffe20afb76fe31ba56e5faf65c9d2,0,3b9a3d13b8d6963fae1d8dc05a6037b2,0,1,0,1,32068f35,ffffffdb,0,1,0,0,1,00000000,"FIXED",3,00,"Data Secure Unprivileged","1 byte",0,0,00000000,"INCR",3,00,"Data Secure Unprivileged","4 bytes",0,1,7eb6761d,"OKAY",00000000,0,2,1,0,0,0,0,0,0,0,2,0,1,2,0,1,0,1,0037e400,"INCR",3,ff,0,"Data Secure Unprivileged",0,"4 bytes",0,00000000,"FIXED",0,00,0,"Data Secure Unprivileged",0,"1 byte",0,"OKAY",1,0281b864,"OKAY",00000000,0,2,0,1,0,0,0,0,2,0,1,0,2,1,1,1,0,0,ff8127fb,3,f,1,0,0,00000000,3,1,0,0,1,"No Read Addr Cmds","No Read Addr Cmds","No Write Addr Cmds","No Write Addr Cmds","No Write Responses","No Write Responses","_","_","_","_","_","_","_","_","No Write Data Beats","No Write Data Beats"
1013,1013,0,0,1,1,0,0,0,8e5ffe20afb76fe31ba56e5faf65c9d2,0,3b9a3d13b8d6963fae1d8dc05a6037b2,0,1,0,1,32068f35,ffffffdb,0,1,0,0,1,00000000,"FIXED",3,00,"Data Secure Unprivileged","1 byte",0,0,00000000,"INCR",3,00,"Data Secure Unprivileged","4 bytes",0,1,7eb6761d,"OKAY",00000000,0,2,1,0,0,0,0,0,0,0,2,0,1,2,0,1,0,1,0037e400,"INCR",3,ff,0,"Data Secure Unprivileged",0,"4 bytes",0,00000000,"FIXED",0,00,0,"Data Secure Unprivileged",0,"1 byte",0,"OKAY",1,0281b864,"OKAY",00000000,0,2,0,1,0,0,0,0,2,0,1,0,2,1,1,1,0,0,ff8127fb,3,f,1,0,0,00000000,3,1,0,0,1,"No Read Addr Cmds","No Read Addr Cmds","No Write Addr Cmds","No Write Addr Cmds","No Write Responses","No Write Responses","_","_","_","_","_","_","_","_","No Write Data Beats","No Write Data Beats"
1014,1014,0,0,1,1,0,0,0,8e5ffe20afb76fe31ba56e5faf65c9d2,0,3b9a3d13b8d6963fae1d8dc05a6037b2,0,1,0,1,32068f35,ffffffdb,0,1,0,0,1,00000000,"FIXED",3,00,"Data Secure Unprivileged","1 byte",0,0,00000000,"INCR",3,00,"Data Secure Unprivileged","4 bytes",0,1,7eb6761d,"OKAY",00000000,0,2,1,0,0,0,0,0,0,0,2,0,1,2,0,1,0,1,0037e400,"INCR",3,ff,0,"Data Secure Unprivileged",0,"4 bytes",0,00000000,"FIXED",0,00,0,"Data Secure Unprivileged",0,"1 byte",0,"OKAY",1,0281b864,"OKAY",00000000,0,2,0,1,0,0,0,0,2,0,1,0,2,1,1,1,0,0,ff8127fb,3,f,1,1,0,ff8127fb,3,f,1,1,0,"No Read Addr Cmds","No Read Addr Cmds","No Write Addr Cmds","No Write Addr Cmds","No Write Responses","No Write Responses","_","_","Active","Active","_","_","Stream Beat","Stream Beat","No Write Data Beats","No Write Data Beats"
1015,1015,0,0,1,1,0,0,0,8e5ffe20afb76fe31ba56e5faf65c9d2,0,3b9a3d13b8d6963fae1d8dc05a6037b2,0,1,0,0,32068f35,ffffffdb,0,1,0,0,1,00000000,"FIXED",3,00,"Data Secure Unprivileged","1 byte",0,0,00000000,"INCR",3,00,"Data Secure Unprivileged","4 bytes",0,1,7eb6761d,"DECERR",00000000,0,2,1,0,0,0,0,0,0,0,2,0,1,2,0,1,0,1,0037e400,"INCR",3,ff,0,"Data Secure Unprivileged",0,"4 bytes",0,00000000,"FIXED",0,00,0,"Data Secure Unprivileged",0,"1 byte",0,"OKAY",1,0281b864,"OKAY",00000000,b,2,0,1,4,0,0,1,2,0,1,0,2,1,1,3,1,0,00000000,3,1,1,0,1,ff8127fb,3,f,0,0,0,"No Read Addr Cmds","No Read Addr Cmds","No Write Addr Cmds","No Write Addr Cmds","No Write Responses","No Write Responses","_","Active","_","_","_","Data Beat","_","_","No Write Data Beats","No Write Data Beats"
1016,1016,0,0,1,1,0,0,0,8e5ffe20afb76fe31ba56e5faf65c9d2,0,3b9a3d13b8d6963fae1d8dc05a6037b2,0,1,0,1,7e6d6eb8,ffffffdb,0,1,0,0,1,00000000,"FIXED",3,00,"Data Secure Unprivileged","1 byte",0,0,00000000,"INCR",3,00,"Data Secure Unprivileged","4 bytes",0,1,ff8127fb,"DECERR",00000000,0,2,1,0,0,0,0,0,0,0,2,0,1,2,0,1,0,1,0037e400,"INCR",3,ff,0,"Data Secure Unprivileged",0,"4 bytes",0,00000000,"FIXED",0,00,0,"Data Secure Unprivileged",0,"1 byte",0,"OKAY",1,4c60f1ac,"OKAY",00000000,b,2,0,1,4,0,0,1,2,0,1,0,2,1,1,1,0,0,00000000,3,1,1,0,1,ff8127fb,3,f,0,0,0,"No Read Addr Cmds","No Read Addr Cmds","No Write Addr Cmds","No Write Addr Cmds","No Write Responses","No Write Responses","_","_","_","_","_","_","_","_","No Write Data Beats","No Write Data Beats"
1017,1017,0,0,1,1,0,0,0,8e5ffe20afb76fe31ba56e5faf65c9d2,0,3b9a3d13b8d6963fae1d8dc05a6037b2,0,1,0,1,7e6d6eb8,ffffffdb,0,1,0,0,1,00000000,"FIXED",3,00,"Data Secure Unprivileged","1 byte",0,0,00000000,"INCR",3,00,"Data Secure Unprivileged","4 bytes",0,1,ff8127fb,"DECERR",00000000,0,2,1,0,0,0,0,0,0,0,2,0,1,2,0,1,0,1,0037e400,"INCR",3,ff,0,"Data Secure Unprivileged",0,"4 bytes",0,00000000,"FIXED",0,00,0,"Data Secure Unprivileged",0,"1 byte",0,"OKAY",1,4c60f1ac,"OKAY",00000000,b,2,0,1,4,0,0,1,2,0,1,0,2,1,1,1,0,0,00000000,3,1,1,0,1,ff8127fb,3,f,0,0,0,"No Read Addr Cmds","No Read Addr Cmds","No Write Addr Cmds","No Write Addr Cmds","No Write Responses","No Write Responses","_","_","_","_","_","_","_","_","No Write Data Beats","No Write Data Beats"
1018,1018,0,0,1,1,0,0,0,8e5ffe20afb76fe31ba56e5faf65c9d2,0,3b9a3d13b8d6963fae1d8dc05a6037b2,0,1,0,1,7e6d6eb8,ffffffdb,0,1,0,0,1,00000000,"FIXED",3,00,"Data Secure Unprivileged","1 byte",0,0,00000000,"INCR",3,00,"Data Secure Unprivileged","4 bytes",0,1,ff8127fb,"DECERR",00000000,0,2,1,0,0,0,0,0,0,0,2,0,1,2,0,1,0,1,0037e400,"INCR",3,ff,0,"Data Secure Unprivileged",0,"4 bytes",0,00000000,"FIXED",0,00,0,"Data Secure Unprivileged",0,"1 byte",0,"OKAY",1,4c60f1ac,"OKAY",00000000,b,2,0,1,4,0,0,1,2,0,1,0,2,1,1,1,0,0,00000000,3,1,1,1,1,00000000,3,1,1,1,1,"No Read Addr Cmds","No Read Addr Cmds","No Write Addr Cmds","No Write Addr Cmds","No Write Responses","No Write Responses","_","_","Active","Active","_","_","Last Stream","Last Stream","No Write Data Beats","No Write Data Beats"
1019,1019,0,0,1,1,0,0,0,8e5ffe20afb76fe31ba56e5faf65c9d2,0,3b9a3d13b8d6963fae1d8dc05a6037b2,0,1,0,1,7e6d6eb8,ffffffdb,0,1,0,0,1,00000000,"FIXED",3,00,"Data Secure Unprivileged","1 byte",0,0,00000000,"INCR",3,00,"Data Secure Unprivileged","4 bytes",0,1,ff8127fb,"OKAY",00000000,0,2,1,0,0,0,0,0,0,0,2,0,1,3,1,1,0,1,0037e400,"INCR",3,ff,0,"Data Secure Unprivileged",0,"4 bytes",0,00000000,"FIXED",0,00,0,"Data Secure Unprivileged",0,"1 byte",0,"OKAY",1,4c60f1ac,"OKAY",00000000,0,2,0,1,0,0,0,0,2,0,1,0,2,1,1,1,0,0,0281b864,3,f,0,0,0,00000000,3,1,0,0,1,"No Read Addr Cmds","No Read Addr Cmds","No Write Addr Cmds","No Write Addr Cmds","No Write Responses","No Write Responses","Active","_","_","_","Data Beat","_","_","_","No Write Data Beats","No Write Data Beats"
1020,1020,0,0,1,1,0,0,0,8e5ffe20afb76fe31ba56e5faf65c9d2,0,3b9a3d13b8d6963fae1d8dc05a6037b2,0,1,0,1,7e6d6eb8,ffffffdb,0,1,0,0,1,00000000,"FIXED",3,00,"Data Secure Unprivileged","1 byte",0,0,00000000,"INCR",3,00,"Data Secure Unprivileged","4 bytes",0,1,ff8127fb,"OKAY",00000000,0,2,1,0,0,0,0,0,0,0,2,0,1,2,0,1,0,1,0037e400,"INCR",3,ff,0,"Data Secure Unprivileged",0,"4 bytes",0,00000000,"FIXED",0,00,0,"Data Secure Unprivileged",0,"1 byte",0,"OKAY",1,4c60f1ac,"OKAY",00000000,0,2,0,1,0,0,0,0,2,0,1,0,2,1,1,1,0,0,0281b864,3,f,1,0,0,00000000,3,1,0,0,1,"No Read Addr Cmds","No Read Addr Cmds","No Write Addr Cmds","No Write Addr Cmds","No Write Responses","No Write Responses","_","_","_","_","_","_","_","_","No Write Data Beats","No Write Data Beats"
1021,1021,0,0,1,1,0,0,0,8e5ffe20afb76fe31ba56e5faf65c9d2,0,3b9a3d13b8d6963fae1d8dc05a6037b2,0,1,0,1,7e6d6eb8,ffffffdb,0,1,0,0,1,00000000,"FIXED",3,00,"Data Secure Unprivileged","1 byte",0,0,00000000,"INCR",3,00,"Data Secure Unprivileged","4 bytes",0,1,ff8127fb,"OKAY",00000000,0,2,1,0,0,0,0,0,0,0,2,0,1,2,0,1,0,1,0037e400,"INCR",3,ff,0,"Data Secure Unprivileged",0,"4 bytes",0,00000000,"FIXED",0,00,0,"Data Secure Unprivileged",0,"1 byte",0,"OKAY",1,4c60f1ac,"OKAY",00000000,0,2,0,1,0,0,0,0,2,0,1,0,2,1,1,1,0,0,0281b864,3,f,1,0,0,00000000,3,1,0,0,1,"No Read Addr Cmds","No Read Addr Cmds","No Write Addr Cmds","No Write Addr Cmds","No Write Responses","No Write Responses","_","_","_","_","_","_","_","_","No Write Data Beats","No Write Data Beats"
1022,1022,0,0,1,1,0,0,0,8e5ffe20afb76fe31ba56e5faf65c9d2,0,3b9a3d13b8d6963fae1d8dc05a6037b2,0,1,0,1,7e6d6eb8,ffffffdb,0,1,0,0,1,00000000,"FIXED",3,00,"Data Secure Unprivileged","1 byte",0,0,00000000,"INCR",3,00,"Data Secure Unprivileged","4 bytes",0,1,ff8127fb,"OKAY",00000000,0,2,1,0,0,0,0,0,0,0,2,0,1,2,0,1,0,1,0037e400,"INCR",3,ff,0,"Data Secure Unprivileged",0,"4 bytes",0,00000000,"FIXED",0,00,0,"Data Secure Unprivileged",0,"1 byte",0,"OKAY",1,4c60f1ac,"OKAY",00000000,0,2,0,1,0,0,0,0,2,0,1,0,2,1,1,1,0,0,0281b864,3,f,1,1,0,0281b864,3,f,1,1,0,"No Read Addr Cmds","No Read Addr Cmds","No Write Addr Cmds","No Write Addr Cmds","No Write Responses","No Write Responses","_","_","Active","Active","_","_","Stream Beat","Stream Beat","No Write Data Beats","No Write Data Beats"
1023,1023,0,0,1,1,0,0,0,8e5ffe20afb76fe31ba56e5faf65c9d2,0,3b9a3d13b8d6963fae1d8dc05a6037b2,0,1,0,0,7e6d6eb8,ffffffdb,0,1,0,0,1,00000000,"FIXED",3,00,"Data Secure Unprivileged","1 byte",0,0,00000000,"INCR",3,00,"Data Secure Unprivileged","4 bytes",0,1,ff8127fb,"OKAY",00000000,0,2,1,0,0,0,0,0,0,0,2,0,1,6,0,1,1,1,0037e400,"INCR",3,ff,0,"Data Secure Unprivileged",0,"4 bytes",0,00000000,"FIXED",0,00,0,"Data Secure Unprivileged",0,"1 byte",0,"OKAY",1,4c60f1ac,"OKAY",00000000,4,2,0,1,0,0,0,0,2,0,1,0,2,1,1,3,1,0,00000000,3,1,1,0,1,0281b864,3,f,0,0,0,"No Read Addr Cmds","No Read Addr Cmds","No Write Addr Cmds","No Write Addr Cmds","No Write Responses","No Write Responses","_","Active","_","_","_","Data Beat","_","_","No Write Data Beats","No Write Data Beats"
1024,1024,1,0,1,1,0,0,0,8e5ffe20afb76fe31ba56e5faf65c9d2,0,3b9a3d13b8d6963fae1d8dc05a6037b2,0,1,0,1,ff81e4df,ffffffdb,0,1,0,0,1,00000000,"FIXED",3,00,"Data Secure Unprivileged","1 byte",0,0,00000000,"INCR",3,00,"Data Secure Unprivileged","4 bytes",0,1,0281b864,"OKAY",00000000,0,2,1,0,0,0,0,0,0,0,2,0,1,6,0,1,1,1,0037e400,"INCR",3,ff,0,"Data Secure Unprivileged",0,"4 bytes",0,00000000,"FIXED",0,00,0,"Data Secure Unprivileged",0,"1 byte",0,"OKAY",1,7eb6761d,"OKAY",00000000,4,2,0,1,0,0,0,0,2,0,1,0,2,1,1,1,0,0,00000000,3,1,1,0,1,0281b864,3,f,0,0,0,"No Read Addr Cmds","No Read Addr Cmds","No Write Addr Cmds","No Write Addr Cmds","No Write Responses","No Write Responses","_","_","_","_","_","_","_","_","No Write Data Beats","No Write Data Beats"
1025,1025,0,0,1,1,0,0,0,8e5ffe20afb76fe31ba56e5faf65c9d2,0,3b9a3d13b8d6963fae1d8dc05a6037b2,0,1,0,1,ff81e4df,ffffffdb,0,1,0,0,1,00000000,"FIXED",3,00,"Data Secure Unprivileged","1 byte",0,0,00000000,"INCR",3,00,"Data Secure Unprivileged","4 bytes",0,1,0281b864,"OKAY",00000000,0,2,1,0,0,0,0,0,0,0,2,0,1,6,0,1,1,1,0037e400,"INCR",3,ff,0,"Data Secure Unprivileged",0,"4 bytes",0,00000000,"FIXED",0,00,0,"Data Secure Unprivileged",0,"1 byte",0,"OKAY",1,7eb6761d,"OKAY",00000000,4,2,0,1,0,0,0,0,2,0,1,0,2,1,1,1,0,0,00000000,3,1,1,0,1,0281b864,3,f,0,0,0,"No Read Addr Cmds","No Read Addr Cmds","No Write Addr Cmds","No Write Addr Cmds","No Write Responses","No Write Responses","_","_","_","_","_","_","_","_","No Write Data Beats","No Write Data Beats"
1026,1026,0,0,1,1,0,0,0,8e5ffe20afb76fe31ba56e5faf65c9d2,0,3b9a3d13b8d6963fae1d8dc05a6037b2,0,1,0,1,ff81e4df,ffffffdb,0,1,0,0,1,00000000,"FIXED",3,00,"Data Secure Unprivileged","1 byte",0,0,00000000,"INCR",3,00,"Data Secure Unprivileged","4 bytes",0,1,0281b864,"OKAY",00000000,0,2,1,0,0,0,0,0,0,0,2,0,1,6,0,1,1,1,0037e400,"INCR",3,ff,0,"Data Secure Unprivileged",0,"4 bytes",0,00000000,"FIXED",0,00,0,"Data Secure Unprivileged",0,"1 byte",0,"OKAY",1,7eb6761d,"OKAY",00000000,4,2,0,1,0,0,0,0,2,0,1,0,2,1,1,1,0,0,00000000,3,1,1,1,1,00000000,3,1,1,1,1,"No Read Addr Cmds","No Read Addr Cmds","No Write Addr Cmds","No Write Addr Cmds","No Write Responses","No Write Responses","_","_","Active","Active","_","_","Last Stream","Last Stream","No Write Data Beats","No Write Data Beats"
1027,1027,0,0,1,1,0,0,0,8e5ffe20afb76fe31ba56e5faf65c9d2,0,3b9a3d13b8d6963fae1d8dc05a6037b2,0,1,0,1,ff81e4df,ffffffdb,0,1,0,0,1,00000000,"FIXED",3,00,"Data Secure Unprivileged","1 byte",0,0,00000000,"INCR",3,00,"Data Secure Unprivileged","4 bytes",0,1,0281b864,"OKAY",00000000,0,2,1,0,0,0,0,0,0,0,2,0,1,3,1,1,0,1,0037e400,"INCR",3,ff,0,"Data Secure Unprivileged",0,"4 bytes",0,00000000,"FIXED",0,00,0,"Data Secure Unprivileged",0,"1 byte",0,"OKAY",1,7eb6761d,"OKAY",00000000,0,2,0,1,0,0,0,0,2,0,1,0,2,1,1,1,0,0,4c60f1ac,3,f,0,0,0,00000000,3,1,0,0,1,"No Read Addr Cmds","No Read Addr Cmds","No Write Addr Cmds","No Write Addr Cmds","No Write Responses","No Write Responses","Active","_","_","_","Data Beat","_","_","_","No Write Data Beats","No Write Data Beats"
1028,1028,0,0,1,1,0,0,0,8e5ffe20afb76fe31ba56e5faf65c9d2,0,3b9a3d13b8d6963fae1d8dc05a6037b2,0,1,0,1,ff81e4df,ffffffdb,0,1,0,0,1,00000000,"FIXED",3,00,"Data Secure Unprivileged","1 byte",0,0,00000000,"INCR",3,00,"Data Secure Unprivileged","4 bytes",0,1,0281b864,"OKAY",00000000,0,2,1,0,0,0,0,0,0,0,2,0,1,2,0,1,0,1,0037e400,"INCR",3,ff,0,"Data Secure Unprivileged",0,"4 bytes",0,00000000,"FIXED",0,00,0,"Data Secure Unprivileged",0,"1 byte",0,"OKAY",1,7eb6761d,"OKAY",00000000,0,2,0,1,0,0,0,0,2,0,1,0,2,1,1,1,0,0,4c60f1ac,3,f,1,0,0,00000000,3,1,0,0,1,"No Read Addr Cmds","No Read Addr Cmds","No Write Addr Cmds","No Write Addr Cmds","No Write Responses","No Write Responses","_","_","_","_","_","_","_","_","No Write Data Beats","No Write Data Beats"
1029,1029,0,0,1,1,0,0,0,8e5ffe20afb76fe31ba56e5faf65c9d2,0,3b9a3d13b8d6963fae1d8dc05a6037b2,0,1,0,1,ff81e4df,ffffffdb,0,1,0,0,1,00000000,"FIXED",3,00,"Data Secure Unprivileged","1 byte",0,0,00000000,"INCR",3,00,"Data Secure Unprivileged","4 bytes",0,1,0281b864,"OKAY",00000000,0,2,1,0,0,0,0,0,0,0,2,0,1,2,0,1,0,1,0037e400,"INCR",3,ff,0,"Data Secure Unprivileged",0,"4 bytes",0,00000000,"FIXED",0,00,0,"Data Secure Unprivileged",0,"1 byte",0,"OKAY",1,7eb6761d,"OKAY",00000000,0,2,0,1,0,0,0,0,2,0,1,0,2,1,1,1,0,0,4c60f1ac,3,f,1,0,0,00000000,3,1,0,0,1,"No Read Addr Cmds","No Read Addr Cmds","No Write Addr Cmds","No Write Addr Cmds","No Write Responses","No Write Responses","_","_","_","_","_","_","_","_","No Write Data Beats","No Write Data Beats"
1030,1030,0,0,1,1,0,0,0,8e5ffe20afb76fe31ba56e5faf65c9d2,0,3b9a3d13b8d6963fae1d8dc05a6037b2,0,1,0,1,ff81e4df,ffffffdb,0,1,0,0,1,00000000,"FIXED",3,00,"Data Secure Unprivileged","1 byte",0,0,00000000,"INCR",3,00,"Data Secure Unprivileged","4 bytes",0,1,0281b864,"OKAY",00000000,0,2,1,0,0,0,0,0,0,0,2,0,1,2,0,1,0,1,0037e400,"INCR",3,ff,0,"Data Secure Unprivileged",0,"4 bytes",0,00000000,"FIXED",0,00,0,"Data Secure Unprivileged",0,"1 byte",0,"OKAY",1,7eb6761d,"OKAY",00000000,0,2,0,1,0,0,0,0,2,0,1,0,2,1,1,1,0,0,4c60f1ac,3,f,1,1,0,4c60f1ac,3,f,1,1,0,"No Read Addr Cmds","No Read Addr Cmds","No Write Addr Cmds","No Write Addr Cmds","No Write Responses","No Write Responses","_","_","Active","Active","_","_","Stream Beat","Stream Beat","No Write Data Beats","No Write Data Beats"
1031,1031,0,0,1,1,0,0,0,8e5ffe20afb76fe31ba56e5faf65c9d2,0,3b9a3d13b8d6963fae1d8dc05a6037b2,0,1,0,0,ff81e4df,ffffffdb,0,1,0,0,1,00000000,"FIXED",3,00,"Data Secure Unprivileged","1 byte",0,0,00000000,"INCR",3,00,"Data Secure Unprivileged","4 bytes",0,1,0281b864,"OKAY",00000000,0,2,1,0,0,0,0,0,0,0,2,0,1,6,0,1,1,1,0037e400,"INCR",3,ff,0,"Data Secure Unprivileged",0,"4 bytes",0,00000000,"FIXED",0,00,0,"Data Secure Unprivileged",0,"1 byte",0,"OKAY",1,7eb6761d,"OKAY",00000000,c,2,0,1,0,0,0,0,2,0,1,0,2,1,1,3,1,0,00000000,3,1,1,0,1,4c60f1ac,3,f,0,0,0,"No Read Addr Cmds","No Read Addr Cmds","No Write Addr Cmds","No Write Addr Cmds","No Write Responses","No Write Responses","_","Active","_","_","_","Data Beat","_","_","No Write Data Beats","No Write Data Beats"
1032,1032,0,0,1,1,0,0,0,8e5ffe20afb76fe31ba56e5faf65c9d2,0,3b9a3d13b8d6963fae1d8dc05a6037b2,0,1,0,1,40811d26,ffffffdb,0,1,0,0,1,00000000,"FIXED",3,00,"Data Secure Unprivileged","1 byte",0,0,00000000,"INCR",3,00,"Data Secure Unprivileged","4 bytes",0,1,4c60f1ac,"OKAY",00000000,0,2,1,0,0,0,0,0,0,0,2,0,1,6,0,1,1,1,0037e400,"INCR",3,ff,0,"Data Secure Unprivileged",0,"4 bytes",0,00000000,"FIXED",0,00,0,"Data Secure Unprivileged",0,"1 byte",0,"OKAY",1,ff8127fb,"OKAY",00000000,c,2,0,1,0,0,0,0,2,0,1,0,2,1,1,5,0,1,00000000,3,1,1,0,1,4c60f1ac,3,f,0,0,0,"No Read Addr Cmds","No Read Addr Cmds","No Write Addr Cmds","No Write Addr Cmds","No Write Responses","No Write Responses","_","_","_","_","_","_","_","_","No Write Data Beats","No Write Data Beats"
1033,1033,0,0,1,1,0,0,0,8e5ffe20afb76fe31ba56e5faf65c9d2,0,3b9a3d13b8d6963fae1d8dc05a6037b2,0,1,0,1,40811d26,ffffffdb,0,1,0,0,1,00000000,"FIXED",3,00,"Data Secure Unprivileged","1 byte",0,0,00000000,"INCR",3,00,"Data Secure Unprivileged","4 bytes",0,1,4c60f1ac,"OKAY",00000000,0,2,1,0,0,0,0,0,0,0,2,0,1,6,0,1,1,1,0037e400,"INCR",3,ff,0,"Data Secure Unprivileged",0,"4 bytes",0,00000000,"FIXED",0,00,0,"Data Secure Unprivileged",0,"1 byte",0,"OKAY",1,ff8127fb,"OKAY",00000000,c,2,0,1,0,0,0,0,2,0,1,0,2,1,1,5,0,1,00000000,3,1,1,0,1,4c60f1ac,3,f,0,0,0,"No Read Addr Cmds","No Read Addr Cmds","No Write Addr Cmds","No Write Addr Cmds","No Write Responses","No Write Responses","_","_","_","_","_","_","_","_","No Write Data Beats","No Write Data Beats"
1034,1034,0,0,1,1,0,0,0,8e5ffe20afb76fe31ba56e5faf65c9d2,0,3b9a3d13b8d6963fae1d8dc05a6037b2,0,1,0,1,40811d26,ffffffdb,0,1,0,0,1,00000000,"FIXED",3,00,"Data Secure Unprivileged","1 byte",0,0,00000000,"INCR",3,00,"Data Secure Unprivileged","4 bytes",0,1,4c60f1ac,"OKAY",00000000,0,2,1,0,0,0,0,0,0,0,2,0,1,6,0,1,1,1,0037e400,"INCR",3,ff,0,"Data Secure Unprivileged",0,"4 bytes",0,00000000,"FIXED",0,00,0,"Data Secure Unprivileged",0,"1 byte",0,"OKAY",1,ff8127fb,"OKAY",00000000,c,2,0,1,0,0,0,0,2,0,1,0,2,1,1,5,0,1,00000000,3,1,1,1,1,00000000,3,1,1,1,1,"No Read Addr Cmds","No Read Addr Cmds","No Write Addr Cmds","No Write Addr Cmds","No Write Responses","No Write Responses","_","_","Active","Active","_","_","Last Stream","Last Stream","No Write Data Beats","No Write Data Beats"
1035,1035,0,0,1,1,0,0,0,8e5ffe20afb76fe31ba56e5faf65c9d2,0,3b9a3d13b8d6963fae1d8dc05a6037b2,0,1,0,1,40811d26,ffffffdb,0,1,0,0,1,00000000,"FIXED",3,00,"Data Secure Unprivileged","1 byte",0,0,00000000,"INCR",3,00,"Data Secure Unprivileged","4 bytes",0,1,4c60f1ac,"OKAY",00000000,0,2,1,0,0,0,0,0,0,0,2,0,1,3,1,1,0,1,0037e400,"INCR",3,ff,0,"Data Secure Unprivileged",0,"4 bytes",0,00000000,"FIXED",0,00,0,"Data Secure Unprivileged",0,"1 byte",0,"OKAY",1,ff8127fb,"OKAY",00000000,0,2,0,1,0,0,0,0,2,0,1,0,2,1,1,5,0,1,7eb6761d,3,f,0,0,0,00000000,3,1,0,0,1,"No Read Addr Cmds","No Read Addr Cmds","No Write Addr Cmds","No Write Addr Cmds","No Write Responses","No Write Responses","Active","_","_","_","Data Beat","_","_","_","No Write Data Beats","No Write Data Beats"
1036,1036,0,0,1,1,0,0,0,8e5ffe20afb76fe31ba56e5faf65c9d2,0,3b9a3d13b8d6963fae1d8dc05a6037b2,0,1,0,1,40811d26,ffffffdb,0,1,0,0,1,00000000,"FIXED",3,00,"Data Secure Unprivileged","1 byte",0,0,00000000,"INCR",3,00,"Data Secure Unprivileged","4 bytes",0,1,4c60f1ac,"OKAY",00000000,0,2,1,0,0,0,0,0,0,0,2,0,1,2,0,1,0,1,0037e400,"INCR",3,ff,0,"Data Secure Unprivileged",0,"4 bytes",0,00000000,"FIXED",0,00,0,"Data Secure Unprivileged",0,"1 byte",0,"OKAY",1,ff8127fb,"OKAY",00000000,0,2,0,1,0,0,0,0,2,0,1,0,2,1,1,5,0,1,7eb6761d,3,f,1,0,0,00000000,3,1,0,0,1,"No Read Addr Cmds","No Read Addr Cmds","No Write Addr Cmds","No Write Addr Cmds","No Write Responses","No Write Responses","_","_","_","_","_","_","_","_","No Write Data Beats","No Write Data Beats"
1037,1037,0,0,1,1,0,0,0,8e5ffe20afb76fe31ba56e5faf65c9d2,0,3b9a3d13b8d6963fae1d8dc05a6037b2,0,1,0,1,40811d26,ffffffdb,0,1,0,0,1,00000000,"FIXED",3,00,"Data Secure Unprivileged","1 byte",0,0,00000000,"INCR",3,00,"Data Secure Unprivileged","4 bytes",0,1,4c60f1ac,"OKAY",00000000,0,2,1,0,0,0,0,0,0,0,2,0,1,2,0,1,0,1,0037e400,"INCR",3,ff,0,"Data Secure Unprivileged",0,"4 bytes",0,00000000,"FIXED",0,00,0,"Data Secure Unprivileged",0,"1 byte",0,"OKAY",1,ff8127fb,"OKAY",00000000,0,2,0,1,0,0,0,0,2,0,1,0,2,1,1,5,0,1,7eb6761d,3,f,1,0,0,00000000,3,1,0,0,1,"No Read Addr Cmds","No Read Addr Cmds","No Write Addr Cmds","No Write Addr Cmds","No Write Responses","No Write Responses","_","_","_","_","_","_","_","_","No Write Data Beats","No Write Data Beats"
1038,1038,0,0,1,1,0,0,0,8e5ffe20afb76fe31ba56e5faf65c9d2,0,3b9a3d13b8d6963fae1d8dc05a6037b2,0,1,0,1,40811d26,ffffffdb,0,1,0,0,1,00000000,"FIXED",3,00,"Data Secure Unprivileged","1 byte",0,0,00000000,"INCR",3,00,"Data Secure Unprivileged","4 bytes",0,1,4c60f1ac,"OKAY",00000000,0,2,1,0,0,0,0,0,0,0,2,0,1,2,0,1,0,1,0037e400,"INCR",3,ff,0,"Data Secure Unprivileged",0,"4 bytes",0,00000000,"FIXED",0,00,0,"Data Secure Unprivileged",0,"1 byte",0,"OKAY",1,ff8127fb,"OKAY",00000000,0,2,0,1,0,0,0,0,2,0,1,0,2,1,1,5,0,1,7eb6761d,3,f,1,1,0,7eb6761d,3,f,1,1,0,"No Read Addr Cmds","No Read Addr Cmds","No Write Addr Cmds","No Write Addr Cmds","No Write Responses","No Write Responses","_","_","Active","Active","_","_","Stream Beat","Stream Beat","No Write Data Beats","No Write Data Beats"
1039,1039,0,0,1,1,0,0,0,8e5ffe20afb76fe31ba56e5faf65c9d2,0,3b9a3d13b8d6963fae1d8dc05a6037b2,0,1,0,0,40811d26,ffffffdb,0,1,0,0,1,00000000,"FIXED",3,00,"Data Secure Unprivileged","1 byte",0,0,00000000,"INCR",3,00,"Data Secure Unprivileged","4 bytes",0,1,4c60f1ac,"EXOKAY",00000000,0,2,1,0,0,0,0,0,0,0,2,0,1,6,0,1,1,1,0037e400,"INCR",3,ff,0,"Data Secure Unprivileged",0,"4 bytes",0,00000000,"FIXED",0,00,0,"Data Secure Unprivileged",0,"1 byte",0,"OKAY",1,ff8127fb,"OKAY",00000000,d,2,0,1,4,0,0,1,2,0,1,0,2,1,1,7,1,1,00000000,3,1,1,0,1,7eb6761d,3,f,0,0,0,"No Read Addr Cmds","No Read Addr Cmds","No Write Addr Cmds","No Write Addr Cmds","No Write Responses","No Write Responses","_","Active","_","_","_","Last Data","_","_","No Write Data Beats","No Write Data Beats"
1040,1040,0,0,1,1,0,0,0,8e5ffe20afb76fe31ba56e5faf65c9d2,0,3b9a3d13b8d6963fae1d8dc05a6037b2,0,1,0,1,32068f35,ffffffdb,0,1,0,0,1,00000000,"FIXED",3,00,"Data Secure Unprivileged","1 byte",0,0,00000000,"INCR",3,00,"Data Secure Unprivileged","4 bytes",0,1,7eb6761d,"EXOKAY",00000000,0,2,1,0,0,0,0,0,0,0,2,0,1,6,0,1,1,0,0037e400,"INCR",3,ff,0,"Data Secure Unprivileged",0,"4 bytes",0,00000000,"FIXED",0,00,0,"Data Secure Unprivileged",0,"1 byte",0,"OKAY",0,c08d1dae,"OKAY",00000000,d,2,0,1,4,0,0,1,2,0,1,0,2,1,0,0,0,0,00000000,3,1,1,0,1,7eb6761d,3,f,0,0,0,"No Read Addr Cmds","No Read Addr Cmds","No Write Addr Cmds","No Write Addr Cmds","No Write Responses","No Write Responses","_","_","_","_","_","_","_","_","No Write Data Beats","No Write Data Beats"
1041,1041,0,0,1,1,0,0,0,8e5ffe20afb76fe31ba56e5faf65c9d2,0,3b9a3d13b8d6963fae1d8dc05a6037b2,0,1,0,1,32068f35,ffffffdb,0,1,0,0,1,00000000,"FIXED",3,00,"Data Secure Unprivileged","1 byte",0,0,00000000,"INCR",3,00,"Data Secure Unprivileged","4 bytes",0,1,7eb6761d,"EXOKAY",00000000,0,2,1,0,0,0,0,0,0,0,2,0,1,6,0,1,1,0,0037e400,"INCR",3,ff,0,"Data Secure Unprivileged",0,"4 bytes",0,00000000,"FIXED",0,00,0,"Data Secure Unprivileged",0,"1 byte",0,"OKAY",0,c08d1dae,"OKAY",00000000,d,2,0,1,4,0,0,1,2,0,1,0,2,1,0,0,0,0,00000000,3,1,1,0,1,7eb6761d,3,f,0,0,0,"No Read Addr Cmds","No Read Addr Cmds","No Write Addr Cmds","No Write Addr Cmds","No Write Responses","No Write Responses","_","_","_","_","_","_","_","_","No Write Data Beats","No Write Data Beats"
1042,1042,0,0,1,1,0,0,0,8e5ffe20afb76fe31ba56e5faf65c9d2,0,3b9a3d13b8d6963fae1d8dc05a6037b2,0,1,0,1,32068f35,ffffffdb,0,1,0,0,1,00000000,"FIXED",3,00,"Data Secure Unprivileged","1 byte",0,0,00000000,"INCR",3,00,"Data Secure Unprivileged","4 bytes",0,1,7eb6761d,"EXOKAY",00000000,0,2,1,0,0,0,0,0,0,0,2,0,1,6,0,1,1,0,0037e400,"INCR",3,ff,0,"Data Secure Unprivileged",0,"4 bytes",0,00000000,"FIXED",0,00,0,"Data Secure Unprivileged",0,"1 byte",0,"OKAY",0,c08d1dae,"OKAY",00000000,d,2,0,1,4,0,0,1,2,0,1,0,2,1,0,0,0,0,00000000,3,1,1,1,1,00000000,3,1,1,1,1,"No Read Addr Cmds","No Read Addr Cmds","No Write Addr Cmds","No Write Addr Cmds","No Write Responses","No Write Responses","_","_","Active","Active","_","_","Last Stream","Last Stream","No Write Data Beats","No Write Data Beats"
1043,1043,0,0,1,1,0,0,0,8e5ffe20afb76fe31ba56e5faf65c9d2,0,3b9a3d13b8d6963fae1d8dc05a6037b2,0,1,0,1,32068f35,ffffffdb,0,1,0,0,1,00000000,"FIXED",3,00,"Data Secure Unprivileged","1 byte",0,0,00000000,"INCR",3,00,"Data Secure Unprivileged","4 bytes",0,1,7eb6761d,"OKAY",00000000,0,2,1,0,0,0,0,0,0,0,2,0,1,3,1,1,0,0,0037e400,"INCR",3,ff,0,"Data Secure Unprivileged",0,"4 bytes",0,00000000,"FIXED",0,00,0,"Data Secure Unprivileged",0,"1 byte",0,"OKAY",0,c08d1dae,"OKAY",00000000,0,2,0,1,0,0,0,0,2,0,1,0,2,1,0,0,0,0,ff8127fb,3,f,0,0,0,00000000,3,1,0,0,1,"No Read Addr Cmds","No Read Addr Cmds","No Write Addr Cmds","No Write Addr Cmds","No Write Responses","No Write Responses","Active","_","_","_","Data Beat","_","_","_","No Write Data Beats","No Write Data Beats"
1044,1044,0,0,1,1,0,0,0,8e5ffe20afb76fe31ba56e5faf65c9d2,0,3b9a3d13b8d6963fae1d8dc05a6037b2,0,1,0,1,32068f35,ffffffdb,0,1,0,0,1,00000000,"FIXED",3,00,"Data Secure Unprivileged","1 byte",0,0,00000000,"INCR",3,00,"Data Secure Unprivileged","4 bytes",0,1,7eb6761d,"OKAY",00000000,0,2,1,0,0,0,0,0,0,0,2,0,1,2,0,1,0,0,0037e400,"INCR",3,ff,0,"Data Secure Unprivileged",0,"4 bytes",0,00000000,"FIXED",0,00,0,"Data Secure Unprivileged",0,"1 byte",0,"OKAY",0,c08d1dae,"OKAY",00000000,0,2,0,1,0,0,0,0,2,0,1,0,2,1,0,0,0,0,ff8127fb,3,f,1,0,0,00000000,3,1,0,0,1,"No Read Addr Cmds","No Read Addr Cmds","No Write Addr Cmds","No Write Addr Cmds","No Write Responses","No Write Responses","_","_","_","_","_","_","_","_","No Write Data Beats","No Write Data Beats"
1045,1045,0,0,1,1,0,0,0,8e5ffe20afb76fe31ba56e5faf65c9d2,0,3b9a3d13b8d6963fae1d8dc05a6037b2,0,1,0,1,32068f35,ffffffdb,0,1,0,0,1,00000000,"FIXED",3,00,"Data Secure Unprivileged","1 byte",0,0,00000000,"INCR",3,00,"Data Secure Unprivileged","4 bytes",0,1,7eb6761d,"OKAY",00000000,0,2,1,0,0,0,0,0,0,0,2,0,1,2,0,1,0,0,0037e400,"INCR",3,ff,0,"Data Secure Unprivileged",0,"4 bytes",0,00000000,"FIXED",0,00,0,"Data Secure Unprivileged",0,"1 byte",0,"OKAY",0,c08d1dae,"OKAY",00000000,0,2,0,1,0,0,0,0,2,0,1,0,2,1,0,0,0,0,ff8127fb,3,f,1,0,0,00000000,3,1,0,0,1,"No Read Addr Cmds","No Read Addr Cmds","No Write Addr Cmds","No Write Addr Cmds","No Write Responses","No Write Responses","_","_","_","_","_","_","_","_","No Write Data Beats","No Write Data Beats"
1046,1046,0,0,1,1,0,0,0,8e5ffe20afb76fe31ba56e5faf65c9d2,0,3b9a3d13b8d6963fae1d8dc05a6037b2,0,1,0,1,32068f35,ffffffdb,0,1,0,0,1,00000000,"FIXED",3,00,"Data Secure Unprivileged","1 byte",0,0,00000000,"INCR",3,00,"Data Secure Unprivileged","4 bytes",0,1,7eb6761d,"OKAY",00000000,0,2,1,0,0,0,0,0,0,0,2,0,1,2,0,1,0,0,0037e400,"INCR",3,ff,0,"Data Secure Unprivileged",0,"4 bytes",0,00000000,"FIXED",0,00,0,"Data Secure Unprivileged",0,"1 byte",0,"OKAY",0,c08d1dae,"OKAY",00000000,0,2,0,1,0,0,0,0,2,0,1,0,2,1,0,0,0,0,ff8127fb,3,f,1,1,0,ff8127fb,3,f,1,1,0,"No Read Addr Cmds","No Read Addr Cmds","No Write Addr Cmds","No Write Addr Cmds","No Write Responses","No Write Responses","_","_","Active","Active","_","_","Stream Beat","Stream Beat","No Write Data Beats","No Write Data Beats"
1047,1047,0,0,1,1,0,0,0,8e5ffe20afb76fe31ba56e5faf65c9d2,0,3b9a3d13b8d6963fae1d8dc05a6037b2,0,1,0,0,32068f35,ffffffdb,0,1,0,0,1,00000000,"FIXED",3,00,"Data Secure Unprivileged","1 byte",0,0,00000000,"INCR",3,00,"Data Secure Unprivileged","4 bytes",0,1,7eb6761d,"DECERR",00000000,0,2,1,0,0,0,0,0,0,0,2,0,1,2,0,1,0,0,0037e400,"INCR",3,ff,0,"Data Secure Unprivileged",0,"4 bytes",0,00000000,"FIXED",0,00,0,"Data Secure Unprivileged",0,"1 byte",0,"OKAY",0,c08d1dae,"OKAY",00000000,b,2,0,1,4,0,0,1,2,0,1,0,2,1,0,2,1,0,00000004,3,1,1,0,1,ff8127fb,3,f,0,0,0,"No Read Addr Cmds","No Read Addr Cmds","No Write Addr Cmds","No Write Addr Cmds","No Write Responses","No Write Responses","_","_","_","_","_","_","_","_","No Write Data Beats","No Write Data Beats"
1048,1048,0,0,1,1,0,0,0,8e5ffe20afb76fe31ba56e5faf65c9d2,0,3b9a3d13b8d6963fae1d8dc05a6037b2,0,1,0,1,7e6d6eb8,ffffffdb,0,1,0,0,1,00000000,"FIXED",3,00,"Data Secure Unprivileged","1 byte",0,0,00000000,"INCR",3,00,"Data Secure Unprivileged","4 bytes",0,1,ff8127fb,"DECERR",00000000,0,2,1,0,0,0,0,0,0,0,2,0,1,2,0,1,0,0,0037e400,"INCR",3,ff,0,"Data Secure Unprivileged",0,"4 bytes",0,00000000,"FIXED",0,00,0,"Data Secure Unprivileged",0,"1 byte",0,"OKAY",0,c08d1dae,"OKAY",00000000,b,2,0,1,4,0,0,1,2,0,1,0,2,1,0,2,1,0,00000004,3,1,1,0,1,ff8127fb,3,f,0,0,0,"No Read Addr Cmds","No Read Addr Cmds","No Write Addr Cmds","No Write Addr Cmds","No Write Responses","No Write Responses","_","_","_","_","_","_","_","_","No Write Data Beats","No Write Data Beats"
1049,1049,0,0,1,1,0,0,0,8e5ffe20afb76fe31ba56e5faf65c9d2,0,3b9a3d13b8d6963fae1d8dc05a6037b2,0,1,0,1,7e6d6eb8,ffffffdb,0,1,0,0,1,00000000,"FIXED",3,00,"Data Secure Unprivileged","1 byte",0,0,00000000,"INCR",3,00,"Data Secure Unprivileged","4 bytes",0,1,ff8127fb,"DECERR",00000000,0,2,1,0,0,0,0,0,0,0,2,0,1,2,0,1,0,0,0037e400,"INCR",3,ff,0,"Data Secure Unprivileged",0,"4 bytes",0,00000000,"FIXED",0,00,0,"Data Secure Unprivileged",0,"1 byte",0,"OKAY",0,c08d1dae,"OKAY",00000000,b,2,0,1,4,0,0,1,2,0,1,0,2,1,0,2,1,0,00000004,3,1,1,0,1,ff8127fb,3,f,0,0,0,"No Read Addr Cmds","No Read Addr Cmds","No Write Addr Cmds","No Write Addr Cmds","No Write Responses","No Write Responses","_","_","_","_","_","_","_","_","No Write Data Beats","No Write Data Beats"
1050,1050,0,0,1,1,0,0,0,8e5ffe20afb76fe31ba56e5faf65c9d2,0,3b9a3d13b8d6963fae1d8dc05a6037b2,0,1,0,1,7e6d6eb8,ffffffdb,0,1,0,0,1,00000000,"FIXED",3,00,"Data Secure Unprivileged","1 byte",0,0,00000000,"INCR",3,00,"Data Secure Unprivileged","4 bytes",0,1,ff8127fb,"DECERR",00000000,0,2,1,0,0,0,0,0,0,0,2,0,1,2,0,1,0,0,0037e400,"INCR",3,ff,0,"Data Secure Unprivileged",0,"4 bytes",0,00000000,"FIXED",0,00,0,"Data Secure Unprivileged",0,"1 byte",0,"OKAY",0,c08d1dae,"OKAY",00000000,b,2,0,1,4,0,0,1,2,0,1,0,2,1,0,2,1,0,00000004,3,1,1,1,1,00000000,3,1,1,1,1,"No Read Addr Cmds","No Read Addr Cmds","No Write Addr Cmds","No Write Addr Cmds","No Write Responses","No Write Responses","_","_","Active","Active","_","_","Last Stream","Last Stream","No Write Data Beats","No Write Data Beats"
1051,1051,0,0,1,1,0,0,0,8e5ffe20afb76fe31ba56e5faf65c9d2,0,3b9a3d13b8d6963fae1d8dc05a6037b2,0,1,0,1,7e6d6eb8,ffffffdb,0,1,0,0,1,00000000,"FIXED",3,00,"Data Secure Unprivileged","1 byte",0,0,00000000,"INCR",3,00,"Data Secure Unprivileged","4 bytes",0,1,ff8127fb,"OKAY",00000000,0,2,1,0,0,0,0,0,0,0,2,0,1,3,1,1,0,0,0037e400,"INCR",3,ff,0,"Data Secure Unprivileged",0,"4 bytes",0,00000000,"FIXED",0,00,0,"Data Secure Unprivileged",0,"1 byte",0,"OKAY",0,c08d1dae,"OKAY",00000000,0,2,0,1,0,0,0,0,2,0,1,0,2,1,0,2,1,0,c08d1dae,3,f,0,0,0,00000000,3,1,0,0,1,"No Read Addr Cmds","No Read Addr Cmds","No Write Addr Cmds","No Write Addr Cmds","No Write Responses","No Write Responses","Active","_","_","_","Data Beat","_","_","_","No Write Data Beats","No Write Data Beats"
1052,1052,0,0,1,1,0,0,0,8e5ffe20afb76fe31ba56e5faf65c9d2,0,3b9a3d13b8d6963fae1d8dc05a6037b2,0,1,0,1,7e6d6eb8,ffffffdb,0,1,0,0,1,00000000,"FIXED",3,00,"Data Secure Unprivileged","1 byte",0,0,00000000,"INCR",3,00,"Data Secure Unprivileged","4 bytes",0,1,ff8127fb,"OKAY",00000000,0,2,1,0,0,0,0,0,0,0,2,0,1,2,0,1,0,0,0037e400,"INCR",3,ff,0,"Data Secure Unprivileged",0,"4 bytes",0,00000000,"FIXED",0,00,0,"Data Secure Unprivileged",0,"1 byte",0,"OKAY",0,c08d1dae,"OKAY",00000000,0,2,0,1,0,0,0,0,2,0,1,0,2,1,0,2,1,0,c08d1dae,3,f,0,0,0,00000000,3,1,0,0,1,"No Read Addr Cmds","No Read Addr Cmds","No Write Addr Cmds","No Write Addr Cmds","No Write Responses","No Write Responses","_","_","_","_","_","_","_","_","No Write Data Beats","No Write Data Beats"
1053,1053,0,0,1,1,0,0,0,8e5ffe20afb76fe31ba56e5faf65c9d2,0,3b9a3d13b8d6963fae1d8dc05a6037b2,0,1,0,1,7e6d6eb8,ffffffdb,0,1,0,0,1,00000000,"FIXED",3,00,"Data Secure Unprivileged","1 byte",0,0,00000000,"INCR",3,00,"Data Secure Unprivileged","4 bytes",0,1,ff8127fb,"OKAY",00000000,0,2,1,0,0,0,0,0,0,0,2,0,1,2,0,1,0,0,0037e400,"INCR",3,ff,0,"Data Secure Unprivileged",0,"4 bytes",0,00000000,"FIXED",0,00,0,"Data Secure Unprivileged",0,"1 byte",0,"OKAY",0,c08d1dae,"OKAY",00000000,0,2,0,1,0,0,0,0,2,0,1,0,2,1,0,2,1,0,c08d1dae,3,f,0,0,0,00000000,3,1,0,0,1,"No Read Addr Cmds","No Read Addr Cmds","No Write Addr Cmds","No Write Addr Cmds","No Write Responses","No Write Responses","_","_","_","_","_","_","_","_","No Write Data Beats","No Write Data Beats"
1054,1054,0,0,1,1,0,0,0,8e5ffe20afb76fe31ba56e5faf65c9d2,0,3b9a3d13b8d6963fae1d8dc05a6037b2,0,1,0,1,7e6d6eb8,ffffffdb,0,1,0,0,1,00000000,"FIXED",3,00,"Data Secure Unprivileged","1 byte",0,0,00000000,"INCR",3,00,"Data Secure Unprivileged","4 bytes",0,1,ff8127fb,"OKAY",00000000,0,2,1,0,0,0,0,0,0,0,2,0,1,2,0,1,0,0,0037e400,"INCR",3,ff,0,"Data Secure Unprivileged",0,"4 bytes",0,00000000,"FIXED",0,00,0,"Data Secure Unprivileged",0,"1 byte",0,"OKAY",0,c08d1dae,"OKAY",00000000,0,2,0,1,0,0,0,0,2,0,1,0,2,1,0,2,1,0,c08d1dae,3,f,0,0,0,0281b864,3,f,1,1,0,"No Read Addr Cmds","No Read Addr Cmds","No Write Addr Cmds","No Write Addr Cmds","No Write Responses","No Write Responses","_","_","_","Active","_","_","_","Stream Beat","No Write Data Beats","No Write Data Beats"
1055,1055,0,0,1,1,0,0,0,8e5ffe20afb76fe31ba56e5faf65c9d2,0,3b9a3d13b8d6963fae1d8dc05a6037b2,0,1,0,0,7e6d6eb8,ffffffdb,0,1,0,0,1,00000000,"FIXED",3,00,"Data Secure Unprivileged","1 byte",0,0,00000000,"INCR",3,00,"Data Secure Unprivileged","4 bytes",0,1,ff8127fb,"OKAY",00000000,0,2,1,0,0,0,0,0,0,0,2,0,1,6,0,1,1,0,0037e400,"INCR",3,ff,0,"Data Secure Unprivileged",0,"4 bytes",0,00000000,"FIXED",0,00,0,"Data Secure Unprivileged",0,"1 byte",0,"OKAY",0,c08d1dae,"OKAY",00000000,4,2,0,1,0,0,0,0,2,0,1,0,2,1,0,2,1,0,c08d1dae,3,f,0,0,0,0281b864,3,f,0,0,0,"No Read Addr Cmds","No Read Addr Cmds","No Write Addr Cmds","No Write Addr Cmds","No Write Responses","No Write Responses","_","_","_","_","_","_","_","_","No Write Data Beats","No Write Data Beats"
1056,1056,0,0,1,1,0,0,0,8e5ffe20afb76fe31ba56e5faf65c9d2,0,3b9a3d13b8d6963fae1d8dc05a6037b2,0,1,0,1,ff81e4df,ffffffdb,0,1,0,0,1,00000000,"FIXED",3,00,"Data Secure Unprivileged","1 byte",0,0,00000000,"INCR",3,00,"Data Secure Unprivileged","4 bytes",0,1,0281b864,"OKAY",00000000,0,2,1,0,0,0,0,0,0,0,2,0,1,6,0,1,1,0,0037e400,"INCR",3,ff,0,"Data Secure Unprivileged",0,"4 bytes",0,00000000,"FIXED",0,00,0,"Data Secure Unprivileged",0,"1 byte",0,"OKAY",0,c08d1dae,"OKAY",00000000,4,2,0,1,0,0,0,0,2,0,1,0,2,1,0,2,1,0,c08d1dae,3,f,0,0,0,0281b864,3,f,0,0,0,"No Read Addr Cmds","No Read Addr Cmds","No Write Addr Cmds","No Write Addr Cmds","No Write Responses","No Write Responses","_","_","_","_","_","_","_","_","No Write Data Beats","No Write Data Beats"
1057,1057,0,0,1,1,0,0,0,8e5ffe20afb76fe31ba56e5faf65c9d2,0,3b9a3d13b8d6963fae1d8dc05a6037b2,0,1,0,1,ff81e4df,ffffffdb,0,1,0,0,1,00000000,"FIXED",3,00,"Data Secure Unprivileged","1 byte",0,0,00000000,"INCR",3,00,"Data Secure Unprivileged","4 bytes",0,1,0281b864,"OKAY",00000000,0,2,1,0,0,0,0,0,0,0,2,0,1,6,0,1,1,0,0037e400,"INCR",3,ff,0,"Data Secure Unprivileged",0,"4 bytes",0,00000000,"FIXED",0,00,0,"Data Secure Unprivileged",0,"1 byte",0,"OKAY",0,c08d1dae,"OKAY",00000000,4,2,0,1,0,0,0,0,2,0,1,0,2,1,0,2,1,0,c08d1dae,3,f,0,0,0,0281b864,3,f,0,0,0,"No Read Addr Cmds","No Read Addr Cmds","No Write Addr Cmds","No Write Addr Cmds","No Write Responses","No Write Responses","_","_","_","_","_","_","_","_","No Write Data Beats","No Write Data Beats"
1058,1058,0,0,1,1,0,0,0,8e5ffe20afb76fe31ba56e5faf65c9d2,0,3b9a3d13b8d6963fae1d8dc05a6037b2,0,1,0,1,ff81e4df,ffffffdb,0,1,0,0,1,00000000,"FIXED",3,00,"Data Secure Unprivileged","1 byte",0,0,00000000,"INCR",3,00,"Data Secure Unprivileged","4 bytes",0,1,0281b864,"OKAY",00000000,0,2,1,0,0,0,0,0,0,0,2,0,1,6,0,1,1,0,0037e400,"INCR",3,ff,0,"Data Secure Unprivileged",0,"4 bytes",0,00000000,"FIXED",0,00,0,"Data Secure Unprivileged",0,"1 byte",0,"OKAY",0,c08d1dae,"OKAY",00000000,4,2,0,1,0,0,0,0,2,0,1,0,2,1,0,2,1,0,c08d1dae,3,f,0,0,0,00000000,3,1,1,1,1,"No Read Addr Cmds","No Read Addr Cmds","No Write Addr Cmds","No Write Addr Cmds","No Write Responses","No Write Responses","_","_","_","Active","_","_","_","Last Stream","No Write Data Beats","No Write Data Beats"
1059,1059,0,0,1,1,0,0,0,8e5ffe20afb76fe31ba56e5faf65c9d2,0,3b9a3d13b8d6963fae1d8dc05a6037b2,0,1,0,1,ff81e4df,ffffffdb,0,1,0,0,1,00000000,"FIXED",3,00,"Data Secure Unprivileged","1 byte",0,0,00000000,"INCR",3,00,"Data Secure Unprivileged","4 bytes",0,1,0281b864,"OKAY",00000000,0,2,1,0,0,0,0,0,0,0,2,0,1,3,1,1,0,0,0037e400,"INCR",3,ff,0,"Data Secure Unprivileged",0,"4 bytes",0,00000000,"FIXED",0,00,0,"Data Secure Unprivileged",0,"1 byte",0,"OKAY",0,c08d1dae,"OKAY",00000000,0,2,0,1,0,0,0,0,2,0,1,0,2,1,0,2,1,0,c08d1dae,3,f,0,0,0,00000000,3,1,0,0,1,"No Read Addr Cmds","No Read Addr Cmds","No Write Addr Cmds","No Write Addr Cmds","No Write Responses","No Write Responses","Active","_","_","_","Data Beat","_","_","_","No Write Data Beats","No Write Data Beats"
1060,1060,0,0,1,1,0,0,0,8e5ffe20afb76fe31ba56e5faf65c9d2,0,3b9a3d13b8d6963fae1d8dc05a6037b2,0,1,0,1,ff81e4df,ffffffdb,0,1,0,0,1,00000000,"FIXED",3,00,"Data Secure Unprivileged","1 byte",0,0,00000000,"INCR",3,00,"Data Secure Unprivileged","4 bytes",0,1,0281b864,"OKAY",00000000,0,2,1,0,0,0,0,0,0,0,2,0,1,2,0,1,0,0,0037e400,"INCR",3,ff,0,"Data Secure Unprivileged",0,"4 bytes",0,00000000,"FIXED",0,00,0,"Data Secure Unprivileged",0,"1 byte",0,"OKAY",0,c08d1dae,"OKAY",00000000,0,2,0,1,0,0,0,0,2,0,1,0,2,1,0,2,1,0,c08d1dae,3,f,0,0,0,00000000,3,1,0,0,1,"No Read Addr Cmds","No Read Addr Cmds","No Write Addr Cmds","No Write Addr Cmds","No Write Responses","No Write Responses","_","_","_","_","_","_","_","_","No Write Data Beats","No Write Data Beats"
1061,1061,0,0,1,1,0,0,0,8e5ffe20afb76fe31ba56e5faf65c9d2,0,3b9a3d13b8d6963fae1d8dc05a6037b2,0,1,0,1,ff81e4df,ffffffdb,0,1,0,0,1,00000000,"FIXED",3,00,"Data Secure Unprivileged","1 byte",0,0,00000000,"INCR",3,00,"Data Secure Unprivileged","4 bytes",0,1,0281b864,"OKAY",00000000,0,2,1,0,0,0,0,0,0,0,2,0,1,2,0,1,0,0,0037e400,"INCR",3,ff,0,"Data Secure Unprivileged",0,"4 bytes",0,00000000,"FIXED",0,00,0,"Data Secure Unprivileged",0,"1 byte",0,"OKAY",0,c08d1dae,"OKAY",00000000,0,2,0,1,0,0,0,0,2,0,1,0,2,1,0,2,1,0,c08d1dae,3,f,0,0,0,00000000,3,1,0,0,1,"No Read Addr Cmds","No Read Addr Cmds","No Write Addr Cmds","No Write Addr Cmds","No Write Responses","No Write Responses","_","_","_","_","_","_","_","_","No Write Data Beats","No Write Data Beats"
1062,1062,0,0,1,1,0,0,0,8e5ffe20afb76fe31ba56e5faf65c9d2,0,3b9a3d13b8d6963fae1d8dc05a6037b2,0,1,0,1,ff81e4df,ffffffdb,0,1,0,0,1,00000000,"FIXED",3,00,"Data Secure Unprivileged","1 byte",0,0,00000000,"INCR",3,00,"Data Secure Unprivileged","4 bytes",0,1,0281b864,"OKAY",00000000,0,2,1,0,0,0,0,0,0,0,2,0,1,2,0,1,0,0,0037e400,"INCR",3,ff,0,"Data Secure Unprivileged",0,"4 bytes",0,00000000,"FIXED",0,00,0,"Data Secure Unprivileged",0,"1 byte",0,"OKAY",0,c08d1dae,"OKAY",00000000,0,2,0,1,0,0,0,0,2,0,1,0,2,1,0,2,1,0,c08d1dae,3,f,0,0,0,4c60f1ac,3,f,1,1,0,"No Read Addr Cmds","No Read Addr Cmds","No Write Addr Cmds","No Write Addr Cmds","No Write Responses","No Write Responses","_","_","_","Active","_","_","_","Stream Beat","No Write Data Beats","No Write Data Beats"
1063,1063,0,0,1,1,0,0,0,8e5ffe20afb76fe31ba56e5faf65c9d2,0,3b9a3d13b8d6963fae1d8dc05a6037b2,0,1,0,0,ff81e4df,ffffffdb,0,1,0,0,1,00000000,"FIXED",3,00,"Data Secure Unprivileged","1 byte",0,0,00000000,"INCR",3,00,"Data Secure Unprivileged","4 bytes",0,1,0281b864,"OKAY",00000000,0,2,1,0,0,0,0,0,0,0,2,0,1,6,0,1,1,0,0037e400,"INCR",3,ff,0,"Data Secure Unprivileged",0,"4 bytes",0,00000000,"FIXED",0,00,0,"Data Secure Unprivileged",0,"1 byte",0,"OKAY",0,c08d1dae,"OKAY",00000000,c,2,0,1,0,0,0,0,2,0,1,0,2,1,0,2,1,0,c08d1dae,3,f,0,0,0,4c60f1ac,3,f,0,0,0,"No Read Addr Cmds","No Read Addr Cmds","No Write Addr Cmds","No Write Addr Cmds","No Write Responses","No Write Responses","_","_","_","_","_","_","_","_","No Write Data Beats","No Write Data Beats"
1064,1064,0,0,1,1,0,0,0,8e5ffe20afb76fe31ba56e5faf65c9d2,0,3b9a3d13b8d6963fae1d8dc05a6037b2,0,1,0,1,40811d26,ffffffdb,0,1,0,0,1,00000000,"FIXED",3,00,"Data Secure Unprivileged","1 byte",0,0,00000000,"INCR",3,00,"Data Secure Unprivileged","4 bytes",0,1,4c60f1ac,"OKAY",00000000,0,2,1,0,0,0,0,0,0,0,2,0,1,6,0,1,1,0,0037e400,"INCR",3,ff,0,"Data Secure Unprivileged",0,"4 bytes",0,00000000,"FIXED",0,00,0,"Data Secure Unprivileged",0,"1 byte",0,"OKAY",0,c08d1dae,"OKAY",00000000,c,2,0,1,0,0,0,0,2,0,1,0,2,1,0,2,1,0,c08d1dae,3,f,0,0,0,4c60f1ac,3,f,0,0,0,"No Read Addr Cmds","No Read Addr Cmds","No Write Addr Cmds","No Write Addr Cmds","No Write Responses","No Write Responses","_","_","_","_","_","_","_","_","No Write Data Beats","No Write Data Beats"
1065,1065,0,0,1,1,0,0,0,8e5ffe20afb76fe31ba56e5faf65c9d2,0,3b9a3d13b8d6963fae1d8dc05a6037b2,0,1,0,1,40811d26,ffffffdb,0,1,0,0,1,00000000,"FIXED",3,00,"Data Secure Unprivileged","1 byte",0,0,00000000,"INCR",3,00,"Data Secure Unprivileged","4 bytes",0,1,4c60f1ac,"OKAY",00000000,0,2,1,0,0,0,0,0,0,0,2,0,1,6,0,1,1,0,0037e400,"INCR",3,ff,0,"Data Secure Unprivileged",0,"4 bytes",0,00000000,"FIXED",0,00,0,"Data Secure Unprivileged",0,"1 byte",0,"OKAY",0,c08d1dae,"OKAY",00000000,c,2,0,1,0,0,0,0,2,0,1,0,2,1,0,2,1,0,c08d1dae,3,f,0,0,0,4c60f1ac,3,f,0,0,0,"No Read Addr Cmds","No Read Addr Cmds","No Write Addr Cmds","No Write Addr Cmds","No Write Responses","No Write Responses","_","_","_","_","_","_","_","_","No Write Data Beats","No Write Data Beats"
1066,1066,0,0,1,1,0,0,0,8e5ffe20afb76fe31ba56e5faf65c9d2,0,3b9a3d13b8d6963fae1d8dc05a6037b2,0,1,0,1,40811d26,ffffffdb,0,1,0,0,1,00000000,"FIXED",3,00,"Data Secure Unprivileged","1 byte",0,0,00000000,"INCR",3,00,"Data Secure Unprivileged","4 bytes",0,1,4c60f1ac,"OKAY",00000000,0,2,1,0,0,0,0,0,0,0,2,0,1,6,0,1,1,0,0037e400,"INCR",3,ff,0,"Data Secure Unprivileged",0,"4 bytes",0,00000000,"FIXED",0,00,0,"Data Secure Unprivileged",0,"1 byte",0,"OKAY",0,c08d1dae,"OKAY",00000000,c,2,0,1,0,0,0,0,2,0,1,0,2,1,0,2,1,0,c08d1dae,3,f,0,0,0,00000000,3,1,1,1,1,"No Read Addr Cmds","No Read Addr Cmds","No Write Addr Cmds","No Write Addr Cmds","No Write Responses","No Write Responses","_","_","_","Active","_","_","_","Last Stream","No Write Data Beats","No Write Data Beats"
1067,1067,0,0,1,1,0,0,0,8e5ffe20afb76fe31ba56e5faf65c9d2,0,3b9a3d13b8d6963fae1d8dc05a6037b2,0,1,0,1,40811d26,ffffffdb,0,1,0,0,1,00000000,"FIXED",3,00,"Data Secure Unprivileged","1 byte",0,0,00000000,"INCR",3,00,"Data Secure Unprivileged","4 bytes",0,1,4c60f1ac,"OKAY",00000000,0,2,1,0,0,0,0,0,0,0,2,0,1,3,1,1,0,0,0037e400,"INCR",3,ff,0,"Data Secure Unprivileged",0,"4 bytes",0,00000000,"FIXED",0,00,0,"Data Secure Unprivileged",0,"1 byte",0,"OKAY",0,c08d1dae,"OKAY",00000000,0,2,0,1,0,0,0,0,2,0,1,0,2,1,0,2,1,0,c08d1dae,3,f,0,0,0,00000000,3,1,0,0,1,"No Read Addr Cmds","No Read Addr Cmds","No Write Addr Cmds","No Write Addr Cmds","No Write Responses","No Write Responses","Active","_","_","_","Data Beat","_","_","_","No Write Data Beats","No Write Data Beats"
1068,1068,0,0,1,1,0,0,0,8e5ffe20afb76fe31ba56e5faf65c9d2,0,3b9a3d13b8d6963fae1d8dc05a6037b2,0,1,0,1,40811d26,ffffffdb,0,1,0,0,1,00000000,"FIXED",3,00,"Data Secure Unprivileged","1 byte",0,0,00000000,"INCR",3,00,"Data Secure Unprivileged","4 bytes",0,1,4c60f1ac,"OKAY",00000000,0,2,1,0,0,0,0,0,0,0,2,0,1,2,0,1,0,0,0037e400,"INCR",3,ff,0,"Data Secure Unprivileged",0,"4 bytes",0,00000000,"FIXED",0,00,0,"Data Secure Unprivileged",0,"1 byte",0,"OKAY",0,c08d1dae,"OKAY",00000000,0,2,0,1,0,0,0,0,2,0,1,0,2,1,0,2,1,0,c08d1dae,3,f,0,0,0,00000000,3,1,0,0,1,"No Read Addr Cmds","No Read Addr Cmds","No Write Addr Cmds","No Write Addr Cmds","No Write Responses","No Write Responses","_","_","_","_","_","_","_","_","No Write Data Beats","No Write Data Beats"
1069,1069,0,0,1,1,0,0,0,8e5ffe20afb76fe31ba56e5faf65c9d2,0,3b9a3d13b8d6963fae1d8dc05a6037b2,0,1,0,1,40811d26,ffffffdb,0,1,0,0,1,00000000,"FIXED",3,00,"Data Secure Unprivileged","1 byte",0,0,00000000,"INCR",3,00,"Data Secure Unprivileged","4 bytes",0,1,4c60f1ac,"OKAY",00000000,0,2,1,0,0,0,0,0,0,0,2,0,1,2,0,1,0,0,0037e400,"INCR",3,ff,0,"Data Secure Unprivileged",0,"4 bytes",0,00000000,"FIXED",0,00,0,"Data Secure Unprivileged",0,"1 byte",0,"OKAY",0,c08d1dae,"OKAY",00000000,0,2,0,1,0,0,0,0,2,0,1,0,2,1,0,2,1,0,c08d1dae,3,f,0,0,0,00000000,3,1,0,0,1,"No Read Addr Cmds","No Read Addr Cmds","No Write Addr Cmds","No Write Addr Cmds","No Write Responses","No Write Responses","_","_","_","_","_","_","_","_","No Write Data Beats","No Write Data Beats"
1070,1070,0,0,1,1,0,0,0,8e5ffe20afb76fe31ba56e5faf65c9d2,0,3b9a3d13b8d6963fae1d8dc05a6037b2,0,1,0,1,40811d26,ffffffdb,0,1,0,0,1,00000000,"FIXED",3,00,"Data Secure Unprivileged","1 byte",0,0,00000000,"INCR",3,00,"Data Secure Unprivileged","4 bytes",0,1,4c60f1ac,"OKAY",00000000,0,2,1,0,0,0,0,0,0,0,2,0,1,2,0,1,0,0,0037e400,"INCR",3,ff,0,"Data Secure Unprivileged",0,"4 bytes",0,00000000,"FIXED",0,00,0,"Data Secure Unprivileged",0,"1 byte",0,"OKAY",0,c08d1dae,"OKAY",00000000,0,2,0,1,0,0,0,0,2,0,1,0,2,1,0,2,1,0,c08d1dae,3,f,0,0,0,7eb6761d,3,f,1,1,0,"No Read Addr Cmds","No Read Addr Cmds","No Write Addr Cmds","No Write Addr Cmds","No Write Responses","No Write Responses","_","_","_","Active","_","_","_","Stream Beat","No Write Data Beats","No Write Data Beats"
1071,1071,0,0,1,1,0,0,0,8e5ffe20afb76fe31ba56e5faf65c9d2,0,3b9a3d13b8d6963fae1d8dc05a6037b2,0,1,0,0,40811d26,ffffffdb,0,1,0,0,1,00000000,"FIXED",3,00,"Data Secure Unprivileged","1 byte",0,0,00000000,"INCR",3,00,"Data Secure Unprivileged","4 bytes",0,1,4c60f1ac,"EXOKAY",00000000,0,2,1,0,0,0,0,0,0,0,2,0,1,6,0,1,1,0,0037e400,"INCR",3,ff,0,"Data Secure Unprivileged",0,"4 bytes",0,00000000,"FIXED",0,00,0,"Data Secure Unprivileged",0,"1 byte",0,"OKAY",0,c08d1dae,"OKAY",00000000,d,2,0,1,4,0,0,1,2,0,1,0,2,1,0,2,1,0,c08d1dae,3,f,0,0,0,7eb6761d,3,f,0,0,0,"No Read Addr Cmds","No Read Addr Cmds","No Write Addr Cmds","No Write Addr Cmds","No Write Responses","No Write Responses","_","_","_","_","_","_","_","_","No Write Data Beats","No Write Data Beats"
1072,1072,0,0,1,1,0,0,0,8e5ffe20afb76fe31ba56e5faf65c9d2,0,3b9a3d13b8d6963fae1d8dc05a6037b2,0,1,0,1,32068f35,ffffffdb,0,1,0,0,1,00000000,"FIXED",3,00,"Data Secure Unprivileged","1 byte",0,0,00000000,"INCR",3,00,"Data Secure Unprivileged","4 bytes",0,1,7eb6761d,"EXOKAY",00000000,0,2,1,0,0,0,0,0,0,0,2,0,1,6,0,1,1,0,0037e400,"INCR",3,ff,0,"Data Secure Unprivileged",0,"4 bytes",0,00000000,"FIXED",0,00,0,"Data Secure Unprivileged",0,"1 byte",0,"OKAY",0,c08d1dae,"OKAY",00000000,d,2,0,1,4,0,0,1,2,0,1,0,2,1,0,2,1,0,c08d1dae,3,f,0,0,0,7eb6761d,3,f,0,0,0,"No Read Addr Cmds","No Read Addr Cmds","No Write Addr Cmds","No Write Addr Cmds","No Write Responses","No Write Responses","_","_","_","_","_","_","_","_","No Write Data Beats","No Write Data Beats"
1073,1073,0,0,1,1,0,0,0,8e5ffe20afb76fe31ba56e5faf65c9d2,0,3b9a3d13b8d6963fae1d8dc05a6037b2,0,1,0,1,32068f35,ffffffdb,0,1,0,0,1,00000000,"FIXED",3,00,"Data Secure Unprivileged","1 byte",0,0,00000000,"INCR",3,00,"Data Secure Unprivileged","4 bytes",0,1,7eb6761d,"EXOKAY",00000000,0,2,1,0,0,0,0,0,0,0,2,0,1,6,0,1,1,0,0037e400,"INCR",3,ff,0,"Data Secure Unprivileged",0,"4 bytes",0,00000000,"FIXED",0,00,0,"Data Secure Unprivileged",0,"1 byte",0,"OKAY",0,c08d1dae,"OKAY",00000000,d,2,0,1,4,0,0,1,2,0,1,0,2,1,0,2,1,0,c08d1dae,3,f,0,0,0,7eb6761d,3,f,0,0,0,"No Read Addr Cmds","No Read Addr Cmds","No Write Addr Cmds","No Write Addr Cmds","No Write Responses","No Write Responses","_","_","_","_","_","_","_","_","No Write Data Beats","No Write Data Beats"
1074,1074,0,0,1,1,0,0,0,8e5ffe20afb76fe31ba56e5faf65c9d2,0,3b9a3d13b8d6963fae1d8dc05a6037b2,0,1,0,1,32068f35,ffffffdb,0,1,0,0,1,00000000,"FIXED",3,00,"Data Secure Unprivileged","1 byte",0,0,00000000,"INCR",3,00,"Data Secure Unprivileged","4 bytes",0,1,7eb6761d,"EXOKAY",00000000,0,2,1,0,0,0,0,0,0,0,2,0,1,6,0,1,1,0,0037e400,"INCR",3,ff,0,"Data Secure Unprivileged",0,"4 bytes",0,00000000,"FIXED",0,00,0,"Data Secure Unprivileged",0,"1 byte",0,"OKAY",0,c08d1dae,"OKAY",00000000,d,2,0,1,4,0,0,1,2,0,1,0,2,1,0,2,1,0,c08d1dae,3,f,0,0,0,00000000,3,1,1,1,1,"No Read Addr Cmds","No Read Addr Cmds","No Write Addr Cmds","No Write Addr Cmds","No Write Responses","No Write Responses","_","_","_","Active","_","_","_","Last Stream","No Write Data Beats","No Write Data Beats"
1075,1075,0,0,1,1,0,0,0,8e5ffe20afb76fe31ba56e5faf65c9d2,0,3b9a3d13b8d6963fae1d8dc05a6037b2,0,1,0,1,32068f35,ffffffdb,0,1,0,0,1,00000000,"FIXED",3,00,"Data Secure Unprivileged","1 byte",0,0,00000000,"INCR",3,00,"Data Secure Unprivileged","4 bytes",0,1,7eb6761d,"OKAY",00000000,0,2,1,0,0,0,0,0,0,0,2,0,1,3,1,1,0,0,0037e400,"INCR",3,ff,0,"Data Secure Unprivileged",0,"4 bytes",0,00000000,"FIXED",0,00,0,"Data Secure Unprivileged",0,"1 byte",0,"OKAY",0,c08d1dae,"OKAY",00000000,0,2,0,1,0,0,0,0,2,0,1,0,2,1,0,2,1,0,c08d1dae,3,f,0,0,0,00000000,3,1,0,0,1,"No Read Addr Cmds","No Read Addr Cmds","No Write Addr Cmds","No Write Addr Cmds","No Write Responses","No Write Responses","Active","_","_","_","Data Beat","_","_","_","No Write Data Beats","No Write Data Beats"
1076,1076,0,0,1,1,0,0,0,8e5ffe20afb76fe31ba56e5faf65c9d2,0,3b9a3d13b8d6963fae1d8dc05a6037b2,0,1,0,1,32068f35,ffffffdb,0,1,0,0,1,00000000,"FIXED",3,00,"Data Secure Unprivileged","1 byte",0,0,00000000,"INCR",3,00,"Data Secure Unprivileged","4 bytes",0,1,7eb6761d,"OKAY",00000000,0,2,1,0,0,0,0,0,0,0,2,0,1,2,0,1,0,0,0037e400,"INCR",3,ff,0,"Data Secure Unprivileged",0,"4 bytes",0,00000000,"FIXED",0,00,0,"Data Secure Unprivileged",0,"1 byte",0,"OKAY",0,c08d1dae,"OKAY",00000000,0,2,0,1,0,0,0,0,2,0,1,0,2,1,0,2,1,0,c08d1dae,3,f,0,0,0,00000000,3,1,0,0,1,"No Read Addr Cmds","No Read Addr Cmds","No Write Addr Cmds","No Write Addr Cmds","No Write Responses","No Write Responses","_","_","_","_","_","_","_","_","No Write Data Beats","No Write Data Beats"
1077,1077,0,0,1,1,0,0,0,8e5ffe20afb76fe31ba56e5faf65c9d2,0,3b9a3d13b8d6963fae1d8dc05a6037b2,0,1,0,1,32068f35,ffffffdb,0,1,0,0,1,00000000,"FIXED",3,00,"Data Secure Unprivileged","1 byte",0,0,00000000,"INCR",3,00,"Data Secure Unprivileged","4 bytes",0,1,7eb6761d,"OKAY",00000000,0,2,1,0,0,0,0,0,0,0,2,0,1,2,0,1,0,0,0037e400,"INCR",3,ff,0,"Data Secure Unprivileged",0,"4 bytes",0,00000000,"FIXED",0,00,0,"Data Secure Unprivileged",0,"1 byte",0,"OKAY",0,c08d1dae,"OKAY",00000000,0,2,0,1,0,0,0,0,2,0,1,0,2,1,0,2,1,0,c08d1dae,3,f,0,0,0,00000000,3,1,0,0,1,"No Read Addr Cmds","No Read Addr Cmds","No Write Addr Cmds","No Write Addr Cmds","No Write Responses","No Write Responses","_","_","_","_","_","_","_","_","No Write Data Beats","No Write Data Beats"
1078,1078,0,0,1,1,0,0,0,8e5ffe20afb76fe31ba56e5faf65c9d2,0,3b9a3d13b8d6963fae1d8dc05a6037b2,0,1,0,1,32068f35,ffffffdb,0,1,0,0,1,00000000,"FIXED",3,00,"Data Secure Unprivileged","1 byte",0,0,00000000,"INCR",3,00,"Data Secure Unprivileged","4 bytes",0,1,7eb6761d,"OKAY",00000000,0,2,1,0,0,0,0,0,0,0,2,0,1,2,0,1,0,0,0037e400,"INCR",3,ff,0,"Data Secure Unprivileged",0,"4 bytes",0,00000000,"FIXED",0,00,0,"Data Secure Unprivileged",0,"1 byte",0,"OKAY",0,c08d1dae,"OKAY",00000000,0,2,0,1,0,0,0,0,2,0,1,0,2,1,0,2,1,0,c08d1dae,3,f,0,0,0,ff8127fb,3,f,1,1,0,"No Read Addr Cmds","No Read Addr Cmds","No Write Addr Cmds","No Write Addr Cmds","No Write Responses","No Write Responses","_","_","_","Active","_","_","_","Stream Beat","No Write Data Beats","No Write Data Beats"
1079,1079,0,0,1,1,0,0,0,8e5ffe20afb76fe31ba56e5faf65c9d2,0,3b9a3d13b8d6963fae1d8dc05a6037b2,0,1,0,0,32068f35,ffffffdb,0,1,0,0,1,00000000,"FIXED",3,00,"Data Secure Unprivileged","1 byte",0,0,00000000,"INCR",3,00,"Data Secure Unprivileged","4 bytes",0,1,7eb6761d,"DECERR",00000000,0,2,1,0,0,0,0,0,0,0,2,0,1,2,0,1,0,0,0037e400,"INCR",3,ff,0,"Data Secure Unprivileged",0,"4 bytes",0,00000000,"FIXED",0,00,0,"Data Secure Unprivileged",0,"1 byte",0,"OKAY",0,c08d1dae,"OKAY",00000000,b,2,0,1,4,0,0,1,2,0,1,0,2,1,0,2,1,0,c08d1dae,3,f,0,0,0,ff8127fb,3,f,0,0,0,"No Read Addr Cmds","No Read Addr Cmds","No Write Addr Cmds","No Write Addr Cmds","No Write Responses","No Write Responses","_","_","_","_","_","_","_","_","No Write Data Beats","No Write Data Beats"
1080,1080,0,0,1,1,0,0,0,8e5ffe20afb76fe31ba56e5faf65c9d2,0,3b9a3d13b8d6963fae1d8dc05a6037b2,0,1,0,1,7e6d6eb8,ffffffdb,0,1,0,0,1,00000000,"FIXED",3,00,"Data Secure Unprivileged","1 byte",0,0,00000000,"INCR",3,00,"Data Secure Unprivileged","4 bytes",0,1,ff8127fb,"DECERR",00000000,0,2,1,0,0,0,0,0,0,0,2,0,1,2,0,1,0,0,0037e400,"INCR",3,ff,0,"Data Secure Unprivileged",0,"4 bytes",0,00000000,"FIXED",0,00,0,"Data Secure Unprivileged",0,"1 byte",0,"OKAY",0,c08d1dae,"OKAY",00000000,b,2,0,1,4,0,0,1,2,0,1,0,2,1,0,2,1,0,c08d1dae,3,f,0,0,0,ff8127fb,3,f,0,0,0,"No Read Addr Cmds","No Read Addr Cmds","No Write Addr Cmds","No Write Addr Cmds","No Write Responses","No Write Responses","_","_","_","_","_","_","_","_","No Write Data Beats","No Write Data Beats"
1081,1081,0,0,1,1,0,0,0,8e5ffe20afb76fe31ba56e5faf65c9d2,0,3b9a3d13b8d6963fae1d8dc05a6037b2,0,1,0,1,7e6d6eb8,ffffffdb,0,1,0,0,1,00000000,"FIXED",3,00,"Data Secure Unprivileged","1 byte",0,0,00000000,"INCR",3,00,"Data Secure Unprivileged","4 bytes",0,1,ff8127fb,"DECERR",00000000,0,2,1,0,0,0,0,0,0,0,2,0,1,2,0,1,0,0,0037e400,"INCR",3,ff,0,"Data Secure Unprivileged",0,"4 bytes",0,00000000,"FIXED",0,00,0,"Data Secure Unprivileged",0,"1 byte",0,"OKAY",0,c08d1dae,"OKAY",00000000,b,2,0,1,4,0,0,1,2,0,1,0,2,1,0,2,1,0,c08d1dae,3,f,0,0,0,ff8127fb,3,f,0,0,0,"No Read Addr Cmds","No Read Addr Cmds","No Write Addr Cmds","No Write Addr Cmds","No Write Responses","No Write Responses","_","_","_","_","_","_","_","_","No Write Data Beats","No Write Data Beats"
1082,1082,0,0,1,1,0,0,0,8e5ffe20afb76fe31ba56e5faf65c9d2,0,3b9a3d13b8d6963fae1d8dc05a6037b2,0,1,0,1,7e6d6eb8,ffffffdb,0,1,0,0,1,00000000,"FIXED",3,00,"Data Secure Unprivileged","1 byte",0,0,00000000,"INCR",3,00,"Data Secure Unprivileged","4 bytes",0,1,ff8127fb,"DECERR",00000000,0,2,1,0,0,0,0,0,0,0,2,0,1,2,0,1,0,0,0037e400,"INCR",3,ff,0,"Data Secure Unprivileged",0,"4 bytes",0,00000000,"FIXED",0,00,0,"Data Secure Unprivileged",0,"1 byte",0,"OKAY",0,c08d1dae,"OKAY",00000000,b,2,0,1,4,0,0,1,2,0,1,0,2,1,0,2,1,0,c08d1dae,3,f,0,0,0,00000000,3,1,1,1,1,"No Read Addr Cmds","No Read Addr Cmds","No Write Addr Cmds","No Write Addr Cmds","No Write Responses","No Write Responses","_","_","_","Active","_","_","_","Last Stream","No Write Data Beats","No Write Data Beats"
1083,1083,0,0,1,1,0,0,0,8e5ffe20afb76fe31ba56e5faf65c9d2,0,3b9a3d13b8d6963fae1d8dc05a6037b2,0,1,0,1,7e6d6eb8,ffffffdb,0,1,0,0,1,00000000,"FIXED",3,00,"Data Secure Unprivileged","1 byte",0,0,00000000,"INCR",3,00,"Data Secure Unprivileged","4 bytes",0,1,ff8127fb,"OKAY",00000000,0,2,1,0,0,0,0,0,0,0,2,0,1,3,1,1,0,0,0037e400,"INCR",3,ff,0,"Data Secure Unprivileged",0,"4 bytes",0,00000000,"FIXED",0,00,0,"Data Secure Unprivileged",0,"1 byte",0,"OKAY",0,c08d1dae,"OKAY",00000000,0,2,0,1,0,0,0,0,2,0,1,0,2,1,0,2,1,0,c08d1dae,3,f,0,0,0,00000000,3,1,0,0,1,"No Read Addr Cmds","No Read Addr Cmds","No Write Addr Cmds","No Write Addr Cmds","No Write Responses","No Write Responses","Active","_","_","_","Data Beat","_","_","_","No Write Data Beats","No Write Data Beats"
1084,1084,0,0,1,1,0,0,0,8e5ffe20afb76fe31ba56e5faf65c9d2,0,3b9a3d13b8d6963fae1d8dc05a6037b2,0,1,0,1,7e6d6eb8,ffffffdb,0,1,0,0,1,00000000,"FIXED",3,00,"Data Secure Unprivileged","1 byte",0,0,00000000,"INCR",3,00,"Data Secure Unprivileged","4 bytes",0,1,ff8127fb,"OKAY",00000000,0,2,1,0,0,0,0,0,0,0,2,0,1,2,0,1,0,0,0037e400,"INCR",3,ff,0,"Data Secure Unprivileged",0,"4 bytes",0,00000000,"FIXED",0,00,0,"Data Secure Unprivileged",0,"1 byte",0,"OKAY",0,c08d1dae,"OKAY",00000000,0,2,0,1,0,0,0,0,2,0,1,0,2,1,0,2,1,0,c08d1dae,3,f,0,0,0,00000000,3,1,0,0,1,"No Read Addr Cmds","No Read Addr Cmds","No Write Addr Cmds","No Write Addr Cmds","No Write Responses","No Write Responses","_","_","_","_","_","_","_","_","No Write Data Beats","No Write Data Beats"
1085,1085,0,0,1,1,0,0,0,8e5ffe20afb76fe31ba56e5faf65c9d2,0,3b9a3d13b8d6963fae1d8dc05a6037b2,0,1,0,1,7e6d6eb8,ffffffdb,0,1,0,0,1,00000000,"FIXED",3,00,"Data Secure Unprivileged","1 byte",0,0,00000000,"INCR",3,00,"Data Secure Unprivileged","4 bytes",0,1,ff8127fb,"OKAY",00000000,0,2,1,0,0,0,0,0,0,0,2,0,1,2,0,1,0,0,0037e400,"INCR",3,ff,0,"Data Secure Unprivileged",0,"4 bytes",0,00000000,"FIXED",0,00,0,"Data Secure Unprivileged",0,"1 byte",0,"OKAY",0,c08d1dae,"OKAY",00000000,0,2,0,1,0,0,0,0,2,0,1,0,2,1,0,2,1,0,c08d1dae,3,f,0,0,0,00000000,3,1,0,0,1,"No Read Addr Cmds","No Read Addr Cmds","No Write Addr Cmds","No Write Addr Cmds","No Write Responses","No Write Responses","_","_","_","_","_","_","_","_","No Write Data Beats","No Write Data Beats"
1086,1086,0,0,1,1,0,0,0,8e5ffe20afb76fe31ba56e5faf65c9d2,0,3b9a3d13b8d6963fae1d8dc05a6037b2,0,1,0,1,7e6d6eb8,ffffffdb,0,1,0,0,1,00000000,"FIXED",3,00,"Data Secure Unprivileged","1 byte",0,0,00000000,"INCR",3,00,"Data Secure Unprivileged","4 bytes",0,1,ff8127fb,"OKAY",00000000,0,2,1,0,0,0,0,0,0,0,2,0,1,2,0,1,0,0,0037e400,"INCR",3,ff,0,"Data Secure Unprivileged",0,"4 bytes",0,00000000,"FIXED",0,00,0,"Data Secure Unprivileged",0,"1 byte",0,"OKAY",0,c08d1dae,"OKAY",00000000,0,2,0,1,0,0,0,0,2,0,1,0,2,1,0,2,1,0,c08d1dae,3,f,0,0,0,0281b864,3,f,1,1,0,"No Read Addr Cmds","No Read Addr Cmds","No Write Addr Cmds","No Write Addr Cmds","No Write Responses","No Write Responses","_","_","_","Active","_","_","_","Stream Beat","No Write Data Beats","No Write Data Beats"
1087,1087,0,0,1,1,0,0,0,8e5ffe20afb76fe31ba56e5faf65c9d2,0,3b9a3d13b8d6963fae1d8dc05a6037b2,0,1,0,0,7e6d6eb8,ffffffdb,0,1,0,0,1,00000000,"FIXED",3,00,"Data Secure Unprivileged","1 byte",0,0,00000000,"INCR",3,00,"Data Secure Unprivileged","4 bytes",0,1,ff8127fb,"OKAY",00000000,0,2,1,0,0,0,0,0,0,0,2,0,1,6,0,1,1,0,0037e400,"INCR",3,ff,0,"Data Secure Unprivileged",0,"4 bytes",0,00000000,"FIXED",0,00,0,"Data Secure Unprivileged",0,"1 byte",0,"OKAY",0,c08d1dae,"OKAY",00000000,4,2,0,1,0,0,0,0,2,0,1,0,2,1,0,2,1,0,c08d1dae,3,f,0,0,0,0281b864,3,f,0,0,0,"No Read Addr Cmds","No Read Addr Cmds","No Write Addr Cmds","No Write Addr Cmds","No Write Responses","No Write Responses","_","_","_","_","_","_","_","_","No Write Data Beats","No Write Data Beats"
1088,1088,0,0,1,1,0,0,0,8e5ffe20afb76fe31ba56e5faf65c9d2,0,3b9a3d13b8d6963fae1d8dc05a6037b2,0,1,0,1,ff81e4df,ffffffdb,0,1,0,0,1,00000000,"FIXED",3,00,"Data Secure Unprivileged","1 byte",0,0,00000000,"INCR",3,00,"Data Secure Unprivileged","4 bytes",0,1,0281b864,"OKAY",00000000,0,2,1,0,0,0,0,0,0,0,2,0,1,6,0,1,1,0,0037e400,"INCR",3,ff,0,"Data Secure Unprivileged",0,"4 bytes",0,00000000,"FIXED",0,00,0,"Data Secure Unprivileged",0,"1 byte",0,"OKAY",0,c08d1dae,"OKAY",00000000,4,2,0,1,0,0,0,0,2,0,1,0,2,1,0,2,1,0,c08d1dae,3,f,0,0,0,0281b864,3,f,0,0,0,"No Read Addr Cmds","No Read Addr Cmds","No Write Addr Cmds","No Write Addr Cmds","No Write Responses","No Write Responses","_","_","_","_","_","_","_","_","No Write Data Beats","No Write Data Beats"
1089,1089,0,0,1,1,0,0,0,8e5ffe20afb76fe31ba56e5faf65c9d2,0,3b9a3d13b8d6963fae1d8dc05a6037b2,0,1,0,1,ff81e4df,ffffffdb,0,1,0,0,1,00000000,"FIXED",3,00,"Data Secure Unprivileged","1 byte",0,0,00000000,"INCR",3,00,"Data Secure Unprivileged","4 bytes",0,1,0281b864,"OKAY",00000000,0,2,1,0,0,0,0,0,0,0,2,0,1,6,0,1,1,0,0037e400,"INCR",3,ff,0,"Data Secure Unprivileged",0,"4 bytes",0,00000000,"FIXED",0,00,0,"Data Secure Unprivileged",0,"1 byte",0,"OKAY",0,c08d1dae,"OKAY",00000000,4,2,0,1,0,0,0,0,2,0,1,0,2,1,0,2,1,0,c08d1dae,3,f,0,0,0,0281b864,3,f,0,0,0,"No Read Addr Cmds","No Read Addr Cmds","No Write Addr Cmds","No Write Addr Cmds","No Write Responses","No Write Responses","_","_","_","_","_","_","_","_","No Write Data Beats","No Write Data Beats"
1090,1090,0,0,1,1,0,0,0,8e5ffe20afb76fe31ba56e5faf65c9d2,0,3b9a3d13b8d6963fae1d8dc05a6037b2,0,1,0,1,ff81e4df,ffffffdb,0,1,0,0,1,00000000,"FIXED",3,00,"Data Secure Unprivileged","1 byte",0,0,00000000,"INCR",3,00,"Data Secure Unprivileged","4 bytes",0,1,0281b864,"OKAY",00000000,0,2,1,0,0,0,0,0,0,0,2,0,1,6,0,1,1,0,0037e400,"INCR",3,ff,0,"Data Secure Unprivileged",0,"4 bytes",0,00000000,"FIXED",0,00,0,"Data Secure Unprivileged",0,"1 byte",0,"OKAY",0,c08d1dae,"OKAY",00000000,4,2,0,1,0,0,0,0,2,0,1,0,2,1,0,2,1,0,c08d1dae,3,f,0,0,0,00000000,3,1,1,1,1,"No Read Addr Cmds","No Read Addr Cmds","No Write Addr Cmds","No Write Addr Cmds","No Write Responses","No Write Responses","_","_","_","Active","_","_","_","Last Stream","No Write Data Beats","No Write Data Beats"
1091,1091,0,0,1,1,0,0,0,8e5ffe20afb76fe31ba56e5faf65c9d2,0,3b9a3d13b8d6963fae1d8dc05a6037b2,0,1,0,1,ff81e4df,ffffffdb,0,1,0,0,1,00000000,"FIXED",3,00,"Data Secure Unprivileged","1 byte",0,0,00000000,"INCR",3,00,"Data Secure Unprivileged","4 bytes",0,1,0281b864,"OKAY",00000000,0,2,1,0,0,0,0,0,0,0,2,0,1,3,1,1,0,0,0037e400,"INCR",3,ff,0,"Data Secure Unprivileged",0,"4 bytes",0,00000000,"FIXED",0,00,0,"Data Secure Unprivileged",0,"1 byte",0,"OKAY",0,c08d1dae,"OKAY",00000000,0,2,0,1,0,0,0,0,2,0,1,0,2,1,0,2,1,0,c08d1dae,3,f,0,0,0,00000000,3,1,0,0,1,"No Read Addr Cmds","No Read Addr Cmds","No Write Addr Cmds","No Write Addr Cmds","No Write Responses","No Write Responses","Active","_","_","_","Data Beat","_","_","_","No Write Data Beats","No Write Data Beats"
1092,1092,0,0,1,1,0,0,0,8e5ffe20afb76fe31ba56e5faf65c9d2,0,3b9a3d13b8d6963fae1d8dc05a6037b2,0,1,0,1,ff81e4df,ffffffdb,0,1,0,0,1,00000000,"FIXED",3,00,"Data Secure Unprivileged","1 byte",0,0,00000000,"INCR",3,00,"Data Secure Unprivileged","4 bytes",0,1,0281b864,"OKAY",00000000,0,2,1,0,0,0,0,0,0,0,2,0,1,2,0,1,0,0,0037e400,"INCR",3,ff,0,"Data Secure Unprivileged",0,"4 bytes",0,00000000,"FIXED",0,00,0,"Data Secure Unprivileged",0,"1 byte",0,"OKAY",0,c08d1dae,"OKAY",00000000,0,2,0,1,0,0,0,0,2,0,1,0,2,1,0,2,1,0,c08d1dae,3,f,0,0,0,00000000,3,1,0,0,1,"No Read Addr Cmds","No Read Addr Cmds","No Write Addr Cmds","No Write Addr Cmds","No Write Responses","No Write Responses","_","_","_","_","_","_","_","_","No Write Data Beats","No Write Data Beats"
1093,1093,0,0,1,1,0,0,0,8e5ffe20afb76fe31ba56e5faf65c9d2,0,3b9a3d13b8d6963fae1d8dc05a6037b2,0,1,0,1,ff81e4df,ffffffdb,0,1,0,0,1,00000000,"FIXED",3,00,"Data Secure Unprivileged","1 byte",0,0,00000000,"INCR",3,00,"Data Secure Unprivileged","4 bytes",0,1,0281b864,"OKAY",00000000,0,2,1,0,0,0,0,0,0,0,2,0,1,2,0,1,0,0,0037e400,"INCR",3,ff,0,"Data Secure Unprivileged",0,"4 bytes",0,00000000,"FIXED",0,00,0,"Data Secure Unprivileged",0,"1 byte",0,"OKAY",0,c08d1dae,"OKAY",00000000,0,2,0,1,0,0,0,0,2,0,1,0,2,1,0,2,1,0,c08d1dae,3,f,0,0,0,00000000,3,1,0,0,1,"No Read Addr Cmds","No Read Addr Cmds","No Write Addr Cmds","No Write Addr Cmds","No Write Responses","No Write Responses","_","_","_","_","_","_","_","_","No Write Data Beats","No Write Data Beats"
1094,1094,0,0,1,1,0,0,0,8e5ffe20afb76fe31ba56e5faf65c9d2,0,3b9a3d13b8d6963fae1d8dc05a6037b2,0,1,0,1,ff81e4df,ffffffdb,0,1,0,0,1,00000000,"FIXED",3,00,"Data Secure Unprivileged","1 byte",0,0,00000000,"INCR",3,00,"Data Secure Unprivileged","4 bytes",0,1,0281b864,"OKAY",00000000,0,2,1,0,0,0,0,0,0,0,2,0,1,2,0,1,0,0,0037e400,"INCR",3,ff,0,"Data Secure Unprivileged",0,"4 bytes",0,00000000,"FIXED",0,00,0,"Data Secure Unprivileged",0,"1 byte",0,"OKAY",0,c08d1dae,"OKAY",00000000,0,2,0,1,0,0,0,0,2,0,1,0,2,1,0,2,1,0,c08d1dae,3,f,0,0,0,4c60f1ac,3,f,1,1,0,"No Read Addr Cmds","No Read Addr Cmds","No Write Addr Cmds","No Write Addr Cmds","No Write Responses","No Write Responses","_","_","_","Active","_","_","_","Stream Beat","No Write Data Beats","No Write Data Beats"
1095,1095,0,0,1,1,0,0,0,8e5ffe20afb76fe31ba56e5faf65c9d2,0,3b9a3d13b8d6963fae1d8dc05a6037b2,0,1,0,0,ff81e4df,ffffffdb,0,1,0,0,1,00000000,"FIXED",3,00,"Data Secure Unprivileged","1 byte",0,0,00000000,"INCR",3,00,"Data Secure Unprivileged","4 bytes",0,1,0281b864,"OKAY",00000000,0,2,1,0,0,0,0,0,0,0,2,0,1,6,0,1,1,0,0037e400,"INCR",3,ff,0,"Data Secure Unprivileged",0,"4 bytes",0,00000000,"FIXED",0,00,0,"Data Secure Unprivileged",0,"1 byte",0,"OKAY",0,c08d1dae,"OKAY",00000000,c,2,0,1,0,0,0,0,2,0,1,0,2,1,0,2,1,0,c08d1dae,3,f,0,0,0,4c60f1ac,3,f,0,0,0,"No Read Addr Cmds","No Read Addr Cmds","No Write Addr Cmds","No Write Addr Cmds","No Write Responses","No Write Responses","_","_","_","_","_","_","_","_","No Write Data Beats","No Write Data Beats"
1096,1096,0,0,1,1,0,0,0,8e5ffe20afb76fe31ba56e5faf65c9d2,0,3b9a3d13b8d6963fae1d8dc05a6037b2,0,1,0,1,40811d26,ffffffdb,0,1,0,0,1,00000000,"FIXED",3,00,"Data Secure Unprivileged","1 byte",0,0,00000000,"INCR",3,00,"Data Secure Unprivileged","4 bytes",0,1,4c60f1ac,"OKAY",00000000,0,2,1,0,0,0,0,0,0,0,2,0,1,6,0,1,1,0,0037e400,"INCR",3,ff,0,"Data Secure Unprivileged",0,"4 bytes",0,00000000,"FIXED",0,00,0,"Data Secure Unprivileged",0,"1 byte",0,"OKAY",0,c08d1dae,"OKAY",00000000,c,2,0,1,0,0,0,0,2,0,1,0,2,1,0,2,1,0,c08d1dae,3,f,0,0,0,4c60f1ac,3,f,0,0,0,"No Read Addr Cmds","No Read Addr Cmds","No Write Addr Cmds","No Write Addr Cmds","No Write Responses","No Write Responses","_","_","_","_","_","_","_","_","No Write Data Beats","No Write Data Beats"
1097,1097,0,0,1,1,0,0,0,8e5ffe20afb76fe31ba56e5faf65c9d2,0,3b9a3d13b8d6963fae1d8dc05a6037b2,0,1,0,1,40811d26,ffffffdb,0,1,0,0,1,00000000,"FIXED",3,00,"Data Secure Unprivileged","1 byte",0,0,00000000,"INCR",3,00,"Data Secure Unprivileged","4 bytes",0,1,4c60f1ac,"OKAY",00000000,0,2,1,0,0,0,0,0,0,0,2,0,1,6,0,1,1,0,0037e400,"INCR",3,ff,0,"Data Secure Unprivileged",0,"4 bytes",0,00000000,"FIXED",0,00,0,"Data Secure Unprivileged",0,"1 byte",0,"OKAY",0,c08d1dae,"OKAY",00000000,c,2,0,1,0,0,0,0,2,0,1,0,2,1,0,2,1,0,c08d1dae,3,f,0,0,0,4c60f1ac,3,f,0,0,0,"No Read Addr Cmds","No Read Addr Cmds","No Write Addr Cmds","No Write Addr Cmds","No Write Responses","No Write Responses","_","_","_","_","_","_","_","_","No Write Data Beats","No Write Data Beats"
1098,1098,0,0,1,1,0,0,0,8e5ffe20afb76fe31ba56e5faf65c9d2,0,3b9a3d13b8d6963fae1d8dc05a6037b2,0,1,0,1,40811d26,ffffffdb,0,1,0,0,1,00000000,"FIXED",3,00,"Data Secure Unprivileged","1 byte",0,0,00000000,"INCR",3,00,"Data Secure Unprivileged","4 bytes",0,1,4c60f1ac,"OKAY",00000000,0,2,1,0,0,0,0,0,0,0,2,0,1,6,0,1,1,0,0037e400,"INCR",3,ff,0,"Data Secure Unprivileged",0,"4 bytes",0,00000000,"FIXED",0,00,0,"Data Secure Unprivileged",0,"1 byte",0,"OKAY",0,c08d1dae,"OKAY",00000000,c,2,0,1,0,0,0,0,2,0,1,0,2,1,0,2,1,0,c08d1dae,3,f,0,0,0,00000000,3,1,1,1,1,"No Read Addr Cmds","No Read Addr Cmds","No Write Addr Cmds","No Write Addr Cmds","No Write Responses","No Write Responses","_","_","_","Active","_","_","_","Last Stream","No Write Data Beats","No Write Data Beats"
1099,1099,0,0,1,1,0,0,0,8e5ffe20afb76fe31ba56e5faf65c9d2,0,3b9a3d13b8d6963fae1d8dc05a6037b2,0,1,0,1,40811d26,ffffffdb,0,1,0,0,1,00000000,"FIXED",3,00,"Data Secure Unprivileged","1 byte",0,0,00000000,"INCR",3,00,"Data Secure Unprivileged","4 bytes",0,1,4c60f1ac,"OKAY",00000000,0,2,1,0,0,0,0,0,0,0,2,0,1,3,1,1,0,0,0037e400,"INCR",3,ff,0,"Data Secure Unprivileged",0,"4 bytes",0,00000000,"FIXED",0,00,0,"Data Secure Unprivileged",0,"1 byte",0,"OKAY",0,c08d1dae,"OKAY",00000000,0,2,0,1,0,0,0,0,2,0,1,0,2,1,0,2,1,0,c08d1dae,3,f,0,0,0,00000000,3,1,0,0,1,"No Read Addr Cmds","No Read Addr Cmds","No Write Addr Cmds","No Write Addr Cmds","No Write Responses","No Write Responses","Active","_","_","_","Data Beat","_","_","_","No Write Data Beats","No Write Data Beats"
1100,1100,0,0,1,1,0,0,0,8e5ffe20afb76fe31ba56e5faf65c9d2,0,3b9a3d13b8d6963fae1d8dc05a6037b2,0,1,0,1,40811d26,ffffffdb,0,1,0,0,1,00000000,"FIXED",3,00,"Data Secure Unprivileged","1 byte",0,0,00000000,"INCR",3,00,"Data Secure Unprivileged","4 bytes",0,1,4c60f1ac,"OKAY",00000000,0,2,1,0,0,0,0,0,0,0,2,0,1,2,0,1,0,0,0037e400,"INCR",3,ff,0,"Data Secure Unprivileged",0,"4 bytes",0,00000000,"FIXED",0,00,0,"Data Secure Unprivileged",0,"1 byte",0,"OKAY",0,c08d1dae,"OKAY",00000000,0,2,0,1,0,0,0,0,2,0,1,0,2,1,0,2,1,0,c08d1dae,3,f,0,0,0,00000000,3,1,0,0,1,"No Read Addr Cmds","No Read Addr Cmds","No Write Addr Cmds","No Write Addr Cmds","No Write Responses","No Write Responses","_","_","_","_","_","_","_","_","No Write Data Beats","No Write Data Beats"
1101,1101,0,0,1,1,0,0,0,8e5ffe20afb76fe31ba56e5faf65c9d2,0,3b9a3d13b8d6963fae1d8dc05a6037b2,0,1,0,1,40811d26,ffffffdb,0,1,0,0,1,00000000,"FIXED",3,00,"Data Secure Unprivileged","1 byte",0,0,00000000,"INCR",3,00,"Data Secure Unprivileged","4 bytes",0,1,4c60f1ac,"OKAY",00000000,0,2,1,0,0,0,0,0,0,0,2,0,1,2,0,1,0,0,0037e400,"INCR",3,ff,0,"Data Secure Unprivileged",0,"4 bytes",0,00000000,"FIXED",0,00,0,"Data Secure Unprivileged",0,"1 byte",0,"OKAY",0,c08d1dae,"OKAY",00000000,0,2,0,1,0,0,0,0,2,0,1,0,2,1,0,2,1,0,c08d1dae,3,f,0,0,0,00000000,3,1,0,0,1,"No Read Addr Cmds","No Read Addr Cmds","No Write Addr Cmds","No Write Addr Cmds","No Write Responses","No Write Responses","_","_","_","_","_","_","_","_","No Write Data Beats","No Write Data Beats"
1102,1102,0,0,1,1,0,0,0,8e5ffe20afb76fe31ba56e5faf65c9d2,0,3b9a3d13b8d6963fae1d8dc05a6037b2,0,1,0,1,40811d26,ffffffdb,0,1,0,0,1,00000000,"FIXED",3,00,"Data Secure Unprivileged","1 byte",0,0,00000000,"INCR",3,00,"Data Secure Unprivileged","4 bytes",0,1,4c60f1ac,"OKAY",00000000,0,2,1,0,0,0,0,0,0,0,2,0,1,2,0,1,0,0,0037e400,"INCR",3,ff,0,"Data Secure Unprivileged",0,"4 bytes",0,00000000,"FIXED",0,00,0,"Data Secure Unprivileged",0,"1 byte",0,"OKAY",0,c08d1dae,"OKAY",00000000,0,2,0,1,0,0,0,0,2,0,1,0,2,1,0,2,1,0,c08d1dae,3,f,0,0,0,7eb6761d,3,f,1,1,0,"No Read Addr Cmds","No Read Addr Cmds","No Write Addr Cmds","No Write Addr Cmds","No Write Responses","No Write Responses","_","_","_","Active","_","_","_","Stream Beat","No Write Data Beats","No Write Data Beats"
1103,1103,0,0,1,1,0,0,0,8e5ffe20afb76fe31ba56e5faf65c9d2,0,3b9a3d13b8d6963fae1d8dc05a6037b2,0,1,0,0,40811d26,ffffffdb,0,1,0,0,1,00000000,"FIXED",3,00,"Data Secure Unprivileged","1 byte",0,0,00000000,"INCR",3,00,"Data Secure Unprivileged","4 bytes",0,1,4c60f1ac,"EXOKAY",00000000,0,2,1,0,0,0,0,0,0,0,2,0,1,6,0,1,1,0,0037e400,"INCR",3,ff,0,"Data Secure Unprivileged",0,"4 bytes",0,00000000,"FIXED",0,00,0,"Data Secure Unprivileged",0,"1 byte",0,"OKAY",0,c08d1dae,"OKAY",00000000,d,2,0,1,4,0,0,1,2,0,1,0,2,1,0,2,1,0,c08d1dae,3,f,0,0,0,7eb6761d,3,f,0,0,0,"No Read Addr Cmds","No Read Addr Cmds","No Write Addr Cmds","No Write Addr Cmds","No Write Responses","No Write Responses","_","_","_","_","_","_","_","_","No Write Data Beats","No Write Data Beats"
1104,1104,0,0,1,1,0,0,0,8e5ffe20afb76fe31ba56e5faf65c9d2,0,3b9a3d13b8d6963fae1d8dc05a6037b2,0,1,0,1,32068f35,ffffffdb,0,1,0,0,1,00000000,"FIXED",3,00,"Data Secure Unprivileged","1 byte",0,0,00000000,"INCR",3,00,"Data Secure Unprivileged","4 bytes",0,1,7eb6761d,"EXOKAY",00000000,0,2,1,0,0,0,0,0,0,0,2,0,1,6,0,1,1,0,0037e400,"INCR",3,ff,0,"Data Secure Unprivileged",0,"4 bytes",0,00000000,"FIXED",0,00,0,"Data Secure Unprivileged",0,"1 byte",0,"OKAY",0,c08d1dae,"OKAY",00000000,d,2,0,1,4,0,0,1,2,0,1,0,2,1,0,2,1,0,c08d1dae,3,f,0,0,0,7eb6761d,3,f,0,0,0,"No Read Addr Cmds","No Read Addr Cmds","No Write Addr Cmds","No Write Addr Cmds","No Write Responses","No Write Responses","_","_","_","_","_","_","_","_","No Write Data Beats","No Write Data Beats"
1105,1105,0,0,1,1,0,0,0,8e5ffe20afb76fe31ba56e5faf65c9d2,0,3b9a3d13b8d6963fae1d8dc05a6037b2,0,1,0,1,32068f35,ffffffdb,0,1,0,0,1,00000000,"FIXED",3,00,"Data Secure Unprivileged","1 byte",0,0,00000000,"INCR",3,00,"Data Secure Unprivileged","4 bytes",0,1,7eb6761d,"EXOKAY",00000000,0,2,1,0,0,0,0,0,0,0,2,0,1,6,0,1,1,0,0037e400,"INCR",3,ff,0,"Data Secure Unprivileged",0,"4 bytes",0,00000000,"FIXED",0,00,0,"Data Secure Unprivileged",0,"1 byte",0,"OKAY",0,c08d1dae,"OKAY",00000000,d,2,0,1,4,0,0,1,2,0,1,0,2,1,0,2,1,0,c08d1dae,3,f,0,0,0,7eb6761d,3,f,0,0,0,"No Read Addr Cmds","No Read Addr Cmds","No Write Addr Cmds","No Write Addr Cmds","No Write Responses","No Write Responses","_","_","_","_","_","_","_","_","No Write Data Beats","No Write Data Beats"
1106,1106,0,0,1,1,0,0,0,8e5ffe20afb76fe31ba56e5faf65c9d2,0,3b9a3d13b8d6963fae1d8dc05a6037b2,0,1,0,1,32068f35,ffffffdb,0,1,0,0,1,00000000,"FIXED",3,00,"Data Secure Unprivileged","1 byte",0,0,00000000,"INCR",3,00,"Data Secure Unprivileged","4 bytes",0,1,7eb6761d,"EXOKAY",00000000,0,2,1,0,0,0,0,0,0,0,2,0,1,6,0,1,1,0,0037e400,"INCR",3,ff,0,"Data Secure Unprivileged",0,"4 bytes",0,00000000,"FIXED",0,00,0,"Data Secure Unprivileged",0,"1 byte",0,"OKAY",0,c08d1dae,"OKAY",00000000,d,2,0,1,4,0,0,1,2,0,1,0,2,1,0,2,1,0,c08d1dae,3,f,0,0,0,00000000,3,1,1,1,1,"No Read Addr Cmds","No Read Addr Cmds","No Write Addr Cmds","No Write Addr Cmds","No Write Responses","No Write Responses","_","_","_","Active","_","_","_","Last Stream","No Write Data Beats","No Write Data Beats"
1107,1107,0,0,1,1,0,0,0,8e5ffe20afb76fe31ba56e5faf65c9d2,0,3b9a3d13b8d6963fae1d8dc05a6037b2,0,1,0,1,32068f35,ffffffdb,0,1,0,0,1,00000000,"FIXED",3,00,"Data Secure Unprivileged","1 byte",0,0,00000000,"INCR",3,00,"Data Secure Unprivileged","4 bytes",0,1,7eb6761d,"OKAY",00000000,0,2,1,0,0,0,0,0,0,0,2,0,1,3,1,1,0,0,0037e400,"INCR",3,ff,0,"Data Secure Unprivileged",0,"4 bytes",0,00000000,"FIXED",0,00,0,"Data Secure Unprivileged",0,"1 byte",0,"OKAY",0,c08d1dae,"OKAY",00000000,0,2,0,1,0,0,0,0,2,0,1,0,2,1,0,2,1,0,c08d1dae,3,f,0,0,0,00000000,3,1,0,0,1,"No Read Addr Cmds","No Read Addr Cmds","No Write Addr Cmds","No Write Addr Cmds","No Write Responses","No Write Responses","Active","_","_","_","Data Beat","_","_","_","No Write Data Beats","No Write Data Beats"
1108,1108,0,0,1,1,0,0,0,8e5ffe20afb76fe31ba56e5faf65c9d2,0,3b9a3d13b8d6963fae1d8dc05a6037b2,0,1,0,1,32068f35,ffffffdb,0,1,0,0,1,00000000,"FIXED",3,00,"Data Secure Unprivileged","1 byte",0,0,00000000,"INCR",3,00,"Data Secure Unprivileged","4 bytes",0,1,7eb6761d,"OKAY",00000000,0,2,1,0,0,0,0,0,0,0,2,0,1,2,0,1,0,0,0037e400,"INCR",3,ff,0,"Data Secure Unprivileged",0,"4 bytes",0,00000000,"FIXED",0,00,0,"Data Secure Unprivileged",0,"1 byte",0,"OKAY",0,c08d1dae,"OKAY",00000000,0,2,0,1,0,0,0,0,2,0,1,0,2,1,0,2,1,0,c08d1dae,3,f,0,0,0,00000000,3,1,0,0,1,"No Read Addr Cmds","No Read Addr Cmds","No Write Addr Cmds","No Write Addr Cmds","No Write Responses","No Write Responses","_","_","_","_","_","_","_","_","No Write Data Beats","No Write Data Beats"
1109,1109,0,0,1,1,0,0,0,8e5ffe20afb76fe31ba56e5faf65c9d2,0,3b9a3d13b8d6963fae1d8dc05a6037b2,0,1,0,1,32068f35,ffffffdb,0,1,0,0,1,00000000,"FIXED",3,00,"Data Secure Unprivileged","1 byte",0,0,00000000,"INCR",3,00,"Data Secure Unprivileged","4 bytes",0,1,7eb6761d,"OKAY",00000000,0,2,1,0,0,0,0,0,0,0,2,0,1,2,0,1,0,0,0037e400,"INCR",3,ff,0,"Data Secure Unprivileged",0,"4 bytes",0,00000000,"FIXED",0,00,0,"Data Secure Unprivileged",0,"1 byte",0,"OKAY",0,c08d1dae,"OKAY",00000000,0,2,0,1,0,0,0,0,2,0,1,0,2,1,0,2,1,0,c08d1dae,3,f,0,0,0,00000000,3,1,0,0,1,"No Read Addr Cmds","No Read Addr Cmds","No Write Addr Cmds","No Write Addr Cmds","No Write Responses","No Write Responses","_","_","_","_","_","_","_","_","No Write Data Beats","No Write Data Beats"
1110,1110,0,0,1,1,0,0,0,8e5ffe20afb76fe31ba56e5faf65c9d2,0,3b9a3d13b8d6963fae1d8dc05a6037b2,0,1,0,1,32068f35,ffffffdb,0,1,0,0,1,00000000,"FIXED",3,00,"Data Secure Unprivileged","1 byte",0,0,00000000,"INCR",3,00,"Data Secure Unprivileged","4 bytes",0,1,7eb6761d,"OKAY",00000000,0,2,1,0,0,0,0,0,0,0,2,0,1,2,0,1,0,0,0037e400,"INCR",3,ff,0,"Data Secure Unprivileged",0,"4 bytes",0,00000000,"FIXED",0,00,0,"Data Secure Unprivileged",0,"1 byte",0,"OKAY",0,c08d1dae,"OKAY",00000000,0,2,0,1,0,0,0,0,2,0,1,0,2,1,0,2,1,0,c08d1dae,3,f,0,0,0,ff8127fb,3,f,1,1,0,"No Read Addr Cmds","No Read Addr Cmds","No Write Addr Cmds","No Write Addr Cmds","No Write Responses","No Write Responses","_","_","_","Active","_","_","_","Stream Beat","No Write Data Beats","No Write Data Beats"
1111,1111,0,0,1,1,0,0,0,8e5ffe20afb76fe31ba56e5faf65c9d2,0,3b9a3d13b8d6963fae1d8dc05a6037b2,0,1,0,0,32068f35,ffffffdb,0,1,0,0,1,00000000,"FIXED",3,00,"Data Secure Unprivileged","1 byte",0,0,00000000,"INCR",3,00,"Data Secure Unprivileged","4 bytes",0,1,7eb6761d,"DECERR",00000000,0,2,1,0,0,0,0,0,0,0,2,0,1,2,0,1,0,0,0037e400,"INCR",3,ff,0,"Data Secure Unprivileged",0,"4 bytes",0,00000000,"FIXED",0,00,0,"Data Secure Unprivileged",0,"1 byte",0,"OKAY",0,c08d1dae,"OKAY",00000000,b,2,0,1,4,0,0,1,2,0,1,0,2,1,0,2,1,0,c08d1dae,3,f,0,0,0,ff8127fb,3,f,0,0,0,"No Read Addr Cmds","No Read Addr Cmds","No Write Addr Cmds","No Write Addr Cmds","No Write Responses","No Write Responses","_","_","_","_","_","_","_","_","No Write Data Beats","No Write Data Beats"
1112,1112,0,0,1,1,0,0,0,8e5ffe20afb76fe31ba56e5faf65c9d2,0,3b9a3d13b8d6963fae1d8dc05a6037b2,0,1,0,1,7e6d6eb8,ffffffdb,0,1,0,0,1,00000000,"FIXED",3,00,"Data Secure Unprivileged","1 byte",0,0,00000000,"INCR",3,00,"Data Secure Unprivileged","4 bytes",0,1,ff8127fb,"DECERR",00000000,0,2,1,0,0,0,0,0,0,0,2,0,1,2,0,1,0,0,0037e400,"INCR",3,ff,0,"Data Secure Unprivileged",0,"4 bytes",0,00000000,"FIXED",0,00,0,"Data Secure Unprivileged",0,"1 byte",0,"OKAY",0,c08d1dae,"OKAY",00000000,b,2,0,1,4,0,0,1,2,0,1,0,2,1,0,2,1,0,c08d1dae,3,f,0,0,0,ff8127fb,3,f,0,0,0,"No Read Addr Cmds","No Read Addr Cmds","No Write Addr Cmds","No Write Addr Cmds","No Write Responses","No Write Responses","_","_","_","_","_","_","_","_","No Write Data Beats","No Write Data Beats"
1113,1113,0,0,1,1,0,0,0,8e5ffe20afb76fe31ba56e5faf65c9d2,0,3b9a3d13b8d6963fae1d8dc05a6037b2,0,1,0,1,7e6d6eb8,ffffffdb,0,1,0,0,1,00000000,"FIXED",3,00,"Data Secure Unprivileged","1 byte",0,0,00000000,"INCR",3,00,"Data Secure Unprivileged","4 bytes",0,1,ff8127fb,"DECERR",00000000,0,2,1,0,0,0,0,0,0,0,2,0,1,2,0,1,0,0,0037e400,"INCR",3,ff,0,"Data Secure Unprivileged",0,"4 bytes",0,00000000,"FIXED",0,00,0,"Data Secure Unprivileged",0,"1 byte",0,"OKAY",0,c08d1dae,"OKAY",00000000,b,2,0,1,4,0,0,1,2,0,1,0,2,1,0,2,1,0,c08d1dae,3,f,0,0,0,ff8127fb,3,f,0,0,0,"No Read Addr Cmds","No Read Addr Cmds","No Write Addr Cmds","No Write Addr Cmds","No Write Responses","No Write Responses","_","_","_","_","_","_","_","_","No Write Data Beats","No Write Data Beats"
1114,1114,0,0,1,1,0,0,0,8e5ffe20afb76fe31ba56e5faf65c9d2,0,3b9a3d13b8d6963fae1d8dc05a6037b2,0,1,0,1,7e6d6eb8,ffffffdb,0,1,0,0,1,00000000,"FIXED",3,00,"Data Secure Unprivileged","1 byte",0,0,00000000,"INCR",3,00,"Data Secure Unprivileged","4 bytes",0,1,ff8127fb,"DECERR",00000000,0,2,1,0,0,0,0,0,0,0,2,0,1,2,0,1,0,0,0037e400,"INCR",3,ff,0,"Data Secure Unprivileged",0,"4 bytes",0,00000000,"FIXED",0,00,0,"Data Secure Unprivileged",0,"1 byte",0,"OKAY",0,c08d1dae,"OKAY",00000000,b,2,0,1,4,0,0,1,2,0,1,0,2,1,0,2,1,0,c08d1dae,3,f,0,0,0,00000004,3,1,1,1,1,"No Read Addr Cmds","No Read Addr Cmds","No Write Addr Cmds","No Write Addr Cmds","No Write Responses","No Write Responses","_","_","_","Active","_","_","_","Last Stream","No Write Data Beats","No Write Data Beats"
1115,1115,0,0,1,1,0,0,0,8e5ffe20afb76fe31ba56e5faf65c9d2,0,3b9a3d13b8d6963fae1d8dc05a6037b2,0,1,0,1,7e6d6eb8,ffffffdb,0,1,0,0,1,00000000,"FIXED",3,00,"Data Secure Unprivileged","1 byte",0,0,00000000,"INCR",3,00,"Data Secure Unprivileged","4 bytes",0,1,ff8127fb,"OKAY",00000000,0,2,1,0,0,0,0,0,0,0,2,0,1,7,1,1,1,0,0037e400,"INCR",3,ff,0,"Data Secure Unprivileged",0,"4 bytes",0,00000000,"FIXED",0,00,0,"Data Secure Unprivileged",0,"1 byte",0,"OKAY",0,c08d1dae,"OKAY",00000000,4,2,0,1,0,0,0,0,2,0,1,0,2,1,0,2,1,0,c08d1dae,3,f,0,0,0,00000004,3,1,0,0,1,"No Read Addr Cmds","No Read Addr Cmds","No Write Addr Cmds","No Write Addr Cmds","No Write Responses","No Write Responses","Active","_","_","_","Last Data","_","_","_","No Write Data Beats","No Write Data Beats"
1116,1116,0,0,1,1,0,0,0,8e5ffe20afb76fe31ba56e5faf65c9d2,0,3b9a3d13b8d6963fae1d8dc05a6037b2,0,1,0,1,7e6d6eb8,ffffffdb,0,1,0,0,0,00000000,"FIXED",3,00,"Data Secure Unprivileged","1 byte",0,0,00000000,"INCR",3,00,"Data Secure Unprivileged","4 bytes",0,0,ff8127fb,"OKAY",00000000,0,2,1,0,0,0,0,0,0,0,2,0,1,4,0,0,1,0,0037e400,"INCR",3,ff,0,"Data Secure Unprivileged",0,"4 bytes",0,00000000,"FIXED",0,00,0,"Data Secure Unprivileged",0,"1 byte",0,"OKAY",0,c08d1dae,"OKAY",00000000,4,2,0,1,0,0,0,0,2,0,1,0,2,1,0,2,1,0,c08d1dae,3,f,0,0,0,00000004,3,1,0,0,1,"No Read Addr Cmds","No Read Addr Cmds","No Write Addr Cmds","No Write Addr Cmds","No Write Responses","No Write Responses","_","_","_","_","_","_","_","_","No Write Data Beats","No Write Data Beats"
1117,1117,0,0,1,1,0,0,0,8e5ffe20afb76fe31ba56e5faf65c9d2,0,3b9a3d13b8d6963fae1d8dc05a6037b2,0,1,0,1,7e6d6eb8,ffffffdb,0,1,0,0,0,00000000,"FIXED",3,00,"Data Secure Unprivileged","1 byte",0,0,00000000,"INCR",3,00,"Data Secure Unprivileged","4 bytes",0,0,ff8127fb,"OKAY",00000000,0,2,1,0,0,0,0,0,0,0,2,0,1,4,0,0,1,0,0037e400,"INCR",3,ff,0,"Data Secure Unprivileged",0,"4 bytes",0,00000000,"FIXED",0,00,0,"Data Secure Unprivileged",0,"1 byte",0,"OKAY",0,c08d1dae,"OKAY",00000000,4,2,0,1,0,0,0,0,2,0,1,0,2,1,0,2,1,0,c08d1dae,3,f,0,0,0,00000004,3,1,0,0,1,"No Read Addr Cmds","No Read Addr Cmds","No Write Addr Cmds","No Write Addr Cmds","No Write Responses","No Write Responses","_","_","_","_","_","_","_","_","No Write Data Beats","No Write Data Beats"
1118,1118,0,0,1,1,0,0,0,8e5ffe20afb76fe31ba56e5faf65c9d2,0,3b9a3d13b8d6963fae1d8dc05a6037b2,0,1,0,1,7e6d6eb8,ffffffdb,0,1,0,0,0,00000000,"FIXED",3,00,"Data Secure Unprivileged","1 byte",0,0,00000000,"INCR",3,00,"Data Secure Unprivileged","4 bytes",0,0,ff8127fb,"OKAY",00000000,0,2,1,0,0,0,0,0,0,0,2,0,1,4,0,0,1,0,0037e400,"INCR",3,ff,0,"Data Secure Unprivileged",0,"4 bytes",0,00000000,"FIXED",0,00,0,"Data Secure Unprivileged",0,"1 byte",0,"OKAY",0,c08d1dae,"OKAY",00000000,4,2,0,1,0,0,0,0,2,0,1,0,2,1,0,2,1,0,c08d1dae,3,f,0,0,0,00000004,3,1,0,0,1,"No Read Addr Cmds","No Read Addr Cmds","No Write Addr Cmds","No Write Addr Cmds","No Write Responses","No Write Responses","_","_","_","_","_","_","_","_","No Write Data Beats","No Write Data Beats"
1119,1119,0,0,1,1,0,0,0,8e5ffe20afb76fe31ba56e5faf65c9d2,0,3b9a3d13b8d6963fae1d8dc05a6037b2,0,1,0,0,7e6d6eb8,ffffffdb,0,1,0,0,0,00000000,"FIXED",3,00,"Data Secure Unprivileged","1 byte",0,0,00000000,"INCR",3,00,"Data Secure Unprivileged","4 bytes",0,0,ff8127fb,"OKAY",00000000,0,2,1,0,0,0,0,0,0,0,2,0,1,4,0,0,1,0,0037e400,"INCR",3,ff,0,"Data Secure Unprivileged",0,"4 bytes",0,00000000,"FIXED",0,00,0,"Data Secure Unprivileged",0,"1 byte",0,"OKAY",0,c08d1dae,"OKAY",00000000,4,2,0,1,0,0,0,0,2,0,1,0,2,1,0,2,1,0,c08d1dae,3,f,0,0,0,00000004,3,1,0,0,1,"No Read Addr Cmds","No Read Addr Cmds","No Write Addr Cmds","No Write Addr Cmds","No Write Responses","No Write Responses","_","_","_","_","_","_","_","_","No Write Data Beats","No Write Data Beats"
1120,1120,0,0,1,1,0,0,0,8e5ffe20afb76fe31ba56e5faf65c9d2,0,3b9a3d13b8d6963fae1d8dc05a6037b2,0,1,0,1,ff81e4df,ffffffdb,0,1,0,0,0,00000000,"FIXED",3,00,"Data Secure Unprivileged","1 byte",0,0,00000000,"INCR",3,00,"Data Secure Unprivileged","4 bytes",0,0,ff8127fb,"OKAY",00000000,0,2,1,0,0,0,0,0,0,0,2,0,1,4,0,0,1,0,0037e400,"INCR",3,ff,0,"Data Secure Unprivileged",0,"4 bytes",0,00000000,"FIXED",0,00,0,"Data Secure Unprivileged",0,"1 byte",0,"OKAY",0,c08d1dae,"OKAY",00000000,4,2,0,1,0,0,0,0,2,0,1,0,2,1,0,2,1,0,c08d1dae,3,f,0,0,0,00000004,3,1,0,0,1,"No Read Addr Cmds","No Read Addr Cmds","No Write Addr Cmds","No Write Addr Cmds","No Write Responses","No Write Responses","_","_","_","_","_","_","_","_","No Write Data Beats","No Write Data Beats"
1121,1121,0,0,1,1,0,0,0,8e5ffe20afb76fe31ba56e5faf65c9d2,0,3b9a3d13b8d6963fae1d8dc05a6037b2,0,1,0,1,ff81e4df,ffffffdb,0,1,0,0,0,00000000,"FIXED",3,00,"Data Secure Unprivileged","1 byte",0,0,00000000,"INCR",3,00,"Data Secure Unprivileged","4 bytes",0,0,ff8127fb,"OKAY",00000000,0,2,1,0,0,0,0,0,0,0,2,0,1,4,0,0,1,0,0037e400,"INCR",3,ff,0,"Data Secure Unprivileged",0,"4 bytes",0,00000000,"FIXED",0,00,0,"Data Secure Unprivileged",0,"1 byte",0,"OKAY",0,c08d1dae,"OKAY",00000000,4,2,0,1,0,0,0,0,2,0,1,0,2,1,0,2,1,0,c08d1dae,3,f,0,0,0,00000004,3,1,0,0,1,"No Read Addr Cmds","No Read Addr Cmds","No Write Addr Cmds","No Write Addr Cmds","No Write Responses","No Write Responses","_","_","_","_","_","_","_","_","No Write Data Beats","No Write Data Beats"
1122,1122,0,0,1,1,0,0,0,8e5ffe20afb76fe31ba56e5faf65c9d2,0,3b9a3d13b8d6963fae1d8dc05a6037b2,0,1,0,1,ff81e4df,ffffffdb,0,1,0,0,0,00000000,"FIXED",3,00,"Data Secure Unprivileged","1 byte",0,0,00000000,"INCR",3,00,"Data Secure Unprivileged","4 bytes",0,0,ff8127fb,"OKAY",00000000,0,2,1,0,0,0,0,0,0,0,2,0,1,4,0,0,1,0,0037e400,"INCR",3,ff,0,"Data Secure Unprivileged",0,"4 bytes",0,00000000,"FIXED",0,00,0,"Data Secure Unprivileged",0,"1 byte",0,"OKAY",0,c08d1dae,"OKAY",00000000,4,2,0,1,0,0,0,0,2,0,1,0,2,1,0,2,1,0,c08d1dae,3,f,0,0,0,00000004,3,1,0,0,1,"No Read Addr Cmds","No Read Addr Cmds","No Write Addr Cmds","No Write Addr Cmds","No Write Responses","No Write Responses","_","_","_","_","_","_","_","_","No Write Data Beats","No Write Data Beats"
1123,1123,0,0,1,1,0,0,0,8e5ffe20afb76fe31ba56e5faf65c9d2,0,3b9a3d13b8d6963fae1d8dc05a6037b2,0,1,0,1,ff81e4df,ffffffdb,0,1,0,0,0,00000000,"FIXED",3,00,"Data Secure Unprivileged","1 byte",0,0,00000000,"INCR",3,00,"Data Secure Unprivileged","4 bytes",0,0,ff8127fb,"OKAY",00000000,0,2,1,0,0,0,0,0,0,0,2,0,1,4,0,0,1,0,0037e400,"INCR",3,ff,0,"Data Secure Unprivileged",0,"4 bytes",0,00000000,"FIXED",0,00,0,"Data Secure Unprivileged",0,"1 byte",0,"OKAY",0,c08d1dae,"OKAY",00000000,4,2,0,1,0,0,0,0,2,0,1,0,2,1,0,2,1,0,c08d1dae,3,f,0,0,0,00000004,3,1,0,0,1,"No Read Addr Cmds","No Read Addr Cmds","No Write Addr Cmds","No Write Addr Cmds","No Write Responses","No Write Responses","_","_","_","_","_","_","_","_","No Write Data Beats","No Write Data Beats"
1124,1124,0,0,1,1,0,0,0,8e5ffe20afb76fe31ba56e5faf65c9d2,0,3b9a3d13b8d6963fae1d8dc05a6037b2,0,1,0,1,ff81e4df,ffffffdb,0,1,0,0,0,00000000,"FIXED",3,00,"Data Secure Unprivileged","1 byte",0,0,00000000,"INCR",3,00,"Data Secure Unprivileged","4 bytes",0,0,ff8127fb,"OKAY",00000000,0,2,1,0,0,0,0,0,0,0,2,0,1,4,0,0,1,0,0037e400,"INCR",3,ff,0,"Data Secure Unprivileged",0,"4 bytes",0,00000000,"FIXED",0,00,0,"Data Secure Unprivileged",0,"1 byte",0,"OKAY",0,c08d1dae,"OKAY",00000000,4,2,0,1,0,0,0,0,2,0,1,0,2,1,0,2,1,0,c08d1dae,3,f,0,0,0,00000004,3,1,0,0,1,"No Read Addr Cmds","No Read Addr Cmds","No Write Addr Cmds","No Write Addr Cmds","No Write Responses","No Write Responses","_","_","_","_","_","_","_","_","No Write Data Beats","No Write Data Beats"
1125,1125,0,0,1,1,0,0,0,8e5ffe20afb76fe31ba56e5faf65c9d2,0,3b9a3d13b8d6963fae1d8dc05a6037b2,0,1,0,1,ff81e4df,ffffffdb,0,1,0,0,0,00000000,"FIXED",3,00,"Data Secure Unprivileged","1 byte",0,0,00000000,"INCR",3,00,"Data Secure Unprivileged","4 bytes",0,0,ff8127fb,"OKAY",00000000,0,2,1,0,0,0,0,0,0,0,2,0,1,4,0,0,1,0,0037e400,"INCR",3,ff,0,"Data Secure Unprivileged",0,"4 bytes",0,00000000,"FIXED",0,00,0,"Data Secure Unprivileged",0,"1 byte",0,"OKAY",0,c08d1dae,"OKAY",00000000,4,2,0,1,0,0,0,0,2,0,1,0,2,1,0,2,1,0,c08d1dae,3,f,0,0,0,00000004,3,1,0,0,1,"No Read Addr Cmds","No Read Addr Cmds","No Write Addr Cmds","No Write Addr Cmds","No Write Responses","No Write Responses","_","_","_","_","_","_","_","_","No Write Data Beats","No Write Data Beats"
1126,1126,0,0,1,1,0,0,0,8e5ffe20afb76fe31ba56e5faf65c9d2,0,3b9a3d13b8d6963fae1d8dc05a6037b2,0,1,0,1,ff81e4df,ffffffdb,0,1,0,0,0,00000000,"FIXED",3,00,"Data Secure Unprivileged","1 byte",0,0,00000000,"INCR",3,00,"Data Secure Unprivileged","4 bytes",0,0,ff8127fb,"OKAY",00000000,0,2,1,0,0,0,0,0,0,0,2,0,1,4,0,0,1,0,0037e400,"INCR",3,ff,0,"Data Secure Unprivileged",0,"4 bytes",0,00000000,"FIXED",0,00,0,"Data Secure Unprivileged",0,"1 byte",0,"OKAY",0,c08d1dae,"OKAY",00000000,4,2,0,1,0,0,0,0,2,0,1,0,2,1,0,2,1,0,c08d1dae,3,f,0,0,0,00000004,3,1,0,0,1,"No Read Addr Cmds","No Read Addr Cmds","No Write Addr Cmds","No Write Addr Cmds","No Write Responses","No Write Responses","_","_","_","_","_","_","_","_","No Write Data Beats","No Write Data Beats"
1127,1127,0,0,1,1,0,0,0,8e5ffe20afb76fe31ba56e5faf65c9d2,0,3b9a3d13b8d6963fae1d8dc05a6037b2,0,1,0,0,ff81e4df,ffffffdb,0,1,0,0,0,00000000,"FIXED",3,00,"Data Secure Unprivileged","1 byte",0,0,00000000,"INCR",3,00,"Data Secure Unprivileged","4 bytes",0,0,ff8127fb,"OKAY",00000000,0,2,1,0,0,0,0,0,0,0,2,0,1,4,0,0,1,0,0037e400,"INCR",3,ff,0,"Data Secure Unprivileged",0,"4 bytes",0,00000000,"FIXED",0,00,0,"Data Secure Unprivileged",0,"1 byte",0,"OKAY",0,c08d1dae,"OKAY",00000000,4,2,0,1,0,0,0,0,2,0,1,0,2,1,0,2,1,0,c08d1dae,3,f,0,0,0,00000004,3,1,0,0,1,"No Read Addr Cmds","No Read Addr Cmds","No Write Addr Cmds","No Write Addr Cmds","No Write Responses","No Write Responses","_","_","_","_","_","_","_","_","No Write Data Beats","No Write Data Beats"
1128,1128,0,0,1,1,0,0,0,8e5ffe20afb76fe31ba56e5faf65c9d2,0,3b9a3d13b8d6963fae1d8dc05a6037b2,0,1,0,1,ff81e4df,ffffffdb,0,1,0,0,0,00000000,"FIXED",3,00,"Data Secure Unprivileged","1 byte",0,0,00000000,"INCR",3,00,"Data Secure Unprivileged","4 bytes",0,0,ff8127fb,"OKAY",00000000,0,2,1,0,0,0,0,0,0,0,2,0,1,4,0,0,1,0,0037e400,"INCR",3,ff,0,"Data Secure Unprivileged",0,"4 bytes",0,00000000,"FIXED",0,00,0,"Data Secure Unprivileged",0,"1 byte",0,"OKAY",0,c08d1dae,"OKAY",00000000,4,2,0,1,0,0,0,0,2,0,1,0,2,1,0,2,1,0,c08d1dae,3,f,0,0,0,00000004,3,1,0,0,1,"No Read Addr Cmds","No Read Addr Cmds","No Write Addr Cmds","No Write Addr Cmds","No Write Responses","No Write Responses","_","_","_","_","_","_","_","_","No Write Data Beats","No Write Data Beats"
1129,1129,0,0,1,1,0,0,0,8e5ffe20afb76fe31ba56e5faf65c9d2,0,3b9a3d13b8d6963fae1d8dc05a6037b2,0,1,0,1,ff81e4df,ffffffdb,0,1,0,0,0,00000000,"FIXED",3,00,"Data Secure Unprivileged","1 byte",0,0,00000000,"INCR",3,00,"Data Secure Unprivileged","4 bytes",0,0,ff8127fb,"OKAY",00000000,0,2,1,0,0,0,0,0,0,0,2,0,1,4,0,0,1,0,0037e400,"INCR",3,ff,0,"Data Secure Unprivileged",0,"4 bytes",0,00000000,"FIXED",0,00,0,"Data Secure Unprivileged",0,"1 byte",0,"OKAY",0,c08d1dae,"OKAY",00000000,4,2,0,1,0,0,0,0,2,0,1,0,2,1,0,2,1,0,c08d1dae,3,f,0,0,0,00000004,3,1,0,0,1,"No Read Addr Cmds","No Read Addr Cmds","No Write Addr Cmds","No Write Addr Cmds","No Write Responses","No Write Responses","_","_","_","_","_","_","_","_","No Write Data Beats","No Write Data Beats"
1130,1130,0,0,1,1,0,0,0,8e5ffe20afb76fe31ba56e5faf65c9d2,0,3b9a3d13b8d6963fae1d8dc05a6037b2,0,1,0,1,ff81e4df,ffffffdb,0,1,0,0,0,00000000,"FIXED",3,00,"Data Secure Unprivileged","1 byte",0,0,00000000,"INCR",3,00,"Data Secure Unprivileged","4 bytes",0,0,ff8127fb,"OKAY",00000000,0,2,1,0,0,0,0,0,0,0,2,0,1,4,0,0,1,0,0037e400,"INCR",3,ff,0,"Data Secure Unprivileged",0,"4 bytes",0,00000000,"FIXED",0,00,0,"Data Secure Unprivileged",0,"1 byte",0,"OKAY",0,c08d1dae,"OKAY",00000000,4,2,0,1,0,0,0,0,2,0,1,0,2,1,0,2,1,0,c08d1dae,3,f,0,0,0,00000004,3,1,0,0,1,"No Read Addr Cmds","No Read Addr Cmds","No Write Addr Cmds","No Write Addr Cmds","No Write Responses","No Write Responses","_","_","_","_","_","_","_","_","No Write Data Beats","No Write Data Beats"
1131,1131,0,0,1,1,0,0,0,8e5ffe20afb76fe31ba56e5faf65c9d2,0,3b9a3d13b8d6963fae1d8dc05a6037b2,0,1,0,1,ff81e4df,ffffffdb,0,1,0,0,0,00000000,"FIXED",3,00,"Data Secure Unprivileged","1 byte",0,0,00000000,"INCR",3,00,"Data Secure Unprivileged","4 bytes",0,0,ff8127fb,"OKAY",00000000,0,2,1,0,0,0,0,0,0,0,2,0,1,4,0,0,1,0,0037e400,"INCR",3,ff,0,"Data Secure Unprivileged",0,"4 bytes",0,00000000,"FIXED",0,00,0,"Data Secure Unprivileged",0,"1 byte",0,"OKAY",0,c08d1dae,"OKAY",00000000,4,2,0,1,0,0,0,0,2,0,1,0,2,1,0,2,1,0,c08d1dae,3,f,0,0,0,00000004,3,1,0,0,1,"No Read Addr Cmds","No Read Addr Cmds","No Write Addr Cmds","No Write Addr Cmds","No Write Responses","No Write Responses","_","_","_","_","_","_","_","_","No Write Data Beats","No Write Data Beats"
1132,1132,0,0,1,1,0,0,0,8e5ffe20afb76fe31ba56e5faf65c9d2,0,3b9a3d13b8d6963fae1d8dc05a6037b2,0,1,0,1,ff81e4df,ffffffdb,0,1,0,0,0,00000000,"FIXED",3,00,"Data Secure Unprivileged","1 byte",0,0,00000000,"INCR",3,00,"Data Secure Unprivileged","4 bytes",0,0,ff8127fb,"OKAY",00000000,0,2,1,0,0,0,0,0,0,0,2,0,1,4,0,0,1,0,0037e400,"INCR",3,ff,0,"Data Secure Unprivileged",0,"4 bytes",0,00000000,"FIXED",0,00,0,"Data Secure Unprivileged",0,"1 byte",0,"OKAY",0,c08d1dae,"OKAY",00000000,4,2,0,1,0,0,0,0,2,0,1,0,2,1,0,2,1,0,c08d1dae,3,f,0,0,0,00000004,3,1,0,0,1,"No Read Addr Cmds","No Read Addr Cmds","No Write Addr Cmds","No Write Addr Cmds","No Write Responses","No Write Responses","_","_","_","_","_","_","_","_","No Write Data Beats","No Write Data Beats"
1133,1133,0,0,1,1,0,0,0,8e5ffe20afb76fe31ba56e5faf65c9d2,0,3b9a3d13b8d6963fae1d8dc05a6037b2,0,1,0,1,ff81e4df,ffffffdb,0,1,0,0,0,00000000,"FIXED",3,00,"Data Secure Unprivileged","1 byte",0,0,00000000,"INCR",3,00,"Data Secure Unprivileged","4 bytes",0,0,ff8127fb,"OKAY",00000000,0,2,1,0,0,0,0,0,0,0,2,0,1,4,0,0,1,0,0037e400,"INCR",3,ff,0,"Data Secure Unprivileged",0,"4 bytes",0,00000000,"FIXED",0,00,0,"Data Secure Unprivileged",0,"1 byte",0,"OKAY",0,c08d1dae,"OKAY",00000000,4,2,0,1,0,0,0,0,2,0,1,0,2,1,0,2,1,0,c08d1dae,3,f,0,0,0,00000004,3,1,0,0,1,"No Read Addr Cmds","No Read Addr Cmds","No Write Addr Cmds","No Write Addr Cmds","No Write Responses","No Write Responses","_","_","_","_","_","_","_","_","No Write Data Beats","No Write Data Beats"
1134,1134,0,0,1,1,0,0,0,8e5ffe20afb76fe31ba56e5faf65c9d2,0,3b9a3d13b8d6963fae1d8dc05a6037b2,0,1,0,1,ff81e4df,ffffffdb,0,1,0,0,0,00000000,"FIXED",3,00,"Data Secure Unprivileged","1 byte",0,0,00000000,"INCR",3,00,"Data Secure Unprivileged","4 bytes",0,0,ff8127fb,"OKAY",00000000,0,2,1,0,0,0,0,0,0,0,2,0,1,4,0,0,1,0,0037e400,"INCR",3,ff,0,"Data Secure Unprivileged",0,"4 bytes",0,00000000,"FIXED",0,00,0,"Data Secure Unprivileged",0,"1 byte",0,"OKAY",0,c08d1dae,"OKAY",00000000,4,2,0,1,0,0,0,0,2,0,1,0,2,1,0,2,1,0,c08d1dae,3,f,0,0,0,00000004,3,1,0,0,1,"No Read Addr Cmds","No Read Addr Cmds","No Write Addr Cmds","No Write Addr Cmds","No Write Responses","No Write Responses","_","_","_","_","_","_","_","_","No Write Data Beats","No Write Data Beats"
1135,1135,0,0,1,1,0,0,0,8e5ffe20afb76fe31ba56e5faf65c9d2,0,3b9a3d13b8d6963fae1d8dc05a6037b2,0,1,0,1,ff81e4df,ffffffdb,0,1,0,0,0,00000000,"FIXED",3,00,"Data Secure Unprivileged","1 byte",0,0,00000000,"INCR",3,00,"Data Secure Unprivileged","4 bytes",0,0,ff8127fb,"OKAY",00000000,0,2,1,0,0,0,0,0,0,0,2,0,1,4,0,0,1,0,0037e400,"INCR",3,ff,0,"Data Secure Unprivileged",0,"4 bytes",0,00000000,"FIXED",0,00,0,"Data Secure Unprivileged",0,"1 byte",0,"OKAY",0,c08d1dae,"OKAY",00000000,4,2,0,1,0,0,0,0,2,0,1,0,2,1,0,2,1,0,c08d1dae,3,f,0,0,0,00000004,3,1,0,0,1,"No Read Addr Cmds","No Read Addr Cmds","No Write Addr Cmds","No Write Addr Cmds","No Write Responses","No Write Responses","_","_","_","_","_","_","_","_","No Write Data Beats","No Write Data Beats"
1136,1136,0,0,1,1,0,0,0,8e5ffe20afb76fe31ba56e5faf65c9d2,0,3b9a3d13b8d6963fae1d8dc05a6037b2,0,1,0,1,ff81e4df,ffffffdb,0,1,0,0,0,00000000,"FIXED",3,00,"Data Secure Unprivileged","1 byte",0,0,00000000,"INCR",3,00,"Data Secure Unprivileged","4 bytes",0,0,ff8127fb,"OKAY",00000000,0,2,1,0,0,0,0,0,0,0,2,0,1,4,0,0,1,0,0037e400,"INCR",3,ff,0,"Data Secure Unprivileged",0,"4 bytes",0,00000000,"FIXED",0,00,0,"Data Secure Unprivileged",0,"1 byte",0,"OKAY",0,c08d1dae,"OKAY",00000000,4,2,0,1,0,0,0,0,2,0,1,0,2,1,0,2,1,0,c08d1dae,3,f,0,0,0,00000004,3,1,0,0,1,"No Read Addr Cmds","No Read Addr Cmds","No Write Addr Cmds","No Write Addr Cmds","No Write Responses","No Write Responses","_","_","_","_","_","_","_","_","No Write Data Beats","No Write Data Beats"
1137,1137,0,0,1,1,0,0,0,8e5ffe20afb76fe31ba56e5faf65c9d2,0,3b9a3d13b8d6963fae1d8dc05a6037b2,0,1,0,1,ff81e4df,ffffffdb,0,1,0,0,0,00000000,"FIXED",3,00,"Data Secure Unprivileged","1 byte",0,0,00000000,"INCR",3,00,"Data Secure Unprivileged","4 bytes",0,0,ff8127fb,"OKAY",00000000,0,2,1,0,0,0,0,0,0,0,2,0,1,4,0,0,1,0,0037e400,"INCR",3,ff,0,"Data Secure Unprivileged",0,"4 bytes",0,00000000,"FIXED",0,00,0,"Data Secure Unprivileged",0,"1 byte",0,"OKAY",0,c08d1dae,"OKAY",00000000,4,2,0,1,0,0,0,0,2,0,1,0,2,1,0,2,1,0,c08d1dae,3,f,0,0,0,00000004,3,1,0,0,1,"No Read Addr Cmds","No Read Addr Cmds","No Write Addr Cmds","No Write Addr Cmds","No Write Responses","No Write Responses","_","_","_","_","_","_","_","_","No Write Data Beats","No Write Data Beats"
1138,1138,0,0,1,1,0,0,0,8e5ffe20afb76fe31ba56e5faf65c9d2,0,3b9a3d13b8d6963fae1d8dc05a6037b2,0,1,0,1,ff81e4df,ffffffdb,0,1,0,0,0,00000000,"FIXED",3,00,"Data Secure Unprivileged","1 byte",0,0,00000000,"INCR",3,00,"Data Secure Unprivileged","4 bytes",0,0,ff8127fb,"OKAY",00000000,0,2,1,0,0,0,0,0,0,0,2,0,1,4,0,0,1,0,0037e400,"INCR",3,ff,0,"Data Secure Unprivileged",0,"4 bytes",0,00000000,"FIXED",0,00,0,"Data Secure Unprivileged",0,"1 byte",0,"OKAY",0,c08d1dae,"OKAY",00000000,4,2,0,1,0,0,0,0,2,0,1,0,2,1,0,2,1,0,c08d1dae,3,f,0,0,0,00000004,3,1,0,0,1,"No Read Addr Cmds","No Read Addr Cmds","No Write Addr Cmds","No Write Addr Cmds","No Write Responses","No Write Responses","_","_","_","_","_","_","_","_","No Write Data Beats","No Write Data Beats"
1139,1139,0,0,1,1,0,0,0,8e5ffe20afb76fe31ba56e5faf65c9d2,0,3b9a3d13b8d6963fae1d8dc05a6037b2,0,1,0,1,ff81e4df,ffffffdb,0,1,0,0,0,00000000,"FIXED",3,00,"Data Secure Unprivileged","1 byte",0,0,00000000,"INCR",3,00,"Data Secure Unprivileged","4 bytes",0,0,ff8127fb,"OKAY",00000000,0,2,1,0,0,0,0,0,0,0,2,0,1,4,0,0,1,0,0037e400,"INCR",3,ff,0,"Data Secure Unprivileged",0,"4 bytes",0,00000000,"FIXED",0,00,0,"Data Secure Unprivileged",0,"1 byte",0,"OKAY",0,c08d1dae,"OKAY",00000000,4,2,0,1,0,0,0,0,2,0,1,0,2,1,0,2,1,0,c08d1dae,3,f,0,0,0,00000004,3,1,0,0,1,"No Read Addr Cmds","No Read Addr Cmds","No Write Addr Cmds","No Write Addr Cmds","No Write Responses","No Write Responses","_","_","_","_","_","_","_","_","No Write Data Beats","No Write Data Beats"
1140,1140,0,0,1,1,0,0,0,8e5ffe20afb76fe31ba56e5faf65c9d2,0,3b9a3d13b8d6963fae1d8dc05a6037b2,0,1,0,1,ff81e4df,ffffffdb,0,1,0,0,0,00000000,"FIXED",3,00,"Data Secure Unprivileged","1 byte",0,0,00000000,"INCR",3,00,"Data Secure Unprivileged","4 bytes",0,0,ff8127fb,"OKAY",00000000,0,2,1,0,0,0,0,0,0,0,2,0,1,4,0,0,1,0,0037e400,"INCR",3,ff,0,"Data Secure Unprivileged",0,"4 bytes",0,00000000,"FIXED",0,00,0,"Data Secure Unprivileged",0,"1 byte",0,"OKAY",0,c08d1dae,"OKAY",00000000,4,2,0,1,0,0,0,0,2,0,1,0,2,1,0,2,1,0,c08d1dae,3,f,0,0,0,00000004,3,1,0,0,1,"No Read Addr Cmds","No Read Addr Cmds","No Write Addr Cmds","No Write Addr Cmds","No Write Responses","No Write Responses","_","_","_","_","_","_","_","_","No Write Data Beats","No Write Data Beats"
1141,1141,0,0,1,1,0,0,0,8e5ffe20afb76fe31ba56e5faf65c9d2,0,3b9a3d13b8d6963fae1d8dc05a6037b2,0,1,0,1,ff81e4df,ffffffdb,0,1,0,0,0,00000000,"FIXED",3,00,"Data Secure Unprivileged","1 byte",0,0,00000000,"INCR",3,00,"Data Secure Unprivileged","4 bytes",0,0,ff8127fb,"OKAY",00000000,0,2,1,0,0,0,0,0,0,0,2,0,1,4,0,0,1,0,0037e400,"INCR",3,ff,0,"Data Secure Unprivileged",0,"4 bytes",0,00000000,"FIXED",0,00,0,"Data Secure Unprivileged",0,"1 byte",0,"OKAY",0,c08d1dae,"OKAY",00000000,4,2,0,1,0,0,0,0,2,0,1,0,2,1,0,2,1,0,c08d1dae,3,f,0,0,0,00000004,3,1,0,0,1,"No Read Addr Cmds","No Read Addr Cmds","No Write Addr Cmds","No Write Addr Cmds","No Write Responses","No Write Responses","_","_","_","_","_","_","_","_","No Write Data Beats","No Write Data Beats"
1142,1142,0,0,1,1,0,0,0,8e5ffe20afb76fe31ba56e5faf65c9d2,0,3b9a3d13b8d6963fae1d8dc05a6037b2,0,1,0,1,ff81e4df,ffffffdb,0,1,0,0,0,00000000,"FIXED",3,00,"Data Secure Unprivileged","1 byte",0,0,00000000,"INCR",3,00,"Data Secure Unprivileged","4 bytes",0,0,ff8127fb,"OKAY",00000000,0,2,1,0,0,0,0,0,0,0,2,0,1,4,0,0,1,0,0037e400,"INCR",3,ff,0,"Data Secure Unprivileged",0,"4 bytes",0,00000000,"FIXED",0,00,0,"Data Secure Unprivileged",0,"1 byte",0,"OKAY",0,c08d1dae,"OKAY",00000000,4,2,0,1,0,0,0,0,2,0,1,0,2,1,0,2,1,0,c08d1dae,3,f,0,0,0,00000004,3,1,0,0,1,"No Read Addr Cmds","No Read Addr Cmds","No Write Addr Cmds","No Write Addr Cmds","No Write Responses","No Write Responses","_","_","_","_","_","_","_","_","No Write Data Beats","No Write Data Beats"
1143,1143,0,0,1,1,0,0,0,8e5ffe20afb76fe31ba56e5faf65c9d2,0,3b9a3d13b8d6963fae1d8dc05a6037b2,0,1,0,1,ff81e4df,ffffffdb,0,1,0,0,0,00000000,"FIXED",3,00,"Data Secure Unprivileged","1 byte",0,0,00000000,"INCR",3,00,"Data Secure Unprivileged","4 bytes",0,0,ff8127fb,"OKAY",00000000,0,2,1,0,0,0,0,0,0,0,2,0,1,4,0,0,1,0,0037e400,"INCR",3,ff,0,"Data Secure Unprivileged",0,"4 bytes",0,00000000,"FIXED",0,00,0,"Data Secure Unprivileged",0,"1 byte",0,"OKAY",0,c08d1dae,"OKAY",00000000,4,2,0,1,0,0,0,0,2,0,1,0,2,1,0,2,1,0,c08d1dae,3,f,0,0,0,00000004,3,1,0,0,1,"No Read Addr Cmds","No Read Addr Cmds","No Write Addr Cmds","No Write Addr Cmds","No Write Responses","No Write Responses","_","_","_","_","_","_","_","_","No Write Data Beats","No Write Data Beats"
1144,1144,0,0,1,1,0,0,0,8e5ffe20afb76fe31ba56e5faf65c9d2,0,3b9a3d13b8d6963fae1d8dc05a6037b2,0,1,0,1,ff81e4df,ffffffdb,0,1,0,0,0,00000000,"FIXED",3,00,"Data Secure Unprivileged","1 byte",0,0,00000000,"INCR",3,00,"Data Secure Unprivileged","4 bytes",0,0,ff8127fb,"OKAY",00000000,0,2,1,0,0,0,0,0,0,0,2,0,1,4,0,0,1,0,0037e400,"INCR",3,ff,0,"Data Secure Unprivileged",0,"4 bytes",0,00000000,"FIXED",0,00,0,"Data Secure Unprivileged",0,"1 byte",0,"OKAY",0,c08d1dae,"OKAY",00000000,4,2,0,1,0,0,0,0,2,0,1,0,2,1,0,2,1,0,c08d1dae,3,f,0,0,0,00000004,3,1,0,0,1,"No Read Addr Cmds","No Read Addr Cmds","No Write Addr Cmds","No Write Addr Cmds","No Write Responses","No Write Responses","_","_","_","_","_","_","_","_","No Write Data Beats","No Write Data Beats"
1145,1145,0,0,1,1,0,0,0,8e5ffe20afb76fe31ba56e5faf65c9d2,0,3b9a3d13b8d6963fae1d8dc05a6037b2,0,1,0,1,ff81e4df,ffffffdb,0,1,0,0,0,00000000,"FIXED",3,00,"Data Secure Unprivileged","1 byte",0,0,00000000,"INCR",3,00,"Data Secure Unprivileged","4 bytes",0,0,ff8127fb,"OKAY",00000000,0,2,1,0,0,0,0,0,0,0,2,0,1,4,0,0,1,0,0037e400,"INCR",3,ff,0,"Data Secure Unprivileged",0,"4 bytes",0,00000000,"FIXED",0,00,0,"Data Secure Unprivileged",0,"1 byte",0,"OKAY",0,c08d1dae,"OKAY",00000000,4,2,0,1,0,0,0,0,2,0,1,0,2,1,0,2,1,0,c08d1dae,3,f,0,0,0,00000004,3,1,0,0,1,"No Read Addr Cmds","No Read Addr Cmds","No Write Addr Cmds","No Write Addr Cmds","No Write Responses","No Write Responses","_","_","_","_","_","_","_","_","No Write Data Beats","No Write Data Beats"
1146,1146,0,0,1,1,0,0,0,8e5ffe20afb76fe31ba56e5faf65c9d2,0,3b9a3d13b8d6963fae1d8dc05a6037b2,0,1,0,1,ff81e4df,ffffffdb,0,1,0,0,0,00000000,"FIXED",3,00,"Data Secure Unprivileged","1 byte",0,0,00000000,"INCR",3,00,"Data Secure Unprivileged","4 bytes",0,0,ff8127fb,"OKAY",00000000,0,2,1,0,0,0,0,0,0,0,2,0,1,4,0,0,1,0,0037e400,"INCR",3,ff,0,"Data Secure Unprivileged",0,"4 bytes",0,00000000,"FIXED",0,00,0,"Data Secure Unprivileged",0,"1 byte",0,"OKAY",0,c08d1dae,"OKAY",00000000,4,2,0,1,0,0,0,0,2,0,1,0,2,1,0,2,1,0,c08d1dae,3,f,0,0,0,00000004,3,1,0,0,1,"No Read Addr Cmds","No Read Addr Cmds","No Write Addr Cmds","No Write Addr Cmds","No Write Responses","No Write Responses","_","_","_","_","_","_","_","_","No Write Data Beats","No Write Data Beats"
1147,1147,0,0,1,1,0,0,0,8e5ffe20afb76fe31ba56e5faf65c9d2,0,3b9a3d13b8d6963fae1d8dc05a6037b2,0,1,0,1,ff81e4df,ffffffdb,0,1,0,0,0,00000000,"FIXED",3,00,"Data Secure Unprivileged","1 byte",0,0,00000000,"INCR",3,00,"Data Secure Unprivileged","4 bytes",0,0,ff8127fb,"OKAY",00000000,0,2,1,0,0,0,0,0,0,0,2,0,1,4,0,0,1,0,0037e400,"INCR",3,ff,0,"Data Secure Unprivileged",0,"4 bytes",0,00000000,"FIXED",0,00,0,"Data Secure Unprivileged",0,"1 byte",0,"OKAY",0,c08d1dae,"OKAY",00000000,4,2,0,1,0,0,0,0,2,0,1,0,2,1,0,2,1,0,c08d1dae,3,f,0,0,0,00000004,3,1,0,0,1,"No Read Addr Cmds","No Read Addr Cmds","No Write Addr Cmds","No Write Addr Cmds","No Write Responses","No Write Responses","_","_","_","_","_","_","_","_","No Write Data Beats","No Write Data Beats"
1148,1148,0,0,1,1,0,0,0,8e5ffe20afb76fe31ba56e5faf65c9d2,0,3b9a3d13b8d6963fae1d8dc05a6037b2,0,1,0,1,ff81e4df,ffffffdb,0,1,0,0,0,00000000,"FIXED",3,00,"Data Secure Unprivileged","1 byte",0,0,00000000,"INCR",3,00,"Data Secure Unprivileged","4 bytes",0,0,ff8127fb,"OKAY",00000000,0,2,1,0,0,0,0,0,0,0,2,0,1,4,0,0,1,0,0037e400,"INCR",3,ff,0,"Data Secure Unprivileged",0,"4 bytes",0,00000000,"FIXED",0,00,0,"Data Secure Unprivileged",0,"1 byte",0,"OKAY",0,c08d1dae,"OKAY",00000000,4,2,0,1,0,0,0,0,2,0,1,0,2,1,0,2,1,0,c08d1dae,3,f,0,0,0,00000004,3,1,0,0,1,"No Read Addr Cmds","No Read Addr Cmds","No Write Addr Cmds","No Write Addr Cmds","No Write Responses","No Write Responses","_","_","_","_","_","_","_","_","No Write Data Beats","No Write Data Beats"
1149,1149,0,0,1,1,0,0,0,8e5ffe20afb76fe31ba56e5faf65c9d2,0,3b9a3d13b8d6963fae1d8dc05a6037b2,0,1,0,1,ff81e4df,ffffffdb,0,1,0,0,0,00000000,"FIXED",3,00,"Data Secure Unprivileged","1 byte",0,0,00000000,"INCR",3,00,"Data Secure Unprivileged","4 bytes",0,0,ff8127fb,"OKAY",00000000,0,2,1,0,0,0,0,0,0,0,2,0,1,4,0,0,1,0,0037e400,"INCR",3,ff,0,"Data Secure Unprivileged",0,"4 bytes",0,00000000,"FIXED",0,00,0,"Data Secure Unprivileged",0,"1 byte",0,"OKAY",0,c08d1dae,"OKAY",00000000,4,2,0,1,0,0,0,0,2,0,1,0,2,1,0,2,1,0,c08d1dae,3,f,0,0,0,00000004,3,1,0,0,1,"No Read Addr Cmds","No Read Addr Cmds","No Write Addr Cmds","No Write Addr Cmds","No Write Responses","No Write Responses","_","_","_","_","_","_","_","_","No Write Data Beats","No Write Data Beats"
1150,1150,0,0,1,1,0,0,0,8e5ffe20afb76fe31ba56e5faf65c9d2,0,3b9a3d13b8d6963fae1d8dc05a6037b2,0,1,0,1,ff81e4df,ffffffdb,0,1,0,0,0,00000000,"FIXED",3,00,"Data Secure Unprivileged","1 byte",0,0,00000000,"INCR",3,00,"Data Secure Unprivileged","4 bytes",0,0,ff8127fb,"OKAY",00000000,0,2,1,0,0,0,0,0,0,0,2,0,1,4,0,0,1,0,0037e400,"INCR",3,ff,0,"Data Secure Unprivileged",0,"4 bytes",0,00000000,"FIXED",0,00,0,"Data Secure Unprivileged",0,"1 byte",0,"OKAY",0,c08d1dae,"OKAY",00000000,4,2,0,1,0,0,0,0,2,0,1,0,2,1,0,2,1,0,c08d1dae,3,f,0,0,0,00000004,3,1,0,0,1,"No Read Addr Cmds","No Read Addr Cmds","No Write Addr Cmds","No Write Addr Cmds","No Write Responses","No Write Responses","_","_","_","_","_","_","_","_","No Write Data Beats","No Write Data Beats"
1151,1151,0,0,1,1,0,0,0,8e5ffe20afb76fe31ba56e5faf65c9d2,0,3b9a3d13b8d6963fae1d8dc05a6037b2,0,1,0,1,ff81e4df,ffffffdb,0,1,0,0,0,00000000,"FIXED",3,00,"Data Secure Unprivileged","1 byte",0,0,00000000,"INCR",3,00,"Data Secure Unprivileged","4 bytes",0,0,ff8127fb,"OKAY",00000000,0,2,1,0,0,0,0,0,0,0,2,0,1,4,0,0,1,0,0037e400,"INCR",3,ff,0,"Data Secure Unprivileged",0,"4 bytes",0,00000000,"FIXED",0,00,0,"Data Secure Unprivileged",0,"1 byte",0,"OKAY",0,c08d1dae,"OKAY",00000000,4,2,0,1,0,0,0,0,2,0,1,0,2,1,0,2,1,0,c08d1dae,3,f,0,0,0,00000004,3,1,0,0,1,"No Read Addr Cmds","No Read Addr Cmds","No Write Addr Cmds","No Write Addr Cmds","No Write Responses","No Write Responses","_","_","_","_","_","_","_","_","No Write Data Beats","No Write Data Beats"
1152,1152,0,0,1,1,0,0,0,8e5ffe20afb76fe31ba56e5faf65c9d2,0,3b9a3d13b8d6963fae1d8dc05a6037b2,0,1,0,1,ff81e4df,ffffffdb,0,1,0,0,0,00000000,"FIXED",3,00,"Data Secure Unprivileged","1 byte",0,0,00000000,"INCR",3,00,"Data Secure Unprivileged","4 bytes",0,0,ff8127fb,"OKAY",00000000,0,2,1,0,0,0,0,0,0,0,2,0,1,4,0,0,1,0,0037e400,"INCR",3,ff,0,"Data Secure Unprivileged",0,"4 bytes",0,00000000,"FIXED",0,00,0,"Data Secure Unprivileged",0,"1 byte",0,"OKAY",0,c08d1dae,"OKAY",00000000,4,2,0,1,0,0,0,0,2,0,1,0,2,1,0,2,1,0,c08d1dae,3,f,0,0,0,00000004,3,1,0,0,1,"No Read Addr Cmds","No Read Addr Cmds","No Write Addr Cmds","No Write Addr Cmds","No Write Responses","No Write Responses","_","_","_","_","_","_","_","_","No Write Data Beats","No Write Data Beats"
1153,1153,0,0,1,1,0,0,0,8e5ffe20afb76fe31ba56e5faf65c9d2,0,3b9a3d13b8d6963fae1d8dc05a6037b2,0,1,0,1,ff81e4df,ffffffdb,0,1,0,0,0,00000000,"FIXED",3,00,"Data Secure Unprivileged","1 byte",0,0,00000000,"INCR",3,00,"Data Secure Unprivileged","4 bytes",0,0,ff8127fb,"OKAY",00000000,0,2,1,0,0,0,0,0,0,0,2,0,1,4,0,0,1,0,0037e400,"INCR",3,ff,0,"Data Secure Unprivileged",0,"4 bytes",0,00000000,"FIXED",0,00,0,"Data Secure Unprivileged",0,"1 byte",0,"OKAY",0,c08d1dae,"OKAY",00000000,4,2,0,1,0,0,0,0,2,0,1,0,2,1,0,2,1,0,c08d1dae,3,f,0,0,0,00000004,3,1,0,0,1,"No Read Addr Cmds","No Read Addr Cmds","No Write Addr Cmds","No Write Addr Cmds","No Write Responses","No Write Responses","_","_","_","_","_","_","_","_","No Write Data Beats","No Write Data Beats"
1154,1154,0,0,1,1,0,0,0,8e5ffe20afb76fe31ba56e5faf65c9d2,0,3b9a3d13b8d6963fae1d8dc05a6037b2,0,1,0,1,ff81e4df,ffffffdb,0,1,0,0,0,00000000,"FIXED",3,00,"Data Secure Unprivileged","1 byte",0,0,00000000,"INCR",3,00,"Data Secure Unprivileged","4 bytes",0,0,ff8127fb,"OKAY",00000000,0,2,1,0,0,0,0,0,0,0,2,0,1,4,0,0,1,0,0037e400,"INCR",3,ff,0,"Data Secure Unprivileged",0,"4 bytes",0,00000000,"FIXED",0,00,0,"Data Secure Unprivileged",0,"1 byte",0,"OKAY",0,c08d1dae,"OKAY",00000000,4,2,0,1,0,0,0,0,2,0,1,0,2,1,0,2,1,0,c08d1dae,3,f,0,0,0,00000004,3,1,0,0,1,"No Read Addr Cmds","No Read Addr Cmds","No Write Addr Cmds","No Write Addr Cmds","No Write Responses","No Write Responses","_","_","_","_","_","_","_","_","No Write Data Beats","No Write Data Beats"
1155,1155,0,0,1,1,0,0,0,8e5ffe20afb76fe31ba56e5faf65c9d2,0,3b9a3d13b8d6963fae1d8dc05a6037b2,0,1,0,1,ff81e4df,ffffffdb,0,1,0,0,0,00000000,"FIXED",3,00,"Data Secure Unprivileged","1 byte",0,0,00000000,"INCR",3,00,"Data Secure Unprivileged","4 bytes",0,0,ff8127fb,"OKAY",00000000,0,2,1,0,0,0,0,0,0,0,2,0,1,4,0,0,1,0,0037e400,"INCR",3,ff,0,"Data Secure Unprivileged",0,"4 bytes",0,00000000,"FIXED",0,00,0,"Data Secure Unprivileged",0,"1 byte",0,"OKAY",0,c08d1dae,"OKAY",00000000,4,2,0,1,0,0,0,0,2,0,1,0,2,1,0,2,1,0,c08d1dae,3,f,0,0,0,00000004,3,1,0,0,1,"No Read Addr Cmds","No Read Addr Cmds","No Write Addr Cmds","No Write Addr Cmds","No Write Responses","No Write Responses","_","_","_","_","_","_","_","_","No Write Data Beats","No Write Data Beats"
1156,1156,0,0,1,1,0,0,0,8e5ffe20afb76fe31ba56e5faf65c9d2,0,3b9a3d13b8d6963fae1d8dc05a6037b2,0,1,0,1,ff81e4df,ffffffdb,0,1,0,0,0,00000000,"FIXED",3,00,"Data Secure Unprivileged","1 byte",0,0,00000000,"INCR",3,00,"Data Secure Unprivileged","4 bytes",0,0,ff8127fb,"OKAY",00000000,0,2,1,0,0,0,0,0,0,0,2,0,1,4,0,0,1,0,0037e400,"INCR",3,ff,0,"Data Secure Unprivileged",0,"4 bytes",0,00000000,"FIXED",0,00,0,"Data Secure Unprivileged",0,"1 byte",0,"OKAY",0,c08d1dae,"OKAY",00000000,4,2,0,1,0,0,0,0,2,0,1,0,2,1,0,2,1,0,c08d1dae,3,f,0,0,0,00000004,3,1,0,0,1,"No Read Addr Cmds","No Read Addr Cmds","No Write Addr Cmds","No Write Addr Cmds","No Write Responses","No Write Responses","_","_","_","_","_","_","_","_","No Write Data Beats","No Write Data Beats"
1157,1157,0,0,1,1,0,0,0,8e5ffe20afb76fe31ba56e5faf65c9d2,0,3b9a3d13b8d6963fae1d8dc05a6037b2,0,1,0,1,ff81e4df,ffffffdb,0,1,0,0,0,00000000,"FIXED",3,00,"Data Secure Unprivileged","1 byte",0,0,00000000,"INCR",3,00,"Data Secure Unprivileged","4 bytes",0,0,ff8127fb,"OKAY",00000000,0,2,1,0,0,0,0,0,0,0,2,0,1,4,0,0,1,0,0037e400,"INCR",3,ff,0,"Data Secure Unprivileged",0,"4 bytes",0,00000000,"FIXED",0,00,0,"Data Secure Unprivileged",0,"1 byte",0,"OKAY",0,c08d1dae,"OKAY",00000000,4,2,0,1,0,0,0,0,2,0,1,0,2,1,0,2,1,0,c08d1dae,3,f,0,0,0,00000004,3,1,0,0,1,"No Read Addr Cmds","No Read Addr Cmds","No Write Addr Cmds","No Write Addr Cmds","No Write Responses","No Write Responses","_","_","_","_","_","_","_","_","No Write Data Beats","No Write Data Beats"
1158,1158,0,0,1,1,0,0,0,8e5ffe20afb76fe31ba56e5faf65c9d2,0,3b9a3d13b8d6963fae1d8dc05a6037b2,0,1,0,1,ff81e4df,ffffffdb,0,1,0,0,0,00000000,"FIXED",3,00,"Data Secure Unprivileged","1 byte",0,0,00000000,"INCR",3,00,"Data Secure Unprivileged","4 bytes",0,0,ff8127fb,"OKAY",00000000,0,2,1,0,0,0,0,0,0,0,2,0,1,4,0,0,1,0,0037e400,"INCR",3,ff,0,"Data Secure Unprivileged",0,"4 bytes",0,00000000,"FIXED",0,00,0,"Data Secure Unprivileged",0,"1 byte",0,"OKAY",0,c08d1dae,"OKAY",00000000,4,2,0,1,0,0,0,0,2,0,1,0,2,1,0,2,1,0,c08d1dae,3,f,0,0,0,00000004,3,1,0,0,1,"No Read Addr Cmds","No Read Addr Cmds","No Write Addr Cmds","No Write Addr Cmds","No Write Responses","No Write Responses","_","_","_","_","_","_","_","_","No Write Data Beats","No Write Data Beats"
1159,1159,0,0,1,1,0,0,0,8e5ffe20afb76fe31ba56e5faf65c9d2,0,3b9a3d13b8d6963fae1d8dc05a6037b2,0,1,0,1,ff81e4df,ffffffdb,0,1,0,0,0,00000000,"FIXED",3,00,"Data Secure Unprivileged","1 byte",0,0,00000000,"INCR",3,00,"Data Secure Unprivileged","4 bytes",0,0,ff8127fb,"OKAY",00000000,0,2,1,0,0,0,0,0,0,0,2,0,1,4,0,0,1,0,0037e400,"INCR",3,ff,0,"Data Secure Unprivileged",0,"4 bytes",0,00000000,"FIXED",0,00,0,"Data Secure Unprivileged",0,"1 byte",0,"OKAY",0,c08d1dae,"OKAY",00000000,4,2,0,1,0,0,0,0,2,0,1,0,2,1,0,2,1,0,c08d1dae,3,f,0,0,0,00000004,3,1,0,0,1,"No Read Addr Cmds","No Read Addr Cmds","No Write Addr Cmds","No Write Addr Cmds","No Write Responses","No Write Responses","_","_","_","_","_","_","_","_","No Write Data Beats","No Write Data Beats"
1160,1160,0,0,1,1,0,0,0,8e5ffe20afb76fe31ba56e5faf65c9d2,0,3b9a3d13b8d6963fae1d8dc05a6037b2,0,1,0,1,ff81e4df,ffffffdb,0,1,0,0,0,00000000,"FIXED",3,00,"Data Secure Unprivileged","1 byte",0,0,00000000,"INCR",3,00,"Data Secure Unprivileged","4 bytes",0,0,ff8127fb,"OKAY",00000000,0,2,1,0,0,0,0,0,0,0,2,0,1,4,0,0,1,0,0037e400,"INCR",3,ff,0,"Data Secure Unprivileged",0,"4 bytes",0,00000000,"FIXED",0,00,0,"Data Secure Unprivileged",0,"1 byte",0,"OKAY",0,c08d1dae,"OKAY",00000000,4,2,0,1,0,0,0,0,2,0,1,0,2,1,0,2,1,0,c08d1dae,3,f,0,0,0,00000004,3,1,0,0,1,"No Read Addr Cmds","No Read Addr Cmds","No Write Addr Cmds","No Write Addr Cmds","No Write Responses","No Write Responses","_","_","_","_","_","_","_","_","No Write Data Beats","No Write Data Beats"
1161,1161,0,0,1,1,0,0,0,8e5ffe20afb76fe31ba56e5faf65c9d2,0,3b9a3d13b8d6963fae1d8dc05a6037b2,0,1,0,1,ff81e4df,ffffffdb,0,1,0,0,0,00000000,"FIXED",3,00,"Data Secure Unprivileged","1 byte",0,0,00000000,"INCR",3,00,"Data Secure Unprivileged","4 bytes",0,0,ff8127fb,"OKAY",00000000,0,2,1,0,0,0,0,0,0,0,2,0,1,4,0,0,1,0,0037e400,"INCR",3,ff,0,"Data Secure Unprivileged",0,"4 bytes",0,00000000,"FIXED",0,00,0,"Data Secure Unprivileged",0,"1 byte",0,"OKAY",0,c08d1dae,"OKAY",00000000,4,2,0,1,0,0,0,0,2,0,1,0,2,1,0,2,1,0,c08d1dae,3,f,0,0,0,00000004,3,1,0,0,1,"No Read Addr Cmds","No Read Addr Cmds","No Write Addr Cmds","No Write Addr Cmds","No Write Responses","No Write Responses","_","_","_","_","_","_","_","_","No Write Data Beats","No Write Data Beats"
1162,1162,0,0,1,1,0,0,0,8e5ffe20afb76fe31ba56e5faf65c9d2,0,3b9a3d13b8d6963fae1d8dc05a6037b2,0,1,0,1,ff81e4df,ffffffdb,0,1,0,0,0,00000000,"FIXED",3,00,"Data Secure Unprivileged","1 byte",0,0,00000000,"INCR",3,00,"Data Secure Unprivileged","4 bytes",0,0,ff8127fb,"OKAY",00000000,0,2,1,0,0,0,0,0,0,0,2,0,1,4,0,0,1,0,0037e400,"INCR",3,ff,0,"Data Secure Unprivileged",0,"4 bytes",0,00000000,"FIXED",0,00,0,"Data Secure Unprivileged",0,"1 byte",0,"OKAY",0,c08d1dae,"OKAY",00000000,4,2,0,1,0,0,0,0,2,0,1,0,2,1,0,2,1,0,c08d1dae,3,f,0,0,0,00000004,3,1,0,0,1,"No Read Addr Cmds","No Read Addr Cmds","No Write Addr Cmds","No Write Addr Cmds","No Write Responses","No Write Responses","_","_","_","_","_","_","_","_","No Write Data Beats","No Write Data Beats"
1163,1163,0,0,1,1,0,0,0,8e5ffe20afb76fe31ba56e5faf65c9d2,0,3b9a3d13b8d6963fae1d8dc05a6037b2,0,1,0,1,ff81e4df,ffffffdb,0,1,0,0,0,00000000,"FIXED",3,00,"Data Secure Unprivileged","1 byte",0,0,00000000,"INCR",3,00,"Data Secure Unprivileged","4 bytes",0,0,ff8127fb,"OKAY",00000000,0,2,1,0,0,0,0,0,0,0,2,0,1,4,0,0,1,0,0037e400,"INCR",3,ff,0,"Data Secure Unprivileged",0,"4 bytes",0,00000000,"FIXED",0,00,0,"Data Secure Unprivileged",0,"1 byte",0,"OKAY",0,c08d1dae,"OKAY",00000000,4,2,0,1,0,0,0,0,2,0,1,0,2,1,0,2,1,0,c08d1dae,3,f,0,0,0,00000004,3,1,0,0,1,"No Read Addr Cmds","No Read Addr Cmds","No Write Addr Cmds","No Write Addr Cmds","No Write Responses","No Write Responses","_","_","_","_","_","_","_","_","No Write Data Beats","No Write Data Beats"
1164,1164,0,0,1,1,0,0,0,8e5ffe20afb76fe31ba56e5faf65c9d2,0,3b9a3d13b8d6963fae1d8dc05a6037b2,0,1,0,1,ff81e4df,ffffffdb,0,1,0,0,0,00000000,"FIXED",3,00,"Data Secure Unprivileged","1 byte",0,0,00000000,"INCR",3,00,"Data Secure Unprivileged","4 bytes",0,0,ff8127fb,"OKAY",00000000,0,2,1,0,0,0,0,0,0,0,2,0,1,4,0,0,1,0,0037e400,"INCR",3,ff,0,"Data Secure Unprivileged",0,"4 bytes",0,00000000,"FIXED",0,00,0,"Data Secure Unprivileged",0,"1 byte",0,"OKAY",0,c08d1dae,"OKAY",00000000,4,2,0,1,0,0,0,0,2,0,1,0,2,1,0,2,1,0,c08d1dae,3,f,0,0,0,00000004,3,1,0,0,1,"No Read Addr Cmds","No Read Addr Cmds","No Write Addr Cmds","No Write Addr Cmds","No Write Responses","No Write Responses","_","_","_","_","_","_","_","_","No Write Data Beats","No Write Data Beats"
1165,1165,0,0,1,1,0,0,0,8e5ffe20afb76fe31ba56e5faf65c9d2,0,3b9a3d13b8d6963fae1d8dc05a6037b2,0,1,0,1,ff81e4df,ffffffdb,0,1,0,0,0,00000000,"FIXED",3,00,"Data Secure Unprivileged","1 byte",0,0,00000000,"INCR",3,00,"Data Secure Unprivileged","4 bytes",0,0,ff8127fb,"OKAY",00000000,0,2,1,0,0,0,0,0,0,0,2,0,1,4,0,0,1,0,0037e400,"INCR",3,ff,0,"Data Secure Unprivileged",0,"4 bytes",0,00000000,"FIXED",0,00,0,"Data Secure Unprivileged",0,"1 byte",0,"OKAY",0,c08d1dae,"OKAY",00000000,4,2,0,1,0,0,0,0,2,0,1,0,2,1,0,2,1,0,c08d1dae,3,f,0,0,0,00000004,3,1,0,0,1,"No Read Addr Cmds","No Read Addr Cmds","No Write Addr Cmds","No Write Addr Cmds","No Write Responses","No Write Responses","_","_","_","_","_","_","_","_","No Write Data Beats","No Write Data Beats"
1166,1166,0,0,1,1,0,0,0,8e5ffe20afb76fe31ba56e5faf65c9d2,0,3b9a3d13b8d6963fae1d8dc05a6037b2,0,1,0,1,ff81e4df,ffffffdb,0,1,0,0,0,00000000,"FIXED",3,00,"Data Secure Unprivileged","1 byte",0,0,00000000,"INCR",3,00,"Data Secure Unprivileged","4 bytes",0,0,ff8127fb,"OKAY",00000000,0,2,1,0,0,0,0,0,0,0,2,0,1,4,0,0,1,0,0037e400,"INCR",3,ff,0,"Data Secure Unprivileged",0,"4 bytes",0,00000000,"FIXED",0,00,0,"Data Secure Unprivileged",0,"1 byte",0,"OKAY",0,c08d1dae,"OKAY",00000000,4,2,0,1,0,0,0,0,2,0,1,0,2,1,0,2,1,0,c08d1dae,3,f,0,0,0,00000004,3,1,0,0,1,"No Read Addr Cmds","No Read Addr Cmds","No Write Addr Cmds","No Write Addr Cmds","No Write Responses","No Write Responses","_","_","_","_","_","_","_","_","No Write Data Beats","No Write Data Beats"
1167,1167,0,0,1,1,0,0,0,8e5ffe20afb76fe31ba56e5faf65c9d2,0,3b9a3d13b8d6963fae1d8dc05a6037b2,0,1,0,1,ff81e4df,ffffffdb,0,1,0,0,0,00000000,"FIXED",3,00,"Data Secure Unprivileged","1 byte",0,0,00000000,"INCR",3,00,"Data Secure Unprivileged","4 bytes",0,0,ff8127fb,"OKAY",00000000,0,2,1,0,0,0,0,0,0,0,2,0,1,4,0,0,1,0,0037e400,"INCR",3,ff,0,"Data Secure Unprivileged",0,"4 bytes",0,00000000,"FIXED",0,00,0,"Data Secure Unprivileged",0,"1 byte",0,"OKAY",0,c08d1dae,"OKAY",00000000,4,2,0,1,0,0,0,0,2,0,1,0,2,1,0,2,1,0,c08d1dae,3,f,0,0,0,00000004,3,1,0,0,1,"No Read Addr Cmds","No Read Addr Cmds","No Write Addr Cmds","No Write Addr Cmds","No Write Responses","No Write Responses","_","_","_","_","_","_","_","_","No Write Data Beats","No Write Data Beats"
1168,1168,0,0,1,1,0,0,0,8e5ffe20afb76fe31ba56e5faf65c9d2,0,3b9a3d13b8d6963fae1d8dc05a6037b2,0,1,0,1,ff81e4df,ffffffdb,0,1,0,0,0,00000000,"FIXED",3,00,"Data Secure Unprivileged","1 byte",0,0,00000000,"INCR",3,00,"Data Secure Unprivileged","4 bytes",0,0,ff8127fb,"OKAY",00000000,0,2,1,0,0,0,0,0,0,0,2,0,1,4,0,0,1,0,0037e400,"INCR",3,ff,0,"Data Secure Unprivileged",0,"4 bytes",0,00000000,"FIXED",0,00,0,"Data Secure Unprivileged",0,"1 byte",0,"OKAY",0,c08d1dae,"OKAY",00000000,4,2,0,1,0,0,0,0,2,0,1,0,2,1,0,2,1,0,c08d1dae,3,f,0,0,0,00000004,3,1,0,0,1,"No Read Addr Cmds","No Read Addr Cmds","No Write Addr Cmds","No Write Addr Cmds","No Write Responses","No Write Responses","_","_","_","_","_","_","_","_","No Write Data Beats","No Write Data Beats"
1169,1169,0,0,1,1,0,0,0,8e5ffe20afb76fe31ba56e5faf65c9d2,0,3b9a3d13b8d6963fae1d8dc05a6037b2,0,1,0,1,ff81e4df,ffffffdb,0,1,0,0,0,00000000,"FIXED",3,00,"Data Secure Unprivileged","1 byte",0,0,00000000,"INCR",3,00,"Data Secure Unprivileged","4 bytes",0,0,ff8127fb,"OKAY",00000000,0,2,1,0,0,0,0,0,0,0,2,0,1,4,0,0,1,0,0037e400,"INCR",3,ff,0,"Data Secure Unprivileged",0,"4 bytes",0,00000000,"FIXED",0,00,0,"Data Secure Unprivileged",0,"1 byte",0,"OKAY",0,c08d1dae,"OKAY",00000000,4,2,0,1,0,0,0,0,2,0,1,0,2,1,0,2,1,0,c08d1dae,3,f,0,0,0,00000004,3,1,0,0,1,"No Read Addr Cmds","No Read Addr Cmds","No Write Addr Cmds","No Write Addr Cmds","No Write Responses","No Write Responses","_","_","_","_","_","_","_","_","No Write Data Beats","No Write Data Beats"
1170,1170,0,0,1,1,0,0,0,8e5ffe20afb76fe31ba56e5faf65c9d2,0,3b9a3d13b8d6963fae1d8dc05a6037b2,0,1,0,1,ff81e4df,ffffffdb,0,1,0,0,0,00000000,"FIXED",3,00,"Data Secure Unprivileged","1 byte",0,0,00000000,"INCR",3,00,"Data Secure Unprivileged","4 bytes",0,0,ff8127fb,"OKAY",00000000,0,2,1,0,0,0,0,0,0,0,2,0,1,4,0,0,1,0,0037e400,"INCR",3,ff,0,"Data Secure Unprivileged",0,"4 bytes",0,00000000,"FIXED",0,00,0,"Data Secure Unprivileged",0,"1 byte",0,"OKAY",0,c08d1dae,"OKAY",00000000,4,2,0,1,0,0,0,0,2,0,1,0,2,1,0,2,1,0,c08d1dae,3,f,0,0,0,00000004,3,1,0,0,1,"No Read Addr Cmds","No Read Addr Cmds","No Write Addr Cmds","No Write Addr Cmds","No Write Responses","No Write Responses","_","_","_","_","_","_","_","_","No Write Data Beats","No Write Data Beats"
1171,1171,0,0,1,1,0,0,0,8e5ffe20afb76fe31ba56e5faf65c9d2,0,3b9a3d13b8d6963fae1d8dc05a6037b2,0,1,0,1,ff81e4df,ffffffdb,0,1,0,0,0,00000000,"FIXED",3,00,"Data Secure Unprivileged","1 byte",0,0,00000000,"INCR",3,00,"Data Secure Unprivileged","4 bytes",0,0,ff8127fb,"OKAY",00000000,0,2,1,0,0,0,0,0,0,0,2,0,1,4,0,0,1,0,0037e400,"INCR",3,ff,0,"Data Secure Unprivileged",0,"4 bytes",0,00000000,"FIXED",0,00,0,"Data Secure Unprivileged",0,"1 byte",0,"OKAY",0,c08d1dae,"OKAY",00000000,4,2,0,1,0,0,0,0,2,0,1,0,2,1,0,2,1,0,c08d1dae,3,f,0,0,0,00000004,3,1,0,0,1,"No Read Addr Cmds","No Read Addr Cmds","No Write Addr Cmds","No Write Addr Cmds","No Write Responses","No Write Responses","_","_","_","_","_","_","_","_","No Write Data Beats","No Write Data Beats"
1172,1172,0,0,1,1,0,0,0,8e5ffe20afb76fe31ba56e5faf65c9d2,0,3b9a3d13b8d6963fae1d8dc05a6037b2,0,1,0,1,ff81e4df,ffffffdb,0,1,0,0,0,00000000,"FIXED",3,00,"Data Secure Unprivileged","1 byte",0,0,00000000,"INCR",3,00,"Data Secure Unprivileged","4 bytes",0,0,ff8127fb,"OKAY",00000000,0,2,1,0,0,0,0,0,0,0,2,0,1,4,0,0,1,0,0037e400,"INCR",3,ff,0,"Data Secure Unprivileged",0,"4 bytes",0,00000000,"FIXED",0,00,0,"Data Secure Unprivileged",0,"1 byte",0,"OKAY",0,c08d1dae,"OKAY",00000000,4,2,0,1,0,0,0,0,2,0,1,0,2,1,0,2,1,0,c08d1dae,3,f,0,0,0,00000004,3,1,0,0,1,"No Read Addr Cmds","No Read Addr Cmds","No Write Addr Cmds","No Write Addr Cmds","No Write Responses","No Write Responses","_","_","_","_","_","_","_","_","No Write Data Beats","No Write Data Beats"
1173,1173,0,0,1,1,0,0,0,8e5ffe20afb76fe31ba56e5faf65c9d2,0,3b9a3d13b8d6963fae1d8dc05a6037b2,0,1,0,1,ff81e4df,ffffffdb,0,1,0,0,0,00000000,"FIXED",3,00,"Data Secure Unprivileged","1 byte",0,0,00000000,"INCR",3,00,"Data Secure Unprivileged","4 bytes",0,0,ff8127fb,"OKAY",00000000,0,2,1,0,0,0,0,0,0,0,2,0,1,4,0,0,1,0,0037e400,"INCR",3,ff,0,"Data Secure Unprivileged",0,"4 bytes",0,00000000,"FIXED",0,00,0,"Data Secure Unprivileged",0,"1 byte",0,"OKAY",0,c08d1dae,"OKAY",00000000,4,2,0,1,0,0,0,0,2,0,1,0,2,1,0,2,1,0,c08d1dae,3,f,0,0,0,00000004,3,1,0,0,1,"No Read Addr Cmds","No Read Addr Cmds","No Write Addr Cmds","No Write Addr Cmds","No Write Responses","No Write Responses","_","_","_","_","_","_","_","_","No Write Data Beats","No Write Data Beats"
1174,1174,0,0,1,1,0,0,0,8e5ffe20afb76fe31ba56e5faf65c9d2,0,3b9a3d13b8d6963fae1d8dc05a6037b2,0,1,0,1,ff81e4df,ffffffdb,0,1,0,0,0,00000000,"FIXED",3,00,"Data Secure Unprivileged","1 byte",0,0,00000000,"INCR",3,00,"Data Secure Unprivileged","4 bytes",0,0,ff8127fb,"OKAY",00000000,0,2,1,0,0,0,0,0,0,0,2,0,1,4,0,0,1,0,0037e400,"INCR",3,ff,0,"Data Secure Unprivileged",0,"4 bytes",0,00000000,"FIXED",0,00,0,"Data Secure Unprivileged",0,"1 byte",0,"OKAY",0,c08d1dae,"OKAY",00000000,4,2,0,1,0,0,0,0,2,0,1,0,2,1,0,2,1,0,c08d1dae,3,f,0,0,0,00000004,3,1,0,0,1,"No Read Addr Cmds","No Read Addr Cmds","No Write Addr Cmds","No Write Addr Cmds","No Write Responses","No Write Responses","_","_","_","_","_","_","_","_","No Write Data Beats","No Write Data Beats"
1175,1175,0,0,1,1,0,0,0,8e5ffe20afb76fe31ba56e5faf65c9d2,0,3b9a3d13b8d6963fae1d8dc05a6037b2,0,1,0,1,ff81e4df,ffffffdb,0,1,0,0,0,00000000,"FIXED",3,00,"Data Secure Unprivileged","1 byte",0,0,00000000,"INCR",3,00,"Data Secure Unprivileged","4 bytes",0,0,ff8127fb,"OKAY",00000000,0,2,1,0,0,0,0,0,0,0,2,0,1,4,0,0,1,0,0037e400,"INCR",3,ff,0,"Data Secure Unprivileged",0,"4 bytes",0,00000000,"FIXED",0,00,0,"Data Secure Unprivileged",0,"1 byte",0,"OKAY",0,c08d1dae,"OKAY",00000000,4,2,0,1,0,0,0,0,2,0,1,0,2,1,0,2,1,0,c08d1dae,3,f,0,0,0,00000004,3,1,0,0,1,"No Read Addr Cmds","No Read Addr Cmds","No Write Addr Cmds","No Write Addr Cmds","No Write Responses","No Write Responses","_","_","_","_","_","_","_","_","No Write Data Beats","No Write Data Beats"
1176,1176,0,0,1,1,0,0,0,8e5ffe20afb76fe31ba56e5faf65c9d2,0,3b9a3d13b8d6963fae1d8dc05a6037b2,0,1,0,1,ff81e4df,ffffffdb,0,1,0,0,0,00000000,"FIXED",3,00,"Data Secure Unprivileged","1 byte",0,0,00000000,"INCR",3,00,"Data Secure Unprivileged","4 bytes",0,0,ff8127fb,"OKAY",00000000,0,2,1,0,0,0,0,0,0,0,2,0,1,4,0,0,1,0,0037e400,"INCR",3,ff,0,"Data Secure Unprivileged",0,"4 bytes",0,00000000,"FIXED",0,00,0,"Data Secure Unprivileged",0,"1 byte",0,"OKAY",0,c08d1dae,"OKAY",00000000,4,2,0,1,0,0,0,0,2,0,1,0,2,1,0,2,1,0,c08d1dae,3,f,0,0,0,00000004,3,1,0,0,1,"No Read Addr Cmds","No Read Addr Cmds","No Write Addr Cmds","No Write Addr Cmds","No Write Responses","No Write Responses","_","_","_","_","_","_","_","_","No Write Data Beats","No Write Data Beats"
1177,1177,0,0,1,1,0,0,0,8e5ffe20afb76fe31ba56e5faf65c9d2,0,3b9a3d13b8d6963fae1d8dc05a6037b2,0,1,0,1,ff81e4df,ffffffdb,0,1,0,0,0,00000000,"FIXED",3,00,"Data Secure Unprivileged","1 byte",0,0,00000000,"INCR",3,00,"Data Secure Unprivileged","4 bytes",0,0,ff8127fb,"OKAY",00000000,0,2,1,0,0,0,0,0,0,0,2,0,1,4,0,0,1,0,0037e400,"INCR",3,ff,0,"Data Secure Unprivileged",0,"4 bytes",0,00000000,"FIXED",0,00,0,"Data Secure Unprivileged",0,"1 byte",0,"OKAY",0,c08d1dae,"OKAY",00000000,4,2,0,1,0,0,0,0,2,0,1,0,2,1,0,2,1,0,c08d1dae,3,f,0,0,0,00000004,3,1,0,0,1,"No Read Addr Cmds","No Read Addr Cmds","No Write Addr Cmds","No Write Addr Cmds","No Write Responses","No Write Responses","_","_","_","_","_","_","_","_","No Write Data Beats","No Write Data Beats"
1178,1178,0,0,1,1,0,0,0,8e5ffe20afb76fe31ba56e5faf65c9d2,0,3b9a3d13b8d6963fae1d8dc05a6037b2,0,1,0,1,ff81e4df,ffffffdb,0,1,0,0,0,00000000,"FIXED",3,00,"Data Secure Unprivileged","1 byte",0,0,00000000,"INCR",3,00,"Data Secure Unprivileged","4 bytes",0,0,ff8127fb,"OKAY",00000000,0,2,1,0,0,0,0,0,0,0,2,0,1,4,0,0,1,0,0037e400,"INCR",3,ff,0,"Data Secure Unprivileged",0,"4 bytes",0,00000000,"FIXED",0,00,0,"Data Secure Unprivileged",0,"1 byte",0,"OKAY",0,c08d1dae,"OKAY",00000000,4,2,0,1,0,0,0,0,2,0,1,0,2,1,0,2,1,0,c08d1dae,3,f,0,0,0,00000004,3,1,0,0,1,"No Read Addr Cmds","No Read Addr Cmds","No Write Addr Cmds","No Write Addr Cmds","No Write Responses","No Write Responses","_","_","_","_","_","_","_","_","No Write Data Beats","No Write Data Beats"
1179,1179,0,0,1,1,0,0,0,8e5ffe20afb76fe31ba56e5faf65c9d2,0,3b9a3d13b8d6963fae1d8dc05a6037b2,0,1,0,1,ff81e4df,ffffffdb,0,1,0,0,0,00000000,"FIXED",3,00,"Data Secure Unprivileged","1 byte",0,0,00000000,"INCR",3,00,"Data Secure Unprivileged","4 bytes",0,0,ff8127fb,"OKAY",00000000,0,2,1,0,0,0,0,0,0,0,2,0,1,4,0,0,1,0,0037e400,"INCR",3,ff,0,"Data Secure Unprivileged",0,"4 bytes",0,00000000,"FIXED",0,00,0,"Data Secure Unprivileged",0,"1 byte",0,"OKAY",0,c08d1dae,"OKAY",00000000,4,2,0,1,0,0,0,0,2,0,1,0,2,1,0,2,1,0,c08d1dae,3,f,0,0,0,00000004,3,1,0,0,1,"No Read Addr Cmds","No Read Addr Cmds","No Write Addr Cmds","No Write Addr Cmds","No Write Responses","No Write Responses","_","_","_","_","_","_","_","_","No Write Data Beats","No Write Data Beats"
1180,1180,0,0,1,1,0,0,0,8e5ffe20afb76fe31ba56e5faf65c9d2,0,3b9a3d13b8d6963fae1d8dc05a6037b2,0,1,0,1,ff81e4df,ffffffdb,0,1,0,0,0,00000000,"FIXED",3,00,"Data Secure Unprivileged","1 byte",0,0,00000000,"INCR",3,00,"Data Secure Unprivileged","4 bytes",0,0,ff8127fb,"OKAY",00000000,0,2,1,0,0,0,0,0,0,0,2,0,1,4,0,0,1,0,0037e400,"INCR",3,ff,0,"Data Secure Unprivileged",0,"4 bytes",0,00000000,"FIXED",0,00,0,"Data Secure Unprivileged",0,"1 byte",0,"OKAY",0,c08d1dae,"OKAY",00000000,4,2,0,1,0,0,0,0,2,0,1,0,2,1,0,2,1,0,c08d1dae,3,f,0,0,0,00000004,3,1,0,0,1,"No Read Addr Cmds","No Read Addr Cmds","No Write Addr Cmds","No Write Addr Cmds","No Write Responses","No Write Responses","_","_","_","_","_","_","_","_","No Write Data Beats","No Write Data Beats"
1181,1181,0,0,1,1,0,0,0,8e5ffe20afb76fe31ba56e5faf65c9d2,0,3b9a3d13b8d6963fae1d8dc05a6037b2,0,1,0,1,ff81e4df,ffffffdb,0,1,0,0,0,00000000,"FIXED",3,00,"Data Secure Unprivileged","1 byte",0,0,00000000,"INCR",3,00,"Data Secure Unprivileged","4 bytes",0,0,ff8127fb,"OKAY",00000000,0,2,1,0,0,0,0,0,0,0,2,0,1,4,0,0,1,0,0037e400,"INCR",3,ff,0,"Data Secure Unprivileged",0,"4 bytes",0,00000000,"FIXED",0,00,0,"Data Secure Unprivileged",0,"1 byte",0,"OKAY",0,c08d1dae,"OKAY",00000000,4,2,0,1,0,0,0,0,2,0,1,0,2,1,0,2,1,0,c08d1dae,3,f,0,0,0,00000004,3,1,0,0,1,"No Read Addr Cmds","No Read Addr Cmds","No Write Addr Cmds","No Write Addr Cmds","No Write Responses","No Write Responses","_","_","_","_","_","_","_","_","No Write Data Beats","No Write Data Beats"
1182,1182,0,0,1,1,0,0,0,8e5ffe20afb76fe31ba56e5faf65c9d2,0,3b9a3d13b8d6963fae1d8dc05a6037b2,0,1,0,1,ff81e4df,ffffffdb,0,1,0,0,0,00000000,"FIXED",3,00,"Data Secure Unprivileged","1 byte",0,0,00000000,"INCR",3,00,"Data Secure Unprivileged","4 bytes",0,0,ff8127fb,"OKAY",00000000,0,2,1,0,0,0,0,0,0,0,2,0,1,4,0,0,1,0,0037e400,"INCR",3,ff,0,"Data Secure Unprivileged",0,"4 bytes",0,00000000,"FIXED",0,00,0,"Data Secure Unprivileged",0,"1 byte",0,"OKAY",0,c08d1dae,"OKAY",00000000,4,2,0,1,0,0,0,0,2,0,1,0,2,1,0,2,1,0,c08d1dae,3,f,0,0,0,00000004,3,1,0,0,1,"No Read Addr Cmds","No Read Addr Cmds","No Write Addr Cmds","No Write Addr Cmds","No Write Responses","No Write Responses","_","_","_","_","_","_","_","_","No Write Data Beats","No Write Data Beats"
1183,1183,0,0,1,1,0,0,0,8e5ffe20afb76fe31ba56e5faf65c9d2,0,3b9a3d13b8d6963fae1d8dc05a6037b2,0,1,0,1,ff81e4df,ffffffdb,0,1,0,0,0,00000000,"FIXED",3,00,"Data Secure Unprivileged","1 byte",0,0,00000000,"INCR",3,00,"Data Secure Unprivileged","4 bytes",0,0,ff8127fb,"OKAY",00000000,0,2,1,0,0,0,0,0,0,0,2,0,1,4,0,0,1,0,0037e400,"INCR",3,ff,0,"Data Secure Unprivileged",0,"4 bytes",0,00000000,"FIXED",0,00,0,"Data Secure Unprivileged",0,"1 byte",0,"OKAY",0,c08d1dae,"OKAY",00000000,4,2,0,1,0,0,0,0,2,0,1,0,2,1,0,2,1,0,c08d1dae,3,f,0,0,0,00000004,3,1,0,0,1,"No Read Addr Cmds","No Read Addr Cmds","No Write Addr Cmds","No Write Addr Cmds","No Write Responses","No Write Responses","_","_","_","_","_","_","_","_","No Write Data Beats","No Write Data Beats"
1184,1184,0,0,1,1,0,0,0,8e5ffe20afb76fe31ba56e5faf65c9d2,0,3b9a3d13b8d6963fae1d8dc05a6037b2,0,1,0,1,ff81e4df,ffffffdb,0,1,0,0,0,00000000,"FIXED",3,00,"Data Secure Unprivileged","1 byte",0,0,00000000,"INCR",3,00,"Data Secure Unprivileged","4 bytes",0,0,ff8127fb,"OKAY",00000000,0,2,1,0,0,0,0,0,0,0,2,0,1,4,0,0,1,0,0037e400,"INCR",3,ff,0,"Data Secure Unprivileged",0,"4 bytes",0,00000000,"FIXED",0,00,0,"Data Secure Unprivileged",0,"1 byte",0,"OKAY",0,c08d1dae,"OKAY",00000000,4,2,0,1,0,0,0,0,2,0,1,0,2,1,0,2,1,0,c08d1dae,3,f,0,0,0,00000004,3,1,0,0,1,"No Read Addr Cmds","No Read Addr Cmds","No Write Addr Cmds","No Write Addr Cmds","No Write Responses","No Write Responses","_","_","_","_","_","_","_","_","No Write Data Beats","No Write Data Beats"
1185,1185,0,0,1,1,0,0,0,8e5ffe20afb76fe31ba56e5faf65c9d2,0,3b9a3d13b8d6963fae1d8dc05a6037b2,0,1,0,1,ff81e4df,ffffffdb,0,1,0,0,0,00000000,"FIXED",3,00,"Data Secure Unprivileged","1 byte",0,0,00000000,"INCR",3,00,"Data Secure Unprivileged","4 bytes",0,0,ff8127fb,"OKAY",00000000,0,2,1,0,0,0,0,0,0,0,2,0,1,4,0,0,1,0,0037e400,"INCR",3,ff,0,"Data Secure Unprivileged",0,"4 bytes",0,00000000,"FIXED",0,00,0,"Data Secure Unprivileged",0,"1 byte",0,"OKAY",0,c08d1dae,"OKAY",00000000,4,2,0,1,0,0,0,0,2,0,1,0,2,1,0,2,1,0,c08d1dae,3,f,0,0,0,00000004,3,1,0,0,1,"No Read Addr Cmds","No Read Addr Cmds","No Write Addr Cmds","No Write Addr Cmds","No Write Responses","No Write Responses","_","_","_","_","_","_","_","_","No Write Data Beats","No Write Data Beats"
1186,1186,0,0,1,1,0,0,0,8e5ffe20afb76fe31ba56e5faf65c9d2,0,3b9a3d13b8d6963fae1d8dc05a6037b2,0,1,0,1,ff81e4df,ffffffdb,0,1,0,0,0,00000000,"FIXED",3,00,"Data Secure Unprivileged","1 byte",0,0,00000000,"INCR",3,00,"Data Secure Unprivileged","4 bytes",0,0,ff8127fb,"OKAY",00000000,0,2,1,0,0,0,0,0,0,0,2,0,1,4,0,0,1,0,0037e400,"INCR",3,ff,0,"Data Secure Unprivileged",0,"4 bytes",0,00000000,"FIXED",0,00,0,"Data Secure Unprivileged",0,"1 byte",0,"OKAY",0,c08d1dae,"OKAY",00000000,4,2,0,1,0,0,0,0,2,0,1,0,2,1,0,2,1,0,c08d1dae,3,f,0,0,0,00000004,3,1,0,0,1,"No Read Addr Cmds","No Read Addr Cmds","No Write Addr Cmds","No Write Addr Cmds","No Write Responses","No Write Responses","_","_","_","_","_","_","_","_","No Write Data Beats","No Write Data Beats"
1187,1187,0,0,1,1,0,0,0,8e5ffe20afb76fe31ba56e5faf65c9d2,0,3b9a3d13b8d6963fae1d8dc05a6037b2,0,1,0,1,ff81e4df,ffffffdb,0,1,0,0,0,00000000,"FIXED",3,00,"Data Secure Unprivileged","1 byte",0,0,00000000,"INCR",3,00,"Data Secure Unprivileged","4 bytes",0,0,ff8127fb,"OKAY",00000000,0,2,1,0,0,0,0,0,0,0,2,0,1,4,0,0,1,0,0037e400,"INCR",3,ff,0,"Data Secure Unprivileged",0,"4 bytes",0,00000000,"FIXED",0,00,0,"Data Secure Unprivileged",0,"1 byte",0,"OKAY",0,c08d1dae,"OKAY",00000000,4,2,0,1,0,0,0,0,2,0,1,0,2,1,0,2,1,0,c08d1dae,3,f,0,0,0,00000004,3,1,0,0,1,"No Read Addr Cmds","No Read Addr Cmds","No Write Addr Cmds","No Write Addr Cmds","No Write Responses","No Write Responses","_","_","_","_","_","_","_","_","No Write Data Beats","No Write Data Beats"
1188,1188,0,0,1,1,0,0,0,8e5ffe20afb76fe31ba56e5faf65c9d2,0,3b9a3d13b8d6963fae1d8dc05a6037b2,0,1,0,1,ff81e4df,ffffffdb,0,1,0,0,0,00000000,"FIXED",3,00,"Data Secure Unprivileged","1 byte",0,0,00000000,"INCR",3,00,"Data Secure Unprivileged","4 bytes",0,0,ff8127fb,"OKAY",00000000,0,2,1,0,0,0,0,0,0,0,2,0,1,4,0,0,1,0,0037e400,"INCR",3,ff,0,"Data Secure Unprivileged",0,"4 bytes",0,00000000,"FIXED",0,00,0,"Data Secure Unprivileged",0,"1 byte",0,"OKAY",0,c08d1dae,"OKAY",00000000,4,2,0,1,0,0,0,0,2,0,1,0,2,1,0,2,1,0,c08d1dae,3,f,0,0,0,00000004,3,1,0,0,1,"No Read Addr Cmds","No Read Addr Cmds","No Write Addr Cmds","No Write Addr Cmds","No Write Responses","No Write Responses","_","_","_","_","_","_","_","_","No Write Data Beats","No Write Data Beats"
1189,1189,0,0,1,1,0,0,0,8e5ffe20afb76fe31ba56e5faf65c9d2,0,3b9a3d13b8d6963fae1d8dc05a6037b2,0,1,0,1,ff81e4df,ffffffdb,0,1,0,0,0,00000000,"FIXED",3,00,"Data Secure Unprivileged","1 byte",0,0,00000000,"INCR",3,00,"Data Secure Unprivileged","4 bytes",0,0,ff8127fb,"OKAY",00000000,0,2,1,0,0,0,0,0,0,0,2,0,1,4,0,0,1,0,0037e400,"INCR",3,ff,0,"Data Secure Unprivileged",0,"4 bytes",0,00000000,"FIXED",0,00,0,"Data Secure Unprivileged",0,"1 byte",0,"OKAY",0,c08d1dae,"OKAY",00000000,4,2,0,1,0,0,0,0,2,0,1,0,2,1,0,2,1,0,c08d1dae,3,f,0,0,0,00000004,3,1,0,0,1,"No Read Addr Cmds","No Read Addr Cmds","No Write Addr Cmds","No Write Addr Cmds","No Write Responses","No Write Responses","_","_","_","_","_","_","_","_","No Write Data Beats","No Write Data Beats"
1190,1190,0,0,1,1,0,0,0,8e5ffe20afb76fe31ba56e5faf65c9d2,0,3b9a3d13b8d6963fae1d8dc05a6037b2,0,1,0,1,ff81e4df,ffffffdb,0,1,0,0,0,00000000,"FIXED",3,00,"Data Secure Unprivileged","1 byte",0,0,00000000,"INCR",3,00,"Data Secure Unprivileged","4 bytes",0,0,ff8127fb,"OKAY",00000000,0,2,1,0,0,0,0,0,0,0,2,0,1,4,0,0,1,0,0037e400,"INCR",3,ff,0,"Data Secure Unprivileged",0,"4 bytes",0,00000000,"FIXED",0,00,0,"Data Secure Unprivileged",0,"1 byte",0,"OKAY",0,c08d1dae,"OKAY",00000000,4,2,0,1,0,0,0,0,2,0,1,0,2,1,0,2,1,0,c08d1dae,3,f,0,0,0,00000004,3,1,0,0,1,"No Read Addr Cmds","No Read Addr Cmds","No Write Addr Cmds","No Write Addr Cmds","No Write Responses","No Write Responses","_","_","_","_","_","_","_","_","No Write Data Beats","No Write Data Beats"
1191,1191,0,0,1,1,0,0,0,8e5ffe20afb76fe31ba56e5faf65c9d2,0,3b9a3d13b8d6963fae1d8dc05a6037b2,0,1,0,1,ff81e4df,ffffffdb,0,1,0,0,0,00000000,"FIXED",3,00,"Data Secure Unprivileged","1 byte",0,0,00000000,"INCR",3,00,"Data Secure Unprivileged","4 bytes",0,0,ff8127fb,"OKAY",00000000,0,2,1,0,0,0,0,0,0,0,2,0,1,4,0,0,1,0,0037e400,"INCR",3,ff,0,"Data Secure Unprivileged",0,"4 bytes",0,00000000,"FIXED",0,00,0,"Data Secure Unprivileged",0,"1 byte",0,"OKAY",0,c08d1dae,"OKAY",00000000,4,2,0,1,0,0,0,0,2,0,1,0,2,1,0,2,1,0,c08d1dae,3,f,0,0,0,00000004,3,1,0,0,1,"No Read Addr Cmds","No Read Addr Cmds","No Write Addr Cmds","No Write Addr Cmds","No Write Responses","No Write Responses","_","_","_","_","_","_","_","_","No Write Data Beats","No Write Data Beats"
1192,1192,0,0,1,1,0,0,0,8e5ffe20afb76fe31ba56e5faf65c9d2,0,3b9a3d13b8d6963fae1d8dc05a6037b2,0,1,0,1,ff81e4df,ffffffdb,0,1,0,0,0,00000000,"FIXED",3,00,"Data Secure Unprivileged","1 byte",0,0,00000000,"INCR",3,00,"Data Secure Unprivileged","4 bytes",0,0,ff8127fb,"OKAY",00000000,0,2,1,0,0,0,0,0,0,0,2,0,1,4,0,0,1,0,0037e400,"INCR",3,ff,0,"Data Secure Unprivileged",0,"4 bytes",0,00000000,"FIXED",0,00,0,"Data Secure Unprivileged",0,"1 byte",0,"OKAY",0,c08d1dae,"OKAY",00000000,4,2,0,1,0,0,0,0,2,0,1,0,2,1,0,2,1,0,c08d1dae,3,f,0,0,0,00000004,3,1,0,0,1,"No Read Addr Cmds","No Read Addr Cmds","No Write Addr Cmds","No Write Addr Cmds","No Write Responses","No Write Responses","_","_","_","_","_","_","_","_","No Write Data Beats","No Write Data Beats"
1193,1193,0,0,1,1,0,0,0,8e5ffe20afb76fe31ba56e5faf65c9d2,0,3b9a3d13b8d6963fae1d8dc05a6037b2,0,1,0,1,ff81e4df,ffffffdb,0,1,0,0,0,00000000,"FIXED",3,00,"Data Secure Unprivileged","1 byte",0,0,00000000,"INCR",3,00,"Data Secure Unprivileged","4 bytes",0,0,ff8127fb,"OKAY",00000000,0,2,1,0,0,0,0,0,0,0,2,0,1,4,0,0,1,0,0037e400,"INCR",3,ff,0,"Data Secure Unprivileged",0,"4 bytes",0,00000000,"FIXED",0,00,0,"Data Secure Unprivileged",0,"1 byte",0,"OKAY",0,c08d1dae,"OKAY",00000000,4,2,0,1,0,0,0,0,2,0,1,0,2,1,0,2,1,0,c08d1dae,3,f,0,0,0,00000004,3,1,0,0,1,"No Read Addr Cmds","No Read Addr Cmds","No Write Addr Cmds","No Write Addr Cmds","No Write Responses","No Write Responses","_","_","_","_","_","_","_","_","No Write Data Beats","No Write Data Beats"
1194,1194,0,0,1,1,0,0,0,8e5ffe20afb76fe31ba56e5faf65c9d2,0,3b9a3d13b8d6963fae1d8dc05a6037b2,0,1,0,1,ff81e4df,ffffffdb,0,1,0,0,0,00000000,"FIXED",3,00,"Data Secure Unprivileged","1 byte",0,0,00000000,"INCR",3,00,"Data Secure Unprivileged","4 bytes",0,0,ff8127fb,"OKAY",00000000,0,2,1,0,0,0,0,0,0,0,2,0,1,4,0,0,1,0,0037e400,"INCR",3,ff,0,"Data Secure Unprivileged",0,"4 bytes",0,00000000,"FIXED",0,00,0,"Data Secure Unprivileged",0,"1 byte",0,"OKAY",0,c08d1dae,"OKAY",00000000,4,2,0,1,0,0,0,0,2,0,1,0,2,1,0,2,1,0,c08d1dae,3,f,0,0,0,00000004,3,1,0,0,1,"No Read Addr Cmds","No Read Addr Cmds","No Write Addr Cmds","No Write Addr Cmds","No Write Responses","No Write Responses","_","_","_","_","_","_","_","_","No Write Data Beats","No Write Data Beats"
1195,1195,0,0,1,1,0,0,0,8e5ffe20afb76fe31ba56e5faf65c9d2,0,3b9a3d13b8d6963fae1d8dc05a6037b2,0,1,0,1,ff81e4df,ffffffdb,0,1,0,0,0,00000000,"FIXED",3,00,"Data Secure Unprivileged","1 byte",0,0,00000000,"INCR",3,00,"Data Secure Unprivileged","4 bytes",0,0,ff8127fb,"OKAY",00000000,0,2,1,0,0,0,0,0,0,0,2,0,1,4,0,0,1,0,0037e400,"INCR",3,ff,0,"Data Secure Unprivileged",0,"4 bytes",0,00000000,"FIXED",0,00,0,"Data Secure Unprivileged",0,"1 byte",0,"OKAY",0,c08d1dae,"OKAY",00000000,4,2,0,1,0,0,0,0,2,0,1,0,2,1,0,2,1,0,c08d1dae,3,f,0,0,0,00000004,3,1,0,0,1,"No Read Addr Cmds","No Read Addr Cmds","No Write Addr Cmds","No Write Addr Cmds","No Write Responses","No Write Responses","_","_","_","_","_","_","_","_","No Write Data Beats","No Write Data Beats"
1196,1196,0,0,1,1,0,0,0,8e5ffe20afb76fe31ba56e5faf65c9d2,0,3b9a3d13b8d6963fae1d8dc05a6037b2,0,1,0,1,ff81e4df,ffffffdb,0,1,0,0,0,00000000,"FIXED",3,00,"Data Secure Unprivileged","1 byte",0,0,00000000,"INCR",3,00,"Data Secure Unprivileged","4 bytes",0,0,ff8127fb,"OKAY",00000000,0,2,1,0,0,0,0,0,0,0,2,0,1,4,0,0,1,0,0037e400,"INCR",3,ff,0,"Data Secure Unprivileged",0,"4 bytes",0,00000000,"FIXED",0,00,0,"Data Secure Unprivileged",0,"1 byte",0,"OKAY",0,c08d1dae,"OKAY",00000000,4,2,0,1,0,0,0,0,2,0,1,0,2,1,0,2,1,0,c08d1dae,3,f,0,0,0,00000004,3,1,0,0,1,"No Read Addr Cmds","No Read Addr Cmds","No Write Addr Cmds","No Write Addr Cmds","No Write Responses","No Write Responses","_","_","_","_","_","_","_","_","No Write Data Beats","No Write Data Beats"
1197,1197,0,0,1,1,0,0,0,8e5ffe20afb76fe31ba56e5faf65c9d2,0,3b9a3d13b8d6963fae1d8dc05a6037b2,0,1,0,1,ff81e4df,ffffffdb,0,1,0,0,0,00000000,"FIXED",3,00,"Data Secure Unprivileged","1 byte",0,0,00000000,"INCR",3,00,"Data Secure Unprivileged","4 bytes",0,0,ff8127fb,"OKAY",00000000,0,2,1,0,0,0,0,0,0,0,2,0,1,4,0,0,1,0,0037e400,"INCR",3,ff,0,"Data Secure Unprivileged",0,"4 bytes",0,00000000,"FIXED",0,00,0,"Data Secure Unprivileged",0,"1 byte",0,"OKAY",0,c08d1dae,"OKAY",00000000,4,2,0,1,0,0,0,0,2,0,1,0,2,1,0,2,1,0,c08d1dae,3,f,0,0,0,00000004,3,1,0,0,1,"No Read Addr Cmds","No Read Addr Cmds","No Write Addr Cmds","No Write Addr Cmds","No Write Responses","No Write Responses","_","_","_","_","_","_","_","_","No Write Data Beats","No Write Data Beats"
1198,1198,0,0,1,1,0,0,0,8e5ffe20afb76fe31ba56e5faf65c9d2,0,3b9a3d13b8d6963fae1d8dc05a6037b2,0,1,0,1,ff81e4df,ffffffdb,0,1,0,0,0,00000000,"FIXED",3,00,"Data Secure Unprivileged","1 byte",0,0,00000000,"INCR",3,00,"Data Secure Unprivileged","4 bytes",0,0,ff8127fb,"OKAY",00000000,0,2,1,0,0,0,0,0,0,0,2,0,1,4,0,0,1,0,0037e400,"INCR",3,ff,0,"Data Secure Unprivileged",0,"4 bytes",0,00000000,"FIXED",0,00,0,"Data Secure Unprivileged",0,"1 byte",0,"OKAY",0,c08d1dae,"OKAY",00000000,4,2,0,1,0,0,0,0,2,0,1,0,2,1,0,2,1,0,c08d1dae,3,f,0,0,0,00000004,3,1,0,0,1,"No Read Addr Cmds","No Read Addr Cmds","No Write Addr Cmds","No Write Addr Cmds","No Write Responses","No Write Responses","_","_","_","_","_","_","_","_","No Write Data Beats","No Write Data Beats"
1199,1199,0,0,1,1,0,0,0,8e5ffe20afb76fe31ba56e5faf65c9d2,0,3b9a3d13b8d6963fae1d8dc05a6037b2,0,1,0,1,ff81e4df,ffffffdb,0,1,0,0,0,00000000,"FIXED",3,00,"Data Secure Unprivileged","1 byte",0,0,00000000,"INCR",3,00,"Data Secure Unprivileged","4 bytes",0,0,ff8127fb,"OKAY",00000000,0,2,1,0,0,0,0,0,0,0,2,0,1,4,0,0,1,0,0037e400,"INCR",3,ff,0,"Data Secure Unprivileged",0,"4 bytes",0,00000000,"FIXED",0,00,0,"Data Secure Unprivileged",0,"1 byte",0,"OKAY",0,c08d1dae,"OKAY",00000000,4,2,0,1,0,0,0,0,2,0,1,0,2,1,0,2,1,0,c08d1dae,3,f,0,0,0,00000004,3,1,0,0,1,"No Read Addr Cmds","No Read Addr Cmds","No Write Addr Cmds","No Write Addr Cmds","No Write Responses","No Write Responses","_","_","_","_","_","_","_","_","No Write Data Beats","No Write Data Beats"
1200,1200,0,0,1,1,0,0,0,8e5ffe20afb76fe31ba56e5faf65c9d2,0,3b9a3d13b8d6963fae1d8dc05a6037b2,0,1,0,1,ff81e4df,ffffffdb,0,1,0,0,0,00000000,"FIXED",3,00,"Data Secure Unprivileged","1 byte",0,0,00000000,"INCR",3,00,"Data Secure Unprivileged","4 bytes",0,0,ff8127fb,"OKAY",00000000,0,2,1,0,0,0,0,0,0,0,2,0,1,4,0,0,1,0,0037e400,"INCR",3,ff,0,"Data Secure Unprivileged",0,"4 bytes",0,00000000,"FIXED",0,00,0,"Data Secure Unprivileged",0,"1 byte",0,"OKAY",0,c08d1dae,"OKAY",00000000,4,2,0,1,0,0,0,0,2,0,1,0,2,1,0,2,1,0,c08d1dae,3,f,0,0,0,00000004,3,1,0,0,1,"No Read Addr Cmds","No Read Addr Cmds","No Write Addr Cmds","No Write Addr Cmds","No Write Responses","No Write Responses","_","_","_","_","_","_","_","_","No Write Data Beats","No Write Data Beats"
1201,1201,0,0,1,1,0,0,0,8e5ffe20afb76fe31ba56e5faf65c9d2,0,3b9a3d13b8d6963fae1d8dc05a6037b2,0,1,0,1,ff81e4df,ffffffdb,0,1,0,0,0,00000000,"FIXED",3,00,"Data Secure Unprivileged","1 byte",0,0,00000000,"INCR",3,00,"Data Secure Unprivileged","4 bytes",0,0,ff8127fb,"OKAY",00000000,0,2,1,0,0,0,0,0,0,0,2,0,1,4,0,0,1,0,0037e400,"INCR",3,ff,0,"Data Secure Unprivileged",0,"4 bytes",0,00000000,"FIXED",0,00,0,"Data Secure Unprivileged",0,"1 byte",0,"OKAY",0,c08d1dae,"OKAY",00000000,4,2,0,1,0,0,0,0,2,0,1,0,2,1,0,2,1,0,c08d1dae,3,f,0,0,0,00000004,3,1,0,0,1,"No Read Addr Cmds","No Read Addr Cmds","No Write Addr Cmds","No Write Addr Cmds","No Write Responses","No Write Responses","_","_","_","_","_","_","_","_","No Write Data Beats","No Write Data Beats"
1202,1202,0,0,1,1,0,0,0,8e5ffe20afb76fe31ba56e5faf65c9d2,0,3b9a3d13b8d6963fae1d8dc05a6037b2,0,1,0,1,ff81e4df,ffffffdb,0,1,0,0,0,00000000,"FIXED",3,00,"Data Secure Unprivileged","1 byte",0,0,00000000,"INCR",3,00,"Data Secure Unprivileged","4 bytes",0,0,ff8127fb,"OKAY",00000000,0,2,1,0,0,0,0,0,0,0,2,0,1,4,0,0,1,0,0037e400,"INCR",3,ff,0,"Data Secure Unprivileged",0,"4 bytes",0,00000000,"FIXED",0,00,0,"Data Secure Unprivileged",0,"1 byte",0,"OKAY",0,c08d1dae,"OKAY",00000000,4,2,0,1,0,0,0,0,2,0,1,0,2,1,0,2,1,0,c08d1dae,3,f,0,0,0,00000004,3,1,0,0,1,"No Read Addr Cmds","No Read Addr Cmds","No Write Addr Cmds","No Write Addr Cmds","No Write Responses","No Write Responses","_","_","_","_","_","_","_","_","No Write Data Beats","No Write Data Beats"
1203,1203,0,0,1,1,0,0,0,8e5ffe20afb76fe31ba56e5faf65c9d2,0,3b9a3d13b8d6963fae1d8dc05a6037b2,0,1,0,1,ff81e4df,ffffffdb,0,1,0,0,0,00000000,"FIXED",3,00,"Data Secure Unprivileged","1 byte",0,0,00000000,"INCR",3,00,"Data Secure Unprivileged","4 bytes",0,0,ff8127fb,"OKAY",00000000,0,2,1,0,0,0,0,0,0,0,2,0,1,4,0,0,1,0,0037e400,"INCR",3,ff,0,"Data Secure Unprivileged",0,"4 bytes",0,00000000,"FIXED",0,00,0,"Data Secure Unprivileged",0,"1 byte",0,"OKAY",0,c08d1dae,"OKAY",00000000,4,2,0,1,0,0,0,0,2,0,1,0,2,1,0,2,1,0,c08d1dae,3,f,0,0,0,00000004,3,1,0,0,1,"No Read Addr Cmds","No Read Addr Cmds","No Write Addr Cmds","No Write Addr Cmds","No Write Responses","No Write Responses","_","_","_","_","_","_","_","_","No Write Data Beats","No Write Data Beats"
1204,1204,0,0,1,1,0,0,0,8e5ffe20afb76fe31ba56e5faf65c9d2,0,3b9a3d13b8d6963fae1d8dc05a6037b2,0,1,0,1,ff81e4df,ffffffdb,0,1,0,0,0,00000000,"FIXED",3,00,"Data Secure Unprivileged","1 byte",0,0,00000000,"INCR",3,00,"Data Secure Unprivileged","4 bytes",0,0,ff8127fb,"OKAY",00000000,0,2,1,0,0,0,0,0,0,0,2,0,1,4,0,0,1,0,0037e400,"INCR",3,ff,0,"Data Secure Unprivileged",0,"4 bytes",0,00000000,"FIXED",0,00,0,"Data Secure Unprivileged",0,"1 byte",0,"OKAY",0,c08d1dae,"OKAY",00000000,4,2,0,1,0,0,0,0,2,0,1,0,2,1,0,2,1,0,c08d1dae,3,f,0,0,0,00000004,3,1,0,0,1,"No Read Addr Cmds","No Read Addr Cmds","No Write Addr Cmds","No Write Addr Cmds","No Write Responses","No Write Responses","_","_","_","_","_","_","_","_","No Write Data Beats","No Write Data Beats"
1205,1205,0,0,1,1,0,0,0,8e5ffe20afb76fe31ba56e5faf65c9d2,0,3b9a3d13b8d6963fae1d8dc05a6037b2,0,1,0,1,ff81e4df,ffffffdb,0,1,0,0,0,00000000,"FIXED",3,00,"Data Secure Unprivileged","1 byte",0,0,00000000,"INCR",3,00,"Data Secure Unprivileged","4 bytes",0,0,ff8127fb,"OKAY",00000000,0,2,1,0,0,0,0,0,0,0,2,0,1,4,0,0,1,0,0037e400,"INCR",3,ff,0,"Data Secure Unprivileged",0,"4 bytes",0,00000000,"FIXED",0,00,0,"Data Secure Unprivileged",0,"1 byte",0,"OKAY",0,c08d1dae,"OKAY",00000000,4,2,0,1,0,0,0,0,2,0,1,0,2,1,0,2,1,0,c08d1dae,3,f,0,0,0,00000004,3,1,0,0,1,"No Read Addr Cmds","No Read Addr Cmds","No Write Addr Cmds","No Write Addr Cmds","No Write Responses","No Write Responses","_","_","_","_","_","_","_","_","No Write Data Beats","No Write Data Beats"
1206,1206,0,0,1,1,0,0,0,8e5ffe20afb76fe31ba56e5faf65c9d2,0,3b9a3d13b8d6963fae1d8dc05a6037b2,0,1,0,1,ff81e4df,ffffffdb,0,1,0,0,0,00000000,"FIXED",3,00,"Data Secure Unprivileged","1 byte",0,0,00000000,"INCR",3,00,"Data Secure Unprivileged","4 bytes",0,0,ff8127fb,"OKAY",00000000,0,2,1,0,0,0,0,0,0,0,2,0,1,4,0,0,1,0,0037e400,"INCR",3,ff,0,"Data Secure Unprivileged",0,"4 bytes",0,00000000,"FIXED",0,00,0,"Data Secure Unprivileged",0,"1 byte",0,"OKAY",0,c08d1dae,"OKAY",00000000,4,2,0,1,0,0,0,0,2,0,1,0,2,1,0,2,1,0,c08d1dae,3,f,0,0,0,00000004,3,1,0,0,1,"No Read Addr Cmds","No Read Addr Cmds","No Write Addr Cmds","No Write Addr Cmds","No Write Responses","No Write Responses","_","_","_","_","_","_","_","_","No Write Data Beats","No Write Data Beats"
1207,1207,0,0,1,1,0,0,0,8e5ffe20afb76fe31ba56e5faf65c9d2,0,3b9a3d13b8d6963fae1d8dc05a6037b2,0,1,0,1,ff81e4df,ffffffdb,0,1,0,0,0,00000000,"FIXED",3,00,"Data Secure Unprivileged","1 byte",0,0,00000000,"INCR",3,00,"Data Secure Unprivileged","4 bytes",0,0,ff8127fb,"OKAY",00000000,0,2,1,0,0,0,0,0,0,0,2,0,1,4,0,0,1,0,0037e400,"INCR",3,ff,0,"Data Secure Unprivileged",0,"4 bytes",0,00000000,"FIXED",0,00,0,"Data Secure Unprivileged",0,"1 byte",0,"OKAY",0,c08d1dae,"OKAY",00000000,4,2,0,1,0,0,0,0,2,0,1,0,2,1,0,2,1,0,c08d1dae,3,f,0,0,0,00000004,3,1,0,0,1,"No Read Addr Cmds","No Read Addr Cmds","No Write Addr Cmds","No Write Addr Cmds","No Write Responses","No Write Responses","_","_","_","_","_","_","_","_","No Write Data Beats","No Write Data Beats"
1208,1208,0,0,1,1,0,0,0,8e5ffe20afb76fe31ba56e5faf65c9d2,0,3b9a3d13b8d6963fae1d8dc05a6037b2,0,1,0,1,ff81e4df,ffffffdb,0,1,0,0,0,00000000,"FIXED",3,00,"Data Secure Unprivileged","1 byte",0,0,00000000,"INCR",3,00,"Data Secure Unprivileged","4 bytes",0,0,ff8127fb,"OKAY",00000000,0,2,1,0,0,0,0,0,0,0,2,0,1,4,0,0,1,0,0037e400,"INCR",3,ff,0,"Data Secure Unprivileged",0,"4 bytes",0,00000000,"FIXED",0,00,0,"Data Secure Unprivileged",0,"1 byte",0,"OKAY",0,c08d1dae,"OKAY",00000000,4,2,0,1,0,0,0,0,2,0,1,0,2,1,0,2,1,0,c08d1dae,3,f,0,0,0,00000004,3,1,0,0,1,"No Read Addr Cmds","No Read Addr Cmds","No Write Addr Cmds","No Write Addr Cmds","No Write Responses","No Write Responses","_","_","_","_","_","_","_","_","No Write Data Beats","No Write Data Beats"
1209,1209,0,0,1,1,0,0,0,8e5ffe20afb76fe31ba56e5faf65c9d2,0,3b9a3d13b8d6963fae1d8dc05a6037b2,0,1,0,1,ff81e4df,ffffffdb,0,1,0,0,0,00000000,"FIXED",3,00,"Data Secure Unprivileged","1 byte",0,0,00000000,"INCR",3,00,"Data Secure Unprivileged","4 bytes",0,0,ff8127fb,"OKAY",00000000,0,2,1,0,0,0,0,0,0,0,2,0,1,4,0,0,1,0,0037e400,"INCR",3,ff,0,"Data Secure Unprivileged",0,"4 bytes",0,00000000,"FIXED",0,00,0,"Data Secure Unprivileged",0,"1 byte",0,"OKAY",0,c08d1dae,"OKAY",00000000,4,2,0,1,0,0,0,0,2,0,1,0,2,1,0,2,1,0,c08d1dae,3,f,0,0,0,00000004,3,1,0,0,1,"No Read Addr Cmds","No Read Addr Cmds","No Write Addr Cmds","No Write Addr Cmds","No Write Responses","No Write Responses","_","_","_","_","_","_","_","_","No Write Data Beats","No Write Data Beats"
1210,1210,0,0,1,1,0,0,0,8e5ffe20afb76fe31ba56e5faf65c9d2,0,3b9a3d13b8d6963fae1d8dc05a6037b2,0,1,0,1,ff81e4df,ffffffdb,0,1,0,0,0,00000000,"FIXED",3,00,"Data Secure Unprivileged","1 byte",0,0,00000000,"INCR",3,00,"Data Secure Unprivileged","4 bytes",0,0,ff8127fb,"OKAY",00000000,0,2,1,0,0,0,0,0,0,0,2,0,1,4,0,0,1,0,0037e400,"INCR",3,ff,0,"Data Secure Unprivileged",0,"4 bytes",0,00000000,"FIXED",0,00,0,"Data Secure Unprivileged",0,"1 byte",0,"OKAY",0,c08d1dae,"OKAY",00000000,4,2,0,1,0,0,0,0,2,0,1,0,2,1,0,2,1,0,c08d1dae,3,f,0,0,0,00000004,3,1,0,0,1,"No Read Addr Cmds","No Read Addr Cmds","No Write Addr Cmds","No Write Addr Cmds","No Write Responses","No Write Responses","_","_","_","_","_","_","_","_","No Write Data Beats","No Write Data Beats"
1211,1211,0,0,1,1,0,0,0,8e5ffe20afb76fe31ba56e5faf65c9d2,0,3b9a3d13b8d6963fae1d8dc05a6037b2,0,1,0,1,ff81e4df,ffffffdb,0,1,0,0,0,00000000,"FIXED",3,00,"Data Secure Unprivileged","1 byte",0,0,00000000,"INCR",3,00,"Data Secure Unprivileged","4 bytes",0,0,ff8127fb,"OKAY",00000000,0,2,1,0,0,0,0,0,0,0,2,0,1,4,0,0,1,0,0037e400,"INCR",3,ff,0,"Data Secure Unprivileged",0,"4 bytes",0,00000000,"FIXED",0,00,0,"Data Secure Unprivileged",0,"1 byte",0,"OKAY",0,c08d1dae,"OKAY",00000000,4,2,0,1,0,0,0,0,2,0,1,0,2,1,0,2,1,0,c08d1dae,3,f,0,0,0,00000004,3,1,0,0,1,"No Read Addr Cmds","No Read Addr Cmds","No Write Addr Cmds","No Write Addr Cmds","No Write Responses","No Write Responses","_","_","_","_","_","_","_","_","No Write Data Beats","No Write Data Beats"
1212,1212,0,0,1,1,0,0,0,8e5ffe20afb76fe31ba56e5faf65c9d2,0,3b9a3d13b8d6963fae1d8dc05a6037b2,0,1,0,1,ff81e4df,ffffffdb,0,1,0,0,0,00000000,"FIXED",3,00,"Data Secure Unprivileged","1 byte",0,0,00000000,"INCR",3,00,"Data Secure Unprivileged","4 bytes",0,0,ff8127fb,"OKAY",00000000,0,2,1,0,0,0,0,0,0,0,2,0,1,4,0,0,1,0,0037e400,"INCR",3,ff,0,"Data Secure Unprivileged",0,"4 bytes",0,00000000,"FIXED",0,00,0,"Data Secure Unprivileged",0,"1 byte",0,"OKAY",0,c08d1dae,"OKAY",00000000,4,2,0,1,0,0,0,0,2,0,1,0,2,1,0,2,1,0,c08d1dae,3,f,0,0,0,00000004,3,1,0,0,1,"No Read Addr Cmds","No Read Addr Cmds","No Write Addr Cmds","No Write Addr Cmds","No Write Responses","No Write Responses","_","_","_","_","_","_","_","_","No Write Data Beats","No Write Data Beats"
1213,1213,0,0,1,1,0,0,0,8e5ffe20afb76fe31ba56e5faf65c9d2,0,3b9a3d13b8d6963fae1d8dc05a6037b2,0,1,0,1,ff81e4df,ffffffdb,0,1,0,0,0,00000000,"FIXED",3,00,"Data Secure Unprivileged","1 byte",0,0,00000000,"INCR",3,00,"Data Secure Unprivileged","4 bytes",0,0,ff8127fb,"OKAY",00000000,0,2,1,0,0,0,0,0,0,0,2,0,1,4,0,0,1,0,0037e400,"INCR",3,ff,0,"Data Secure Unprivileged",0,"4 bytes",0,00000000,"FIXED",0,00,0,"Data Secure Unprivileged",0,"1 byte",0,"OKAY",0,c08d1dae,"OKAY",00000000,4,2,0,1,0,0,0,0,2,0,1,0,2,1,0,2,1,0,c08d1dae,3,f,0,0,0,00000004,3,1,0,0,1,"No Read Addr Cmds","No Read Addr Cmds","No Write Addr Cmds","No Write Addr Cmds","No Write Responses","No Write Responses","_","_","_","_","_","_","_","_","No Write Data Beats","No Write Data Beats"
1214,1214,0,0,1,1,0,0,0,8e5ffe20afb76fe31ba56e5faf65c9d2,0,3b9a3d13b8d6963fae1d8dc05a6037b2,0,1,0,1,ff81e4df,ffffffdb,0,1,0,0,0,00000000,"FIXED",3,00,"Data Secure Unprivileged","1 byte",0,0,00000000,"INCR",3,00,"Data Secure Unprivileged","4 bytes",0,0,ff8127fb,"OKAY",00000000,0,2,1,0,0,0,0,0,0,0,2,0,1,4,0,0,1,0,0037e400,"INCR",3,ff,0,"Data Secure Unprivileged",0,"4 bytes",0,00000000,"FIXED",0,00,0,"Data Secure Unprivileged",0,"1 byte",0,"OKAY",0,c08d1dae,"OKAY",00000000,4,2,0,1,0,0,0,0,2,0,1,0,2,1,0,2,1,0,c08d1dae,3,f,0,0,0,00000004,3,1,0,0,1,"No Read Addr Cmds","No Read Addr Cmds","No Write Addr Cmds","No Write Addr Cmds","No Write Responses","No Write Responses","_","_","_","_","_","_","_","_","No Write Data Beats","No Write Data Beats"
1215,1215,0,0,1,1,0,0,0,8e5ffe20afb76fe31ba56e5faf65c9d2,0,3b9a3d13b8d6963fae1d8dc05a6037b2,0,1,0,1,ff81e4df,ffffffdb,0,1,0,0,0,00000000,"FIXED",3,00,"Data Secure Unprivileged","1 byte",0,0,00000000,"INCR",3,00,"Data Secure Unprivileged","4 bytes",0,0,ff8127fb,"OKAY",00000000,0,2,1,0,0,0,0,0,0,0,2,0,1,4,0,0,1,0,0037e400,"INCR",3,ff,0,"Data Secure Unprivileged",0,"4 bytes",0,00000000,"FIXED",0,00,0,"Data Secure Unprivileged",0,"1 byte",0,"OKAY",0,c08d1dae,"OKAY",00000000,4,2,0,1,0,0,0,0,2,0,1,0,2,1,0,2,1,0,c08d1dae,3,f,0,0,0,00000004,3,1,0,0,1,"No Read Addr Cmds","No Read Addr Cmds","No Write Addr Cmds","No Write Addr Cmds","No Write Responses","No Write Responses","_","_","_","_","_","_","_","_","No Write Data Beats","No Write Data Beats"
1216,1216,0,0,1,1,0,0,0,8e5ffe20afb76fe31ba56e5faf65c9d2,0,3b9a3d13b8d6963fae1d8dc05a6037b2,0,1,0,1,ff81e4df,ffffffdb,0,1,0,0,0,00000000,"FIXED",3,00,"Data Secure Unprivileged","1 byte",0,0,00000000,"INCR",3,00,"Data Secure Unprivileged","4 bytes",0,0,ff8127fb,"OKAY",00000000,0,2,1,0,0,0,0,0,0,0,2,0,1,4,0,0,1,0,0037e400,"INCR",3,ff,0,"Data Secure Unprivileged",0,"4 bytes",0,00000000,"FIXED",0,00,0,"Data Secure Unprivileged",0,"1 byte",0,"OKAY",0,c08d1dae,"OKAY",00000000,4,2,0,1,0,0,0,0,2,0,1,0,2,1,0,2,1,0,c08d1dae,3,f,0,0,0,00000004,3,1,0,0,1,"No Read Addr Cmds","No Read Addr Cmds","No Write Addr Cmds","No Write Addr Cmds","No Write Responses","No Write Responses","_","_","_","_","_","_","_","_","No Write Data Beats","No Write Data Beats"
1217,1217,0,0,1,1,0,0,0,8e5ffe20afb76fe31ba56e5faf65c9d2,0,3b9a3d13b8d6963fae1d8dc05a6037b2,0,1,0,1,ff81e4df,ffffffdb,0,1,0,0,0,00000000,"FIXED",3,00,"Data Secure Unprivileged","1 byte",0,0,00000000,"INCR",3,00,"Data Secure Unprivileged","4 bytes",0,0,ff8127fb,"OKAY",00000000,0,2,1,0,0,0,0,0,0,0,2,0,1,4,0,0,1,0,0037e400,"INCR",3,ff,0,"Data Secure Unprivileged",0,"4 bytes",0,00000000,"FIXED",0,00,0,"Data Secure Unprivileged",0,"1 byte",0,"OKAY",0,c08d1dae,"OKAY",00000000,4,2,0,1,0,0,0,0,2,0,1,0,2,1,0,2,1,0,c08d1dae,3,f,0,0,0,00000004,3,1,0,0,1,"No Read Addr Cmds","No Read Addr Cmds","No Write Addr Cmds","No Write Addr Cmds","No Write Responses","No Write Responses","_","_","_","_","_","_","_","_","No Write Data Beats","No Write Data Beats"
1218,1218,0,0,1,1,0,0,0,8e5ffe20afb76fe31ba56e5faf65c9d2,0,3b9a3d13b8d6963fae1d8dc05a6037b2,0,1,0,1,ff81e4df,ffffffdb,0,1,0,0,0,00000000,"FIXED",3,00,"Data Secure Unprivileged","1 byte",0,0,00000000,"INCR",3,00,"Data Secure Unprivileged","4 bytes",0,0,ff8127fb,"OKAY",00000000,0,2,1,0,0,0,0,0,0,0,2,0,1,4,0,0,1,0,0037e400,"INCR",3,ff,0,"Data Secure Unprivileged",0,"4 bytes",0,00000000,"FIXED",0,00,0,"Data Secure Unprivileged",0,"1 byte",0,"OKAY",0,c08d1dae,"OKAY",00000000,4,2,0,1,0,0,0,0,2,0,1,0,2,1,0,2,1,0,c08d1dae,3,f,0,0,0,00000004,3,1,0,0,1,"No Read Addr Cmds","No Read Addr Cmds","No Write Addr Cmds","No Write Addr Cmds","No Write Responses","No Write Responses","_","_","_","_","_","_","_","_","No Write Data Beats","No Write Data Beats"
1219,1219,0,0,1,1,0,0,0,8e5ffe20afb76fe31ba56e5faf65c9d2,0,3b9a3d13b8d6963fae1d8dc05a6037b2,0,1,0,1,ff81e4df,ffffffdb,0,1,0,0,0,00000000,"FIXED",3,00,"Data Secure Unprivileged","1 byte",0,0,00000000,"INCR",3,00,"Data Secure Unprivileged","4 bytes",0,0,ff8127fb,"OKAY",00000000,0,2,1,0,0,0,0,0,0,0,2,0,1,4,0,0,1,0,0037e400,"INCR",3,ff,0,"Data Secure Unprivileged",0,"4 bytes",0,00000000,"FIXED",0,00,0,"Data Secure Unprivileged",0,"1 byte",0,"OKAY",0,c08d1dae,"OKAY",00000000,4,2,0,1,0,0,0,0,2,0,1,0,2,1,0,2,1,0,c08d1dae,3,f,0,0,0,00000004,3,1,0,0,1,"No Read Addr Cmds","No Read Addr Cmds","No Write Addr Cmds","No Write Addr Cmds","No Write Responses","No Write Responses","_","_","_","_","_","_","_","_","No Write Data Beats","No Write Data Beats"
1220,1220,0,0,1,1,0,0,0,8e5ffe20afb76fe31ba56e5faf65c9d2,0,3b9a3d13b8d6963fae1d8dc05a6037b2,0,1,0,1,ff81e4df,ffffffdb,0,1,0,0,0,00000000,"FIXED",3,00,"Data Secure Unprivileged","1 byte",0,0,00000000,"INCR",3,00,"Data Secure Unprivileged","4 bytes",0,0,ff8127fb,"OKAY",00000000,0,2,1,0,0,0,0,0,0,0,2,0,1,4,0,0,1,0,0037e400,"INCR",3,ff,0,"Data Secure Unprivileged",0,"4 bytes",0,00000000,"FIXED",0,00,0,"Data Secure Unprivileged",0,"1 byte",0,"OKAY",0,c08d1dae,"OKAY",00000000,4,2,0,1,0,0,0,0,2,0,1,0,2,1,0,2,1,0,c08d1dae,3,f,0,0,0,00000004,3,1,0,0,1,"No Read Addr Cmds","No Read Addr Cmds","No Write Addr Cmds","No Write Addr Cmds","No Write Responses","No Write Responses","_","_","_","_","_","_","_","_","No Write Data Beats","No Write Data Beats"
1221,1221,0,0,1,1,0,0,0,8e5ffe20afb76fe31ba56e5faf65c9d2,0,3b9a3d13b8d6963fae1d8dc05a6037b2,0,1,0,1,ff81e4df,ffffffdb,0,1,0,0,0,00000000,"FIXED",3,00,"Data Secure Unprivileged","1 byte",0,0,00000000,"INCR",3,00,"Data Secure Unprivileged","4 bytes",0,0,ff8127fb,"OKAY",00000000,0,2,1,0,0,0,0,0,0,0,2,0,1,4,0,0,1,0,0037e400,"INCR",3,ff,0,"Data Secure Unprivileged",0,"4 bytes",0,00000000,"FIXED",0,00,0,"Data Secure Unprivileged",0,"1 byte",0,"OKAY",0,c08d1dae,"OKAY",00000000,4,2,0,1,0,0,0,0,2,0,1,0,2,1,0,2,1,0,c08d1dae,3,f,0,0,0,00000004,3,1,0,0,1,"No Read Addr Cmds","No Read Addr Cmds","No Write Addr Cmds","No Write Addr Cmds","No Write Responses","No Write Responses","_","_","_","_","_","_","_","_","No Write Data Beats","No Write Data Beats"
1222,1222,0,0,1,1,0,0,0,8e5ffe20afb76fe31ba56e5faf65c9d2,0,3b9a3d13b8d6963fae1d8dc05a6037b2,0,1,0,1,ff81e4df,ffffffdb,0,1,0,0,0,00000000,"FIXED",3,00,"Data Secure Unprivileged","1 byte",0,0,00000000,"INCR",3,00,"Data Secure Unprivileged","4 bytes",0,0,ff8127fb,"OKAY",00000000,0,2,1,0,0,0,0,0,0,0,2,0,1,4,0,0,1,0,0037e400,"INCR",3,ff,0,"Data Secure Unprivileged",0,"4 bytes",0,00000000,"FIXED",0,00,0,"Data Secure Unprivileged",0,"1 byte",0,"OKAY",0,c08d1dae,"OKAY",00000000,4,2,0,1,0,0,0,0,2,0,1,0,2,1,0,2,1,0,c08d1dae,3,f,0,0,0,00000004,3,1,0,0,1,"No Read Addr Cmds","No Read Addr Cmds","No Write Addr Cmds","No Write Addr Cmds","No Write Responses","No Write Responses","_","_","_","_","_","_","_","_","No Write Data Beats","No Write Data Beats"
1223,1223,0,0,1,1,0,0,0,8e5ffe20afb76fe31ba56e5faf65c9d2,0,3b9a3d13b8d6963fae1d8dc05a6037b2,0,1,0,1,ff81e4df,ffffffdb,0,1,0,0,0,00000000,"FIXED",3,00,"Data Secure Unprivileged","1 byte",0,0,00000000,"INCR",3,00,"Data Secure Unprivileged","4 bytes",0,0,ff8127fb,"OKAY",00000000,0,2,1,0,0,0,0,0,0,0,2,0,1,4,0,0,1,0,0037e400,"INCR",3,ff,0,"Data Secure Unprivileged",0,"4 bytes",0,00000000,"FIXED",0,00,0,"Data Secure Unprivileged",0,"1 byte",0,"OKAY",0,c08d1dae,"OKAY",00000000,4,2,0,1,0,0,0,0,2,0,1,0,2,1,0,2,1,0,c08d1dae,3,f,0,0,0,00000004,3,1,0,0,1,"No Read Addr Cmds","No Read Addr Cmds","No Write Addr Cmds","No Write Addr Cmds","No Write Responses","No Write Responses","_","_","_","_","_","_","_","_","No Write Data Beats","No Write Data Beats"
1224,1224,0,0,1,1,0,0,0,8e5ffe20afb76fe31ba56e5faf65c9d2,0,3b9a3d13b8d6963fae1d8dc05a6037b2,0,1,0,1,ff81e4df,ffffffdb,0,1,0,0,0,00000000,"FIXED",3,00,"Data Secure Unprivileged","1 byte",0,0,00000000,"INCR",3,00,"Data Secure Unprivileged","4 bytes",0,0,ff8127fb,"OKAY",00000000,0,2,1,0,0,0,0,0,0,0,2,0,1,4,0,0,1,0,0037e400,"INCR",3,ff,0,"Data Secure Unprivileged",0,"4 bytes",0,00000000,"FIXED",0,00,0,"Data Secure Unprivileged",0,"1 byte",0,"OKAY",0,c08d1dae,"OKAY",00000000,4,2,0,1,0,0,0,0,2,0,1,0,2,1,0,2,1,0,c08d1dae,3,f,0,0,0,00000004,3,1,0,0,1,"No Read Addr Cmds","No Read Addr Cmds","No Write Addr Cmds","No Write Addr Cmds","No Write Responses","No Write Responses","_","_","_","_","_","_","_","_","No Write Data Beats","No Write Data Beats"
1225,1225,0,0,1,1,0,0,0,8e5ffe20afb76fe31ba56e5faf65c9d2,0,3b9a3d13b8d6963fae1d8dc05a6037b2,0,1,0,1,ff81e4df,ffffffdb,0,1,0,0,0,00000000,"FIXED",3,00,"Data Secure Unprivileged","1 byte",0,0,00000000,"INCR",3,00,"Data Secure Unprivileged","4 bytes",0,0,ff8127fb,"OKAY",00000000,0,2,1,0,0,0,0,0,0,0,2,0,1,4,0,0,1,0,0037e400,"INCR",3,ff,0,"Data Secure Unprivileged",0,"4 bytes",0,00000000,"FIXED",0,00,0,"Data Secure Unprivileged",0,"1 byte",0,"OKAY",0,c08d1dae,"OKAY",00000000,4,2,0,1,0,0,0,0,2,0,1,0,2,1,0,2,1,0,c08d1dae,3,f,0,0,0,00000004,3,1,0,0,1,"No Read Addr Cmds","No Read Addr Cmds","No Write Addr Cmds","No Write Addr Cmds","No Write Responses","No Write Responses","_","_","_","_","_","_","_","_","No Write Data Beats","No Write Data Beats"
1226,1226,0,0,1,1,0,0,0,8e5ffe20afb76fe31ba56e5faf65c9d2,0,3b9a3d13b8d6963fae1d8dc05a6037b2,0,1,0,1,ff81e4df,ffffffdb,0,1,0,0,0,00000000,"FIXED",3,00,"Data Secure Unprivileged","1 byte",0,0,00000000,"INCR",3,00,"Data Secure Unprivileged","4 bytes",0,0,ff8127fb,"OKAY",00000000,0,2,1,0,0,0,0,0,0,0,2,0,1,4,0,0,1,0,0037e400,"INCR",3,ff,0,"Data Secure Unprivileged",0,"4 bytes",0,00000000,"FIXED",0,00,0,"Data Secure Unprivileged",0,"1 byte",0,"OKAY",0,c08d1dae,"OKAY",00000000,4,2,0,1,0,0,0,0,2,0,1,0,2,1,0,2,1,0,c08d1dae,3,f,0,0,0,00000004,3,1,0,0,1,"No Read Addr Cmds","No Read Addr Cmds","No Write Addr Cmds","No Write Addr Cmds","No Write Responses","No Write Responses","_","_","_","_","_","_","_","_","No Write Data Beats","No Write Data Beats"
1227,1227,0,0,1,1,0,0,0,8e5ffe20afb76fe31ba56e5faf65c9d2,0,3b9a3d13b8d6963fae1d8dc05a6037b2,0,1,0,1,ff81e4df,ffffffdb,0,1,0,0,0,00000000,"FIXED",3,00,"Data Secure Unprivileged","1 byte",0,0,00000000,"INCR",3,00,"Data Secure Unprivileged","4 bytes",0,0,ff8127fb,"OKAY",00000000,0,2,1,0,0,0,0,0,0,0,2,0,1,4,0,0,1,0,0037e400,"INCR",3,ff,0,"Data Secure Unprivileged",0,"4 bytes",0,00000000,"FIXED",0,00,0,"Data Secure Unprivileged",0,"1 byte",0,"OKAY",0,c08d1dae,"OKAY",00000000,4,2,0,1,0,0,0,0,2,0,1,0,2,1,0,2,1,0,c08d1dae,3,f,0,0,0,00000004,3,1,0,0,1,"No Read Addr Cmds","No Read Addr Cmds","No Write Addr Cmds","No Write Addr Cmds","No Write Responses","No Write Responses","_","_","_","_","_","_","_","_","No Write Data Beats","No Write Data Beats"
1228,1228,0,0,1,1,0,0,0,8e5ffe20afb76fe31ba56e5faf65c9d2,0,3b9a3d13b8d6963fae1d8dc05a6037b2,0,1,0,1,ff81e4df,ffffffdb,0,1,0,0,0,00000000,"FIXED",3,00,"Data Secure Unprivileged","1 byte",0,0,00000000,"INCR",3,00,"Data Secure Unprivileged","4 bytes",0,0,ff8127fb,"OKAY",00000000,0,2,1,0,0,0,0,0,0,0,2,0,1,4,0,0,1,0,0037e400,"INCR",3,ff,0,"Data Secure Unprivileged",0,"4 bytes",0,00000000,"FIXED",0,00,0,"Data Secure Unprivileged",0,"1 byte",0,"OKAY",0,c08d1dae,"OKAY",00000000,4,2,0,1,0,0,0,0,2,0,1,0,2,1,0,2,1,0,c08d1dae,3,f,0,0,0,00000004,3,1,0,0,1,"No Read Addr Cmds","No Read Addr Cmds","No Write Addr Cmds","No Write Addr Cmds","No Write Responses","No Write Responses","_","_","_","_","_","_","_","_","No Write Data Beats","No Write Data Beats"
1229,1229,0,0,1,1,0,0,0,8e5ffe20afb76fe31ba56e5faf65c9d2,0,3b9a3d13b8d6963fae1d8dc05a6037b2,0,1,0,1,ff81e4df,ffffffdb,0,1,0,0,0,00000000,"FIXED",3,00,"Data Secure Unprivileged","1 byte",0,0,00000000,"INCR",3,00,"Data Secure Unprivileged","4 bytes",0,0,ff8127fb,"OKAY",00000000,0,2,1,0,0,0,0,0,0,0,2,0,1,4,0,0,1,0,0037e400,"INCR",3,ff,0,"Data Secure Unprivileged",0,"4 bytes",0,00000000,"FIXED",0,00,0,"Data Secure Unprivileged",0,"1 byte",0,"OKAY",0,c08d1dae,"OKAY",00000000,4,2,0,1,0,0,0,0,2,0,1,0,2,1,0,2,1,0,c08d1dae,3,f,0,0,0,00000004,3,1,0,0,1,"No Read Addr Cmds","No Read Addr Cmds","No Write Addr Cmds","No Write Addr Cmds","No Write Responses","No Write Responses","_","_","_","_","_","_","_","_","No Write Data Beats","No Write Data Beats"
1230,1230,0,0,1,1,0,0,0,8e5ffe20afb76fe31ba56e5faf65c9d2,0,3b9a3d13b8d6963fae1d8dc05a6037b2,0,1,0,1,ff81e4df,ffffffdb,0,1,0,0,0,00000000,"FIXED",3,00,"Data Secure Unprivileged","1 byte",0,0,00000000,"INCR",3,00,"Data Secure Unprivileged","4 bytes",0,0,ff8127fb,"OKAY",00000000,0,2,1,0,0,0,0,0,0,0,2,0,1,4,0,0,1,0,0037e400,"INCR",3,ff,0,"Data Secure Unprivileged",0,"4 bytes",0,00000000,"FIXED",0,00,0,"Data Secure Unprivileged",0,"1 byte",0,"OKAY",0,c08d1dae,"OKAY",00000000,4,2,0,1,0,0,0,0,2,0,1,0,2,1,0,2,1,0,c08d1dae,3,f,0,0,0,00000004,3,1,0,0,1,"No Read Addr Cmds","No Read Addr Cmds","No Write Addr Cmds","No Write Addr Cmds","No Write Responses","No Write Responses","_","_","_","_","_","_","_","_","No Write Data Beats","No Write Data Beats"
1231,1231,0,0,1,1,0,0,0,8e5ffe20afb76fe31ba56e5faf65c9d2,0,3b9a3d13b8d6963fae1d8dc05a6037b2,0,1,0,1,ff81e4df,ffffffdb,0,1,0,0,0,00000000,"FIXED",3,00,"Data Secure Unprivileged","1 byte",0,0,00000000,"INCR",3,00,"Data Secure Unprivileged","4 bytes",0,0,ff8127fb,"OKAY",00000000,0,2,1,0,0,0,0,0,0,0,2,0,1,4,0,0,1,0,0037e400,"INCR",3,ff,0,"Data Secure Unprivileged",0,"4 bytes",0,00000000,"FIXED",0,00,0,"Data Secure Unprivileged",0,"1 byte",0,"OKAY",0,c08d1dae,"OKAY",00000000,4,2,0,1,0,0,0,0,2,0,1,0,2,1,0,2,1,0,c08d1dae,3,f,0,0,0,00000004,3,1,0,0,1,"No Read Addr Cmds","No Read Addr Cmds","No Write Addr Cmds","No Write Addr Cmds","No Write Responses","No Write Responses","_","_","_","_","_","_","_","_","No Write Data Beats","No Write Data Beats"
1232,1232,0,0,1,1,0,0,0,8e5ffe20afb76fe31ba56e5faf65c9d2,0,3b9a3d13b8d6963fae1d8dc05a6037b2,0,1,0,1,ff81e4df,ffffffdb,0,1,0,0,0,00000000,"FIXED",3,00,"Data Secure Unprivileged","1 byte",0,0,00000000,"INCR",3,00,"Data Secure Unprivileged","4 bytes",0,0,ff8127fb,"OKAY",00000000,0,2,1,0,0,0,0,0,0,0,2,0,1,4,0,0,1,0,0037e400,"INCR",3,ff,0,"Data Secure Unprivileged",0,"4 bytes",0,00000000,"FIXED",0,00,0,"Data Secure Unprivileged",0,"1 byte",0,"OKAY",0,c08d1dae,"OKAY",00000000,4,2,0,1,0,0,0,0,2,0,1,0,2,1,0,2,1,0,c08d1dae,3,f,0,0,0,00000004,3,1,0,0,1,"No Read Addr Cmds","No Read Addr Cmds","No Write Addr Cmds","No Write Addr Cmds","No Write Responses","No Write Responses","_","_","_","_","_","_","_","_","No Write Data Beats","No Write Data Beats"
1233,1233,0,0,1,1,0,0,0,8e5ffe20afb76fe31ba56e5faf65c9d2,0,3b9a3d13b8d6963fae1d8dc05a6037b2,0,1,0,1,ff81e4df,ffffffdb,0,1,0,0,0,00000000,"FIXED",3,00,"Data Secure Unprivileged","1 byte",0,0,00000000,"INCR",3,00,"Data Secure Unprivileged","4 bytes",0,0,ff8127fb,"OKAY",00000000,0,2,1,0,0,0,0,0,0,0,2,0,1,4,0,0,1,0,0037e400,"INCR",3,ff,0,"Data Secure Unprivileged",0,"4 bytes",0,00000000,"FIXED",0,00,0,"Data Secure Unprivileged",0,"1 byte",0,"OKAY",0,c08d1dae,"OKAY",00000000,4,2,0,1,0,0,0,0,2,0,1,0,2,1,0,2,1,0,c08d1dae,3,f,0,0,0,00000004,3,1,0,0,1,"No Read Addr Cmds","No Read Addr Cmds","No Write Addr Cmds","No Write Addr Cmds","No Write Responses","No Write Responses","_","_","_","_","_","_","_","_","No Write Data Beats","No Write Data Beats"
1234,1234,0,0,1,1,0,0,0,8e5ffe20afb76fe31ba56e5faf65c9d2,0,3b9a3d13b8d6963fae1d8dc05a6037b2,0,1,0,1,ff81e4df,ffffffdb,0,1,0,0,0,00000000,"FIXED",3,00,"Data Secure Unprivileged","1 byte",0,0,00000000,"INCR",3,00,"Data Secure Unprivileged","4 bytes",0,0,ff8127fb,"OKAY",00000000,0,2,1,0,0,0,0,0,0,0,2,0,1,4,0,0,1,0,0037e400,"INCR",3,ff,0,"Data Secure Unprivileged",0,"4 bytes",0,00000000,"FIXED",0,00,0,"Data Secure Unprivileged",0,"1 byte",0,"OKAY",0,c08d1dae,"OKAY",00000000,4,2,0,1,0,0,0,0,2,0,1,0,2,1,0,2,1,0,c08d1dae,3,f,0,0,0,00000004,3,1,0,0,1,"No Read Addr Cmds","No Read Addr Cmds","No Write Addr Cmds","No Write Addr Cmds","No Write Responses","No Write Responses","_","_","_","_","_","_","_","_","No Write Data Beats","No Write Data Beats"
1235,1235,0,0,1,1,0,0,0,8e5ffe20afb76fe31ba56e5faf65c9d2,0,3b9a3d13b8d6963fae1d8dc05a6037b2,0,1,0,1,ff81e4df,ffffffdb,0,1,0,0,0,00000000,"FIXED",3,00,"Data Secure Unprivileged","1 byte",0,0,00000000,"INCR",3,00,"Data Secure Unprivileged","4 bytes",0,0,ff8127fb,"OKAY",00000000,0,2,1,0,0,0,0,0,0,0,2,0,1,4,0,0,1,0,0037e400,"INCR",3,ff,0,"Data Secure Unprivileged",0,"4 bytes",0,00000000,"FIXED",0,00,0,"Data Secure Unprivileged",0,"1 byte",0,"OKAY",0,c08d1dae,"OKAY",00000000,4,2,0,1,0,0,0,0,2,0,1,0,2,1,0,2,1,0,c08d1dae,3,f,0,0,0,00000004,3,1,0,0,1,"No Read Addr Cmds","No Read Addr Cmds","No Write Addr Cmds","No Write Addr Cmds","No Write Responses","No Write Responses","_","_","_","_","_","_","_","_","No Write Data Beats","No Write Data Beats"
1236,1236,0,0,1,1,0,0,0,8e5ffe20afb76fe31ba56e5faf65c9d2,0,3b9a3d13b8d6963fae1d8dc05a6037b2,0,1,0,1,ff81e4df,ffffffdb,0,1,0,0,0,00000000,"FIXED",3,00,"Data Secure Unprivileged","1 byte",0,0,00000000,"INCR",3,00,"Data Secure Unprivileged","4 bytes",0,0,ff8127fb,"OKAY",00000000,0,2,1,0,0,0,0,0,0,0,2,0,1,4,0,0,1,0,0037e400,"INCR",3,ff,0,"Data Secure Unprivileged",0,"4 bytes",0,00000000,"FIXED",0,00,0,"Data Secure Unprivileged",0,"1 byte",0,"OKAY",0,c08d1dae,"OKAY",00000000,4,2,0,1,0,0,0,0,2,0,1,0,2,1,0,2,1,0,c08d1dae,3,f,0,0,0,00000004,3,1,0,0,1,"No Read Addr Cmds","No Read Addr Cmds","No Write Addr Cmds","No Write Addr Cmds","No Write Responses","No Write Responses","_","_","_","_","_","_","_","_","No Write Data Beats","No Write Data Beats"
1237,1237,0,0,1,1,0,0,0,8e5ffe20afb76fe31ba56e5faf65c9d2,0,3b9a3d13b8d6963fae1d8dc05a6037b2,0,1,0,1,ff81e4df,ffffffdb,0,1,0,0,0,00000000,"FIXED",3,00,"Data Secure Unprivileged","1 byte",0,0,00000000,"INCR",3,00,"Data Secure Unprivileged","4 bytes",0,0,ff8127fb,"OKAY",00000000,0,2,1,0,0,0,0,0,0,0,2,0,1,4,0,0,1,0,0037e400,"INCR",3,ff,0,"Data Secure Unprivileged",0,"4 bytes",0,00000000,"FIXED",0,00,0,"Data Secure Unprivileged",0,"1 byte",0,"OKAY",0,c08d1dae,"OKAY",00000000,4,2,0,1,0,0,0,0,2,0,1,0,2,1,0,2,1,0,c08d1dae,3,f,0,0,0,00000004,3,1,0,0,1,"No Read Addr Cmds","No Read Addr Cmds","No Write Addr Cmds","No Write Addr Cmds","No Write Responses","No Write Responses","_","_","_","_","_","_","_","_","No Write Data Beats","No Write Data Beats"
1238,1238,0,0,1,1,0,0,0,8e5ffe20afb76fe31ba56e5faf65c9d2,0,3b9a3d13b8d6963fae1d8dc05a6037b2,0,1,0,1,ff81e4df,ffffffdb,0,1,0,0,0,00000000,"FIXED",3,00,"Data Secure Unprivileged","1 byte",0,0,00000000,"INCR",3,00,"Data Secure Unprivileged","4 bytes",0,0,ff8127fb,"OKAY",00000000,0,2,1,0,0,0,0,0,0,0,2,0,1,4,0,0,1,0,0037e400,"INCR",3,ff,0,"Data Secure Unprivileged",0,"4 bytes",0,00000000,"FIXED",0,00,0,"Data Secure Unprivileged",0,"1 byte",0,"OKAY",0,c08d1dae,"OKAY",00000000,4,2,0,1,0,0,0,0,2,0,1,0,2,1,0,2,1,0,c08d1dae,3,f,0,0,0,00000004,3,1,0,0,1,"No Read Addr Cmds","No Read Addr Cmds","No Write Addr Cmds","No Write Addr Cmds","No Write Responses","No Write Responses","_","_","_","_","_","_","_","_","No Write Data Beats","No Write Data Beats"
1239,1239,0,0,1,1,0,0,0,8e5ffe20afb76fe31ba56e5faf65c9d2,0,3b9a3d13b8d6963fae1d8dc05a6037b2,0,1,0,1,ff81e4df,ffffffdb,0,1,0,0,0,00000000,"FIXED",3,00,"Data Secure Unprivileged","1 byte",0,0,00000000,"INCR",3,00,"Data Secure Unprivileged","4 bytes",0,0,ff8127fb,"OKAY",00000000,0,2,1,0,0,0,0,0,0,0,2,0,1,4,0,0,1,0,0037e400,"INCR",3,ff,0,"Data Secure Unprivileged",0,"4 bytes",0,00000000,"FIXED",0,00,0,"Data Secure Unprivileged",0,"1 byte",0,"OKAY",0,c08d1dae,"OKAY",00000000,4,2,0,1,0,0,0,0,2,0,1,0,2,1,0,2,1,0,c08d1dae,3,f,0,0,0,00000004,3,1,0,0,1,"No Read Addr Cmds","No Read Addr Cmds","No Write Addr Cmds","No Write Addr Cmds","No Write Responses","No Write Responses","_","_","_","_","_","_","_","_","No Write Data Beats","No Write Data Beats"
1240,1240,0,0,1,1,0,0,0,8e5ffe20afb76fe31ba56e5faf65c9d2,0,3b9a3d13b8d6963fae1d8dc05a6037b2,0,1,0,1,ff81e4df,ffffffdb,0,1,0,0,0,00000000,"FIXED",3,00,"Data Secure Unprivileged","1 byte",0,0,00000000,"INCR",3,00,"Data Secure Unprivileged","4 bytes",0,0,ff8127fb,"OKAY",00000000,0,2,1,0,0,0,0,0,0,0,2,0,1,4,0,0,1,0,0037e400,"INCR",3,ff,0,"Data Secure Unprivileged",0,"4 bytes",0,00000000,"FIXED",0,00,0,"Data Secure Unprivileged",0,"1 byte",0,"OKAY",0,c08d1dae,"OKAY",00000000,4,2,0,1,0,0,0,0,2,0,1,0,2,1,0,2,1,0,c08d1dae,3,f,0,0,0,00000004,3,1,0,0,1,"No Read Addr Cmds","No Read Addr Cmds","No Write Addr Cmds","No Write Addr Cmds","No Write Responses","No Write Responses","_","_","_","_","_","_","_","_","No Write Data Beats","No Write Data Beats"
1241,1241,0,0,1,1,0,0,0,8e5ffe20afb76fe31ba56e5faf65c9d2,0,3b9a3d13b8d6963fae1d8dc05a6037b2,0,1,0,1,ff81e4df,ffffffdb,0,1,0,0,0,00000000,"FIXED",3,00,"Data Secure Unprivileged","1 byte",0,0,00000000,"INCR",3,00,"Data Secure Unprivileged","4 bytes",0,0,ff8127fb,"OKAY",00000000,0,2,1,0,0,0,0,0,0,0,2,0,1,4,0,0,1,0,0037e400,"INCR",3,ff,0,"Data Secure Unprivileged",0,"4 bytes",0,00000000,"FIXED",0,00,0,"Data Secure Unprivileged",0,"1 byte",0,"OKAY",0,c08d1dae,"OKAY",00000000,4,2,0,1,0,0,0,0,2,0,1,0,2,1,0,2,1,0,c08d1dae,3,f,0,0,0,00000004,3,1,0,0,1,"No Read Addr Cmds","No Read Addr Cmds","No Write Addr Cmds","No Write Addr Cmds","No Write Responses","No Write Responses","_","_","_","_","_","_","_","_","No Write Data Beats","No Write Data Beats"
1242,1242,0,0,1,1,0,0,0,8e5ffe20afb76fe31ba56e5faf65c9d2,0,3b9a3d13b8d6963fae1d8dc05a6037b2,0,1,0,1,ff81e4df,ffffffdb,0,1,0,0,0,00000000,"FIXED",3,00,"Data Secure Unprivileged","1 byte",0,0,00000000,"INCR",3,00,"Data Secure Unprivileged","4 bytes",0,0,ff8127fb,"OKAY",00000000,0,2,1,0,0,0,0,0,0,0,2,0,1,4,0,0,1,0,0037e400,"INCR",3,ff,0,"Data Secure Unprivileged",0,"4 bytes",0,00000000,"FIXED",0,00,0,"Data Secure Unprivileged",0,"1 byte",0,"OKAY",0,c08d1dae,"OKAY",00000000,4,2,0,1,0,0,0,0,2,0,1,0,2,1,0,2,1,0,c08d1dae,3,f,0,0,0,00000004,3,1,0,0,1,"No Read Addr Cmds","No Read Addr Cmds","No Write Addr Cmds","No Write Addr Cmds","No Write Responses","No Write Responses","_","_","_","_","_","_","_","_","No Write Data Beats","No Write Data Beats"
1243,1243,0,0,1,1,0,0,0,8e5ffe20afb76fe31ba56e5faf65c9d2,0,3b9a3d13b8d6963fae1d8dc05a6037b2,0,1,0,1,ff81e4df,ffffffdb,0,1,0,0,0,00000000,"FIXED",3,00,"Data Secure Unprivileged","1 byte",0,0,00000000,"INCR",3,00,"Data Secure Unprivileged","4 bytes",0,0,ff8127fb,"OKAY",00000000,0,2,1,0,0,0,0,0,0,0,2,0,1,4,0,0,1,0,0037e400,"INCR",3,ff,0,"Data Secure Unprivileged",0,"4 bytes",0,00000000,"FIXED",0,00,0,"Data Secure Unprivileged",0,"1 byte",0,"OKAY",0,c08d1dae,"OKAY",00000000,4,2,0,1,0,0,0,0,2,0,1,0,2,1,0,2,1,0,c08d1dae,3,f,0,0,0,00000004,3,1,0,0,1,"No Read Addr Cmds","No Read Addr Cmds","No Write Addr Cmds","No Write Addr Cmds","No Write Responses","No Write Responses","_","_","_","_","_","_","_","_","No Write Data Beats","No Write Data Beats"
1244,1244,0,0,1,1,0,0,0,8e5ffe20afb76fe31ba56e5faf65c9d2,0,3b9a3d13b8d6963fae1d8dc05a6037b2,0,1,0,1,ff81e4df,ffffffdb,0,1,0,0,0,00000000,"FIXED",3,00,"Data Secure Unprivileged","1 byte",0,0,00000000,"INCR",3,00,"Data Secure Unprivileged","4 bytes",0,0,ff8127fb,"OKAY",00000000,0,2,1,0,0,0,0,0,0,0,2,0,1,4,0,0,1,0,0037e400,"INCR",3,ff,0,"Data Secure Unprivileged",0,"4 bytes",0,00000000,"FIXED",0,00,0,"Data Secure Unprivileged",0,"1 byte",0,"OKAY",0,c08d1dae,"OKAY",00000000,4,2,0,1,0,0,0,0,2,0,1,0,2,1,0,2,1,0,c08d1dae,3,f,0,0,0,00000004,3,1,0,0,1,"No Read Addr Cmds","No Read Addr Cmds","No Write Addr Cmds","No Write Addr Cmds","No Write Responses","No Write Responses","_","_","_","_","_","_","_","_","No Write Data Beats","No Write Data Beats"
1245,1245,0,0,1,1,0,0,0,8e5ffe20afb76fe31ba56e5faf65c9d2,0,3b9a3d13b8d6963fae1d8dc05a6037b2,0,1,0,1,ff81e4df,ffffffdb,0,1,0,0,0,00000000,"FIXED",3,00,"Data Secure Unprivileged","1 byte",0,0,00000000,"INCR",3,00,"Data Secure Unprivileged","4 bytes",0,0,ff8127fb,"OKAY",00000000,0,2,1,0,0,0,0,0,0,0,2,0,1,4,0,0,1,0,0037e400,"INCR",3,ff,0,"Data Secure Unprivileged",0,"4 bytes",0,00000000,"FIXED",0,00,0,"Data Secure Unprivileged",0,"1 byte",0,"OKAY",0,c08d1dae,"OKAY",00000000,4,2,0,1,0,0,0,0,2,0,1,0,2,1,0,2,1,0,c08d1dae,3,f,0,0,0,00000004,3,1,0,0,1,"No Read Addr Cmds","No Read Addr Cmds","No Write Addr Cmds","No Write Addr Cmds","No Write Responses","No Write Responses","_","_","_","_","_","_","_","_","No Write Data Beats","No Write Data Beats"
1246,1246,0,0,1,1,0,0,0,8e5ffe20afb76fe31ba56e5faf65c9d2,0,3b9a3d13b8d6963fae1d8dc05a6037b2,0,1,0,1,ff81e4df,ffffffdb,0,1,0,0,0,00000000,"FIXED",3,00,"Data Secure Unprivileged","1 byte",0,0,00000000,"INCR",3,00,"Data Secure Unprivileged","4 bytes",0,0,ff8127fb,"OKAY",00000000,0,2,1,0,0,0,0,0,0,0,2,0,1,4,0,0,1,0,0037e400,"INCR",3,ff,0,"Data Secure Unprivileged",0,"4 bytes",0,00000000,"FIXED",0,00,0,"Data Secure Unprivileged",0,"1 byte",0,"OKAY",0,c08d1dae,"OKAY",00000000,4,2,0,1,0,0,0,0,2,0,1,0,2,1,0,2,1,0,c08d1dae,3,f,0,0,0,00000004,3,1,0,0,1,"No Read Addr Cmds","No Read Addr Cmds","No Write Addr Cmds","No Write Addr Cmds","No Write Responses","No Write Responses","_","_","_","_","_","_","_","_","No Write Data Beats","No Write Data Beats"
1247,1247,0,0,1,1,0,0,0,8e5ffe20afb76fe31ba56e5faf65c9d2,0,3b9a3d13b8d6963fae1d8dc05a6037b2,0,1,0,1,ff81e4df,ffffffdb,0,1,0,0,0,00000000,"FIXED",3,00,"Data Secure Unprivileged","1 byte",0,0,00000000,"INCR",3,00,"Data Secure Unprivileged","4 bytes",0,0,ff8127fb,"OKAY",00000000,0,2,1,0,0,0,0,0,0,0,2,0,1,4,0,0,1,0,0037e400,"INCR",3,ff,0,"Data Secure Unprivileged",0,"4 bytes",0,00000000,"FIXED",0,00,0,"Data Secure Unprivileged",0,"1 byte",0,"OKAY",0,c08d1dae,"OKAY",00000000,4,2,0,1,0,0,0,0,2,0,1,0,2,1,0,2,1,0,c08d1dae,3,f,0,0,0,00000004,3,1,0,0,1,"No Read Addr Cmds","No Read Addr Cmds","No Write Addr Cmds","No Write Addr Cmds","No Write Responses","No Write Responses","_","_","_","_","_","_","_","_","No Write Data Beats","No Write Data Beats"
1248,1248,0,0,1,1,0,0,0,8e5ffe20afb76fe31ba56e5faf65c9d2,0,3b9a3d13b8d6963fae1d8dc05a6037b2,0,1,0,1,ff81e4df,ffffffdb,0,1,0,0,0,00000000,"FIXED",3,00,"Data Secure Unprivileged","1 byte",0,0,00000000,"INCR",3,00,"Data Secure Unprivileged","4 bytes",0,0,ff8127fb,"OKAY",00000000,0,2,1,0,0,0,0,0,0,0,2,0,1,4,0,0,1,0,0037e400,"INCR",3,ff,0,"Data Secure Unprivileged",0,"4 bytes",0,00000000,"FIXED",0,00,0,"Data Secure Unprivileged",0,"1 byte",0,"OKAY",0,c08d1dae,"OKAY",00000000,4,2,0,1,0,0,0,0,2,0,1,0,2,1,0,2,1,0,c08d1dae,3,f,0,0,0,00000004,3,1,0,0,1,"No Read Addr Cmds","No Read Addr Cmds","No Write Addr Cmds","No Write Addr Cmds","No Write Responses","No Write Responses","_","_","_","_","_","_","_","_","No Write Data Beats","No Write Data Beats"
1249,1249,0,0,1,1,0,0,0,8e5ffe20afb76fe31ba56e5faf65c9d2,0,3b9a3d13b8d6963fae1d8dc05a6037b2,0,1,0,1,ff81e4df,ffffffdb,0,1,0,0,0,00000000,"FIXED",3,00,"Data Secure Unprivileged","1 byte",0,0,00000000,"INCR",3,00,"Data Secure Unprivileged","4 bytes",0,0,ff8127fb,"OKAY",00000000,0,2,1,0,0,0,0,0,0,0,2,0,1,4,0,0,1,0,0037e400,"INCR",3,ff,0,"Data Secure Unprivileged",0,"4 bytes",0,00000000,"FIXED",0,00,0,"Data Secure Unprivileged",0,"1 byte",0,"OKAY",0,c08d1dae,"OKAY",00000000,4,2,0,1,0,0,0,0,2,0,1,0,2,1,0,2,1,0,c08d1dae,3,f,0,0,0,00000004,3,1,0,0,1,"No Read Addr Cmds","No Read Addr Cmds","No Write Addr Cmds","No Write Addr Cmds","No Write Responses","No Write Responses","_","_","_","_","_","_","_","_","No Write Data Beats","No Write Data Beats"
1250,1250,0,0,1,1,0,0,0,8e5ffe20afb76fe31ba56e5faf65c9d2,0,3b9a3d13b8d6963fae1d8dc05a6037b2,0,1,0,1,ff81e4df,ffffffdb,0,1,0,0,0,00000000,"FIXED",3,00,"Data Secure Unprivileged","1 byte",0,0,00000000,"INCR",3,00,"Data Secure Unprivileged","4 bytes",0,0,ff8127fb,"OKAY",00000000,0,2,1,0,0,0,0,0,0,0,2,0,1,4,0,0,1,0,0037e400,"INCR",3,ff,0,"Data Secure Unprivileged",0,"4 bytes",0,00000000,"FIXED",0,00,0,"Data Secure Unprivileged",0,"1 byte",0,"OKAY",0,c08d1dae,"OKAY",00000000,4,2,0,1,0,0,0,0,2,0,1,0,2,1,0,2,1,0,c08d1dae,3,f,0,0,0,00000004,3,1,0,0,1,"No Read Addr Cmds","No Read Addr Cmds","No Write Addr Cmds","No Write Addr Cmds","No Write Responses","No Write Responses","_","_","_","_","_","_","_","_","No Write Data Beats","No Write Data Beats"
1251,1251,0,0,1,1,0,0,0,8e5ffe20afb76fe31ba56e5faf65c9d2,0,3b9a3d13b8d6963fae1d8dc05a6037b2,0,1,0,1,ff81e4df,ffffffdb,0,1,0,0,0,00000000,"FIXED",3,00,"Data Secure Unprivileged","1 byte",0,0,00000000,"INCR",3,00,"Data Secure Unprivileged","4 bytes",0,0,ff8127fb,"OKAY",00000000,0,2,1,0,0,0,0,0,0,0,2,0,1,4,0,0,1,0,0037e400,"INCR",3,ff,0,"Data Secure Unprivileged",0,"4 bytes",0,00000000,"FIXED",0,00,0,"Data Secure Unprivileged",0,"1 byte",0,"OKAY",0,c08d1dae,"OKAY",00000000,4,2,0,1,0,0,0,0,2,0,1,0,2,1,0,2,1,0,c08d1dae,3,f,0,0,0,00000004,3,1,0,0,1,"No Read Addr Cmds","No Read Addr Cmds","No Write Addr Cmds","No Write Addr Cmds","No Write Responses","No Write Responses","_","_","_","_","_","_","_","_","No Write Data Beats","No Write Data Beats"
1252,1252,0,0,1,1,0,0,0,8e5ffe20afb76fe31ba56e5faf65c9d2,0,3b9a3d13b8d6963fae1d8dc05a6037b2,0,1,0,1,ff81e4df,ffffffdb,0,1,0,0,0,00000000,"FIXED",3,00,"Data Secure Unprivileged","1 byte",0,0,00000000,"INCR",3,00,"Data Secure Unprivileged","4 bytes",0,0,ff8127fb,"OKAY",00000000,0,2,1,0,0,0,0,0,0,0,2,0,1,4,0,0,1,0,0037e400,"INCR",3,ff,0,"Data Secure Unprivileged",0,"4 bytes",0,00000000,"FIXED",0,00,0,"Data Secure Unprivileged",0,"1 byte",0,"OKAY",0,c08d1dae,"OKAY",00000000,4,2,0,1,0,0,0,0,2,0,1,0,2,1,0,2,1,0,c08d1dae,3,f,0,0,0,00000004,3,1,0,0,1,"No Read Addr Cmds","No Read Addr Cmds","No Write Addr Cmds","No Write Addr Cmds","No Write Responses","No Write Responses","_","_","_","_","_","_","_","_","No Write Data Beats","No Write Data Beats"
1253,1253,0,0,1,1,0,0,0,8e5ffe20afb76fe31ba56e5faf65c9d2,0,3b9a3d13b8d6963fae1d8dc05a6037b2,0,1,0,1,ff81e4df,ffffffdb,0,1,0,0,0,00000000,"FIXED",3,00,"Data Secure Unprivileged","1 byte",0,0,00000000,"INCR",3,00,"Data Secure Unprivileged","4 bytes",0,0,ff8127fb,"OKAY",00000000,0,2,1,0,0,0,0,0,0,0,2,0,1,4,0,0,1,0,0037e400,"INCR",3,ff,0,"Data Secure Unprivileged",0,"4 bytes",0,00000000,"FIXED",0,00,0,"Data Secure Unprivileged",0,"1 byte",0,"OKAY",0,c08d1dae,"OKAY",00000000,4,2,0,1,0,0,0,0,2,0,1,0,2,1,0,2,1,0,c08d1dae,3,f,0,0,0,00000004,3,1,0,0,1,"No Read Addr Cmds","No Read Addr Cmds","No Write Addr Cmds","No Write Addr Cmds","No Write Responses","No Write Responses","_","_","_","_","_","_","_","_","No Write Data Beats","No Write Data Beats"
1254,1254,0,0,1,1,0,0,0,8e5ffe20afb76fe31ba56e5faf65c9d2,0,3b9a3d13b8d6963fae1d8dc05a6037b2,0,1,0,1,ff81e4df,ffffffdb,0,1,0,0,0,00000000,"FIXED",3,00,"Data Secure Unprivileged","1 byte",0,0,00000000,"INCR",3,00,"Data Secure Unprivileged","4 bytes",0,0,ff8127fb,"OKAY",00000000,0,2,1,0,0,0,0,0,0,0,2,0,1,4,0,0,1,0,0037e400,"INCR",3,ff,0,"Data Secure Unprivileged",0,"4 bytes",0,00000000,"FIXED",0,00,0,"Data Secure Unprivileged",0,"1 byte",0,"OKAY",0,c08d1dae,"OKAY",00000000,4,2,0,1,0,0,0,0,2,0,1,0,2,1,0,2,1,0,c08d1dae,3,f,0,0,0,00000004,3,1,0,0,1,"No Read Addr Cmds","No Read Addr Cmds","No Write Addr Cmds","No Write Addr Cmds","No Write Responses","No Write Responses","_","_","_","_","_","_","_","_","No Write Data Beats","No Write Data Beats"
1255,1255,0,0,1,1,0,0,0,8e5ffe20afb76fe31ba56e5faf65c9d2,0,3b9a3d13b8d6963fae1d8dc05a6037b2,0,1,0,1,ff81e4df,ffffffdb,0,1,0,0,0,00000000,"FIXED",3,00,"Data Secure Unprivileged","1 byte",0,0,00000000,"INCR",3,00,"Data Secure Unprivileged","4 bytes",0,0,ff8127fb,"OKAY",00000000,0,2,1,0,0,0,0,0,0,0,2,0,1,4,0,0,1,0,0037e400,"INCR",3,ff,0,"Data Secure Unprivileged",0,"4 bytes",0,00000000,"FIXED",0,00,0,"Data Secure Unprivileged",0,"1 byte",0,"OKAY",0,c08d1dae,"OKAY",00000000,4,2,0,1,0,0,0,0,2,0,1,0,2,1,0,2,1,0,c08d1dae,3,f,0,0,0,00000004,3,1,0,0,1,"No Read Addr Cmds","No Read Addr Cmds","No Write Addr Cmds","No Write Addr Cmds","No Write Responses","No Write Responses","_","_","_","_","_","_","_","_","No Write Data Beats","No Write Data Beats"
1256,1256,0,0,1,1,0,0,0,8e5ffe20afb76fe31ba56e5faf65c9d2,0,3b9a3d13b8d6963fae1d8dc05a6037b2,0,1,0,1,ff81e4df,ffffffdb,0,1,0,0,0,00000000,"FIXED",3,00,"Data Secure Unprivileged","1 byte",0,0,00000000,"INCR",3,00,"Data Secure Unprivileged","4 bytes",0,0,ff8127fb,"OKAY",00000000,0,2,1,0,0,0,0,0,0,0,2,0,1,4,0,0,1,0,0037e400,"INCR",3,ff,0,"Data Secure Unprivileged",0,"4 bytes",0,00000000,"FIXED",0,00,0,"Data Secure Unprivileged",0,"1 byte",0,"OKAY",0,c08d1dae,"OKAY",00000000,4,2,0,1,0,0,0,0,2,0,1,0,2,1,0,2,1,0,c08d1dae,3,f,0,0,0,00000004,3,1,0,0,1,"No Read Addr Cmds","No Read Addr Cmds","No Write Addr Cmds","No Write Addr Cmds","No Write Responses","No Write Responses","_","_","_","_","_","_","_","_","No Write Data Beats","No Write Data Beats"
1257,1257,0,0,1,1,0,0,0,8e5ffe20afb76fe31ba56e5faf65c9d2,0,3b9a3d13b8d6963fae1d8dc05a6037b2,0,1,0,1,ff81e4df,ffffffdb,0,1,0,0,0,00000000,"FIXED",3,00,"Data Secure Unprivileged","1 byte",0,0,00000000,"INCR",3,00,"Data Secure Unprivileged","4 bytes",0,0,ff8127fb,"OKAY",00000000,0,2,1,0,0,0,0,0,0,0,2,0,1,4,0,0,1,0,0037e400,"INCR",3,ff,0,"Data Secure Unprivileged",0,"4 bytes",0,00000000,"FIXED",0,00,0,"Data Secure Unprivileged",0,"1 byte",0,"OKAY",0,c08d1dae,"OKAY",00000000,4,2,0,1,0,0,0,0,2,0,1,0,2,1,0,2,1,0,c08d1dae,3,f,0,0,0,00000004,3,1,0,0,1,"No Read Addr Cmds","No Read Addr Cmds","No Write Addr Cmds","No Write Addr Cmds","No Write Responses","No Write Responses","_","_","_","_","_","_","_","_","No Write Data Beats","No Write Data Beats"
1258,1258,0,0,1,1,0,0,0,8e5ffe20afb76fe31ba56e5faf65c9d2,0,3b9a3d13b8d6963fae1d8dc05a6037b2,0,1,0,1,ff81e4df,ffffffdb,0,1,0,0,0,00000000,"FIXED",3,00,"Data Secure Unprivileged","1 byte",0,0,00000000,"INCR",3,00,"Data Secure Unprivileged","4 bytes",0,0,ff8127fb,"OKAY",00000000,0,2,1,0,0,0,0,0,0,0,2,0,1,4,0,0,1,0,0037e400,"INCR",3,ff,0,"Data Secure Unprivileged",0,"4 bytes",0,00000000,"FIXED",0,00,0,"Data Secure Unprivileged",0,"1 byte",0,"OKAY",0,c08d1dae,"OKAY",00000000,4,2,0,1,0,0,0,0,2,0,1,0,2,1,0,2,1,0,c08d1dae,3,f,0,0,0,00000004,3,1,0,0,1,"No Read Addr Cmds","No Read Addr Cmds","No Write Addr Cmds","No Write Addr Cmds","No Write Responses","No Write Responses","_","_","_","_","_","_","_","_","No Write Data Beats","No Write Data Beats"
1259,1259,0,0,1,1,0,0,0,8e5ffe20afb76fe31ba56e5faf65c9d2,0,3b9a3d13b8d6963fae1d8dc05a6037b2,0,1,0,1,ff81e4df,ffffffdb,0,1,0,0,0,00000000,"FIXED",3,00,"Data Secure Unprivileged","1 byte",0,0,00000000,"INCR",3,00,"Data Secure Unprivileged","4 bytes",0,0,ff8127fb,"OKAY",00000000,0,2,1,0,0,0,0,0,0,0,2,0,1,4,0,0,1,0,0037e400,"INCR",3,ff,0,"Data Secure Unprivileged",0,"4 bytes",0,00000000,"FIXED",0,00,0,"Data Secure Unprivileged",0,"1 byte",0,"OKAY",0,c08d1dae,"OKAY",00000000,4,2,0,1,0,0,0,0,2,0,1,0,2,1,0,2,1,0,c08d1dae,3,f,0,0,0,00000004,3,1,0,0,1,"No Read Addr Cmds","No Read Addr Cmds","No Write Addr Cmds","No Write Addr Cmds","No Write Responses","No Write Responses","_","_","_","_","_","_","_","_","No Write Data Beats","No Write Data Beats"
1260,1260,0,0,1,1,0,0,0,8e5ffe20afb76fe31ba56e5faf65c9d2,0,3b9a3d13b8d6963fae1d8dc05a6037b2,0,1,0,1,ff81e4df,ffffffdb,0,1,0,0,0,00000000,"FIXED",3,00,"Data Secure Unprivileged","1 byte",0,0,00000000,"INCR",3,00,"Data Secure Unprivileged","4 bytes",0,0,ff8127fb,"OKAY",00000000,0,2,1,0,0,0,0,0,0,0,2,0,1,4,0,0,1,0,0037e400,"INCR",3,ff,0,"Data Secure Unprivileged",0,"4 bytes",0,00000000,"FIXED",0,00,0,"Data Secure Unprivileged",0,"1 byte",0,"OKAY",0,c08d1dae,"OKAY",00000000,4,2,0,1,0,0,0,0,2,0,1,0,2,1,0,2,1,0,c08d1dae,3,f,0,0,0,00000004,3,1,0,0,1,"No Read Addr Cmds","No Read Addr Cmds","No Write Addr Cmds","No Write Addr Cmds","No Write Responses","No Write Responses","_","_","_","_","_","_","_","_","No Write Data Beats","No Write Data Beats"
1261,1261,0,0,1,1,0,0,0,8e5ffe20afb76fe31ba56e5faf65c9d2,0,3b9a3d13b8d6963fae1d8dc05a6037b2,0,1,0,1,ff81e4df,ffffffdb,0,1,0,0,0,00000000,"FIXED",3,00,"Data Secure Unprivileged","1 byte",0,0,00000000,"INCR",3,00,"Data Secure Unprivileged","4 bytes",0,0,ff8127fb,"OKAY",00000000,0,2,1,0,0,0,0,0,0,0,2,0,1,4,0,0,1,0,0037e400,"INCR",3,ff,0,"Data Secure Unprivileged",0,"4 bytes",0,00000000,"FIXED",0,00,0,"Data Secure Unprivileged",0,"1 byte",0,"OKAY",0,c08d1dae,"OKAY",00000000,4,2,0,1,0,0,0,0,2,0,1,0,2,1,0,2,1,0,c08d1dae,3,f,0,0,0,00000004,3,1,0,0,1,"No Read Addr Cmds","No Read Addr Cmds","No Write Addr Cmds","No Write Addr Cmds","No Write Responses","No Write Responses","_","_","_","_","_","_","_","_","No Write Data Beats","No Write Data Beats"
1262,1262,0,0,1,1,0,0,0,8e5ffe20afb76fe31ba56e5faf65c9d2,0,3b9a3d13b8d6963fae1d8dc05a6037b2,0,1,0,1,ff81e4df,ffffffdb,0,1,0,0,0,00000000,"FIXED",3,00,"Data Secure Unprivileged","1 byte",0,0,00000000,"INCR",3,00,"Data Secure Unprivileged","4 bytes",0,0,ff8127fb,"OKAY",00000000,0,2,1,0,0,0,0,0,0,0,2,0,1,4,0,0,1,0,0037e400,"INCR",3,ff,0,"Data Secure Unprivileged",0,"4 bytes",0,00000000,"FIXED",0,00,0,"Data Secure Unprivileged",0,"1 byte",0,"OKAY",0,c08d1dae,"OKAY",00000000,4,2,0,1,0,0,0,0,2,0,1,0,2,1,0,2,1,0,c08d1dae,3,f,0,0,0,00000004,3,1,0,0,1,"No Read Addr Cmds","No Read Addr Cmds","No Write Addr Cmds","No Write Addr Cmds","No Write Responses","No Write Responses","_","_","_","_","_","_","_","_","No Write Data Beats","No Write Data Beats"
1263,1263,0,0,1,1,0,0,0,8e5ffe20afb76fe31ba56e5faf65c9d2,0,3b9a3d13b8d6963fae1d8dc05a6037b2,0,1,0,1,ff81e4df,ffffffdb,0,1,0,0,0,00000000,"FIXED",3,00,"Data Secure Unprivileged","1 byte",0,0,00000000,"INCR",3,00,"Data Secure Unprivileged","4 bytes",0,0,ff8127fb,"OKAY",00000000,0,2,1,0,0,0,0,0,0,0,2,0,1,4,0,0,1,0,0037e400,"INCR",3,ff,0,"Data Secure Unprivileged",0,"4 bytes",0,00000000,"FIXED",0,00,0,"Data Secure Unprivileged",0,"1 byte",0,"OKAY",0,c08d1dae,"OKAY",00000000,4,2,0,1,0,0,0,0,2,0,1,0,2,1,0,2,1,0,c08d1dae,3,f,0,0,0,00000004,3,1,0,0,1,"No Read Addr Cmds","No Read Addr Cmds","No Write Addr Cmds","No Write Addr Cmds","No Write Responses","No Write Responses","_","_","_","_","_","_","_","_","No Write Data Beats","No Write Data Beats"
1264,1264,0,0,1,1,0,0,0,8e5ffe20afb76fe31ba56e5faf65c9d2,0,3b9a3d13b8d6963fae1d8dc05a6037b2,0,1,0,1,ff81e4df,ffffffdb,0,1,0,0,0,00000000,"FIXED",3,00,"Data Secure Unprivileged","1 byte",0,0,00000000,"INCR",3,00,"Data Secure Unprivileged","4 bytes",0,0,ff8127fb,"OKAY",00000000,0,2,1,0,0,0,0,0,0,0,2,0,1,4,0,0,1,0,0037e400,"INCR",3,ff,0,"Data Secure Unprivileged",0,"4 bytes",0,00000000,"FIXED",0,00,0,"Data Secure Unprivileged",0,"1 byte",0,"OKAY",0,c08d1dae,"OKAY",00000000,4,2,0,1,0,0,0,0,2,0,1,0,2,1,0,2,1,0,c08d1dae,3,f,0,0,0,00000004,3,1,0,0,1,"No Read Addr Cmds","No Read Addr Cmds","No Write Addr Cmds","No Write Addr Cmds","No Write Responses","No Write Responses","_","_","_","_","_","_","_","_","No Write Data Beats","No Write Data Beats"
1265,1265,0,0,1,1,0,0,0,8e5ffe20afb76fe31ba56e5faf65c9d2,0,3b9a3d13b8d6963fae1d8dc05a6037b2,0,1,0,1,ff81e4df,ffffffdb,0,1,0,0,0,00000000,"FIXED",3,00,"Data Secure Unprivileged","1 byte",0,0,00000000,"INCR",3,00,"Data Secure Unprivileged","4 bytes",0,0,ff8127fb,"OKAY",00000000,0,2,1,0,0,0,0,0,0,0,2,0,1,4,0,0,1,0,0037e400,"INCR",3,ff,0,"Data Secure Unprivileged",0,"4 bytes",0,00000000,"FIXED",0,00,0,"Data Secure Unprivileged",0,"1 byte",0,"OKAY",0,c08d1dae,"OKAY",00000000,4,2,0,1,0,0,0,0,2,0,1,0,2,1,0,2,1,0,c08d1dae,3,f,0,0,0,00000004,3,1,0,0,1,"No Read Addr Cmds","No Read Addr Cmds","No Write Addr Cmds","No Write Addr Cmds","No Write Responses","No Write Responses","_","_","_","_","_","_","_","_","No Write Data Beats","No Write Data Beats"
1266,1266,0,0,1,1,0,0,0,8e5ffe20afb76fe31ba56e5faf65c9d2,0,3b9a3d13b8d6963fae1d8dc05a6037b2,0,1,0,1,ff81e4df,ffffffdb,0,1,0,0,0,00000000,"FIXED",3,00,"Data Secure Unprivileged","1 byte",0,0,00000000,"INCR",3,00,"Data Secure Unprivileged","4 bytes",0,0,ff8127fb,"OKAY",00000000,0,2,1,0,0,0,0,0,0,0,2,0,1,4,0,0,1,0,0037e400,"INCR",3,ff,0,"Data Secure Unprivileged",0,"4 bytes",0,00000000,"FIXED",0,00,0,"Data Secure Unprivileged",0,"1 byte",0,"OKAY",0,c08d1dae,"OKAY",00000000,4,2,0,1,0,0,0,0,2,0,1,0,2,1,0,2,1,0,c08d1dae,3,f,0,0,0,00000004,3,1,0,0,1,"No Read Addr Cmds","No Read Addr Cmds","No Write Addr Cmds","No Write Addr Cmds","No Write Responses","No Write Responses","_","_","_","_","_","_","_","_","No Write Data Beats","No Write Data Beats"
1267,1267,0,0,1,1,0,0,0,8e5ffe20afb76fe31ba56e5faf65c9d2,0,3b9a3d13b8d6963fae1d8dc05a6037b2,0,1,0,1,ff81e4df,ffffffdb,0,1,0,0,0,00000000,"FIXED",3,00,"Data Secure Unprivileged","1 byte",0,0,00000000,"INCR",3,00,"Data Secure Unprivileged","4 bytes",0,0,ff8127fb,"OKAY",00000000,0,2,1,0,0,0,0,0,0,0,2,0,1,4,0,0,1,0,0037e400,"INCR",3,ff,0,"Data Secure Unprivileged",0,"4 bytes",0,00000000,"FIXED",0,00,0,"Data Secure Unprivileged",0,"1 byte",0,"OKAY",0,c08d1dae,"OKAY",00000000,4,2,0,1,0,0,0,0,2,0,1,0,2,1,0,2,1,0,c08d1dae,3,f,0,0,0,00000004,3,1,0,0,1,"No Read Addr Cmds","No Read Addr Cmds","No Write Addr Cmds","No Write Addr Cmds","No Write Responses","No Write Responses","_","_","_","_","_","_","_","_","No Write Data Beats","No Write Data Beats"
1268,1268,0,0,1,1,0,0,0,8e5ffe20afb76fe31ba56e5faf65c9d2,0,3b9a3d13b8d6963fae1d8dc05a6037b2,0,1,0,1,ff81e4df,ffffffdb,0,1,0,0,0,00000000,"FIXED",3,00,"Data Secure Unprivileged","1 byte",0,0,00000000,"INCR",3,00,"Data Secure Unprivileged","4 bytes",0,0,ff8127fb,"OKAY",00000000,0,2,1,0,0,0,0,0,0,0,2,0,1,4,0,0,1,0,0037e400,"INCR",3,ff,0,"Data Secure Unprivileged",0,"4 bytes",0,00000000,"FIXED",0,00,0,"Data Secure Unprivileged",0,"1 byte",0,"OKAY",0,c08d1dae,"OKAY",00000000,4,2,0,1,0,0,0,0,2,0,1,0,2,1,0,2,1,0,c08d1dae,3,f,0,0,0,00000004,3,1,0,0,1,"No Read Addr Cmds","No Read Addr Cmds","No Write Addr Cmds","No Write Addr Cmds","No Write Responses","No Write Responses","_","_","_","_","_","_","_","_","No Write Data Beats","No Write Data Beats"
1269,1269,0,0,1,1,0,0,0,8e5ffe20afb76fe31ba56e5faf65c9d2,0,3b9a3d13b8d6963fae1d8dc05a6037b2,0,1,0,1,ff81e4df,ffffffdb,0,1,0,0,0,00000000,"FIXED",3,00,"Data Secure Unprivileged","1 byte",0,0,00000000,"INCR",3,00,"Data Secure Unprivileged","4 bytes",0,0,ff8127fb,"OKAY",00000000,0,2,1,0,0,0,0,0,0,0,2,0,1,4,0,0,1,0,0037e400,"INCR",3,ff,0,"Data Secure Unprivileged",0,"4 bytes",0,00000000,"FIXED",0,00,0,"Data Secure Unprivileged",0,"1 byte",0,"OKAY",0,c08d1dae,"OKAY",00000000,4,2,0,1,0,0,0,0,2,0,1,0,2,1,0,2,1,0,c08d1dae,3,f,0,0,0,00000004,3,1,0,0,1,"No Read Addr Cmds","No Read Addr Cmds","No Write Addr Cmds","No Write Addr Cmds","No Write Responses","No Write Responses","_","_","_","_","_","_","_","_","No Write Data Beats","No Write Data Beats"
1270,1270,0,0,1,1,0,0,0,8e5ffe20afb76fe31ba56e5faf65c9d2,0,3b9a3d13b8d6963fae1d8dc05a6037b2,0,1,0,1,ff81e4df,ffffffdb,0,1,0,0,0,00000000,"FIXED",3,00,"Data Secure Unprivileged","1 byte",0,0,00000000,"INCR",3,00,"Data Secure Unprivileged","4 bytes",0,0,ff8127fb,"OKAY",00000000,0,2,1,0,0,0,0,0,0,0,2,0,1,4,0,0,1,0,0037e400,"INCR",3,ff,0,"Data Secure Unprivileged",0,"4 bytes",0,00000000,"FIXED",0,00,0,"Data Secure Unprivileged",0,"1 byte",0,"OKAY",0,c08d1dae,"OKAY",00000000,4,2,0,1,0,0,0,0,2,0,1,0,2,1,0,2,1,0,c08d1dae,3,f,0,0,0,00000004,3,1,0,0,1,"No Read Addr Cmds","No Read Addr Cmds","No Write Addr Cmds","No Write Addr Cmds","No Write Responses","No Write Responses","_","_","_","_","_","_","_","_","No Write Data Beats","No Write Data Beats"
1271,1271,0,0,1,1,0,0,0,8e5ffe20afb76fe31ba56e5faf65c9d2,0,3b9a3d13b8d6963fae1d8dc05a6037b2,0,1,0,1,ff81e4df,ffffffdb,0,1,0,0,0,00000000,"FIXED",3,00,"Data Secure Unprivileged","1 byte",0,0,00000000,"INCR",3,00,"Data Secure Unprivileged","4 bytes",0,0,ff8127fb,"OKAY",00000000,0,2,1,0,0,0,0,0,0,0,2,0,1,4,0,0,1,0,0037e400,"INCR",3,ff,0,"Data Secure Unprivileged",0,"4 bytes",0,00000000,"FIXED",0,00,0,"Data Secure Unprivileged",0,"1 byte",0,"OKAY",0,c08d1dae,"OKAY",00000000,4,2,0,1,0,0,0,0,2,0,1,0,2,1,0,2,1,0,c08d1dae,3,f,0,0,0,00000004,3,1,0,0,1,"No Read Addr Cmds","No Read Addr Cmds","No Write Addr Cmds","No Write Addr Cmds","No Write Responses","No Write Responses","_","_","_","_","_","_","_","_","No Write Data Beats","No Write Data Beats"
1272,1272,0,0,1,1,0,0,0,8e5ffe20afb76fe31ba56e5faf65c9d2,0,3b9a3d13b8d6963fae1d8dc05a6037b2,0,1,0,1,ff81e4df,ffffffdb,0,1,0,0,0,00000000,"FIXED",3,00,"Data Secure Unprivileged","1 byte",0,0,00000000,"INCR",3,00,"Data Secure Unprivileged","4 bytes",0,0,ff8127fb,"OKAY",00000000,0,2,1,0,0,0,0,0,0,0,2,0,1,4,0,0,1,0,0037e400,"INCR",3,ff,0,"Data Secure Unprivileged",0,"4 bytes",0,00000000,"FIXED",0,00,0,"Data Secure Unprivileged",0,"1 byte",0,"OKAY",0,c08d1dae,"OKAY",00000000,4,2,0,1,0,0,0,0,2,0,1,0,2,1,0,2,1,0,c08d1dae,3,f,0,0,0,00000004,3,1,0,0,1,"No Read Addr Cmds","No Read Addr Cmds","No Write Addr Cmds","No Write Addr Cmds","No Write Responses","No Write Responses","_","_","_","_","_","_","_","_","No Write Data Beats","No Write Data Beats"
1273,1273,0,0,1,1,0,0,0,8e5ffe20afb76fe31ba56e5faf65c9d2,0,3b9a3d13b8d6963fae1d8dc05a6037b2,0,1,0,1,ff81e4df,ffffffdb,0,1,0,0,0,00000000,"FIXED",3,00,"Data Secure Unprivileged","1 byte",0,0,00000000,"INCR",3,00,"Data Secure Unprivileged","4 bytes",0,0,ff8127fb,"OKAY",00000000,0,2,1,0,0,0,0,0,0,0,2,0,1,4,0,0,1,0,0037e400,"INCR",3,ff,0,"Data Secure Unprivileged",0,"4 bytes",0,00000000,"FIXED",0,00,0,"Data Secure Unprivileged",0,"1 byte",0,"OKAY",0,c08d1dae,"OKAY",00000000,4,2,0,1,0,0,0,0,2,0,1,0,2,1,0,2,1,0,c08d1dae,3,f,0,0,0,00000004,3,1,0,0,1,"No Read Addr Cmds","No Read Addr Cmds","No Write Addr Cmds","No Write Addr Cmds","No Write Responses","No Write Responses","_","_","_","_","_","_","_","_","No Write Data Beats","No Write Data Beats"
1274,1274,0,0,1,1,0,0,0,8e5ffe20afb76fe31ba56e5faf65c9d2,0,3b9a3d13b8d6963fae1d8dc05a6037b2,0,1,0,1,ff81e4df,ffffffdb,0,1,0,0,0,00000000,"FIXED",3,00,"Data Secure Unprivileged","1 byte",0,0,00000000,"INCR",3,00,"Data Secure Unprivileged","4 bytes",0,0,ff8127fb,"OKAY",00000000,0,2,1,0,0,0,0,0,0,0,2,0,1,4,0,0,1,0,0037e400,"INCR",3,ff,0,"Data Secure Unprivileged",0,"4 bytes",0,00000000,"FIXED",0,00,0,"Data Secure Unprivileged",0,"1 byte",0,"OKAY",0,c08d1dae,"OKAY",00000000,4,2,0,1,0,0,0,0,2,0,1,0,2,1,0,2,1,0,c08d1dae,3,f,0,0,0,00000004,3,1,0,0,1,"No Read Addr Cmds","No Read Addr Cmds","No Write Addr Cmds","No Write Addr Cmds","No Write Responses","No Write Responses","_","_","_","_","_","_","_","_","No Write Data Beats","No Write Data Beats"
1275,1275,0,0,1,1,0,0,0,8e5ffe20afb76fe31ba56e5faf65c9d2,0,3b9a3d13b8d6963fae1d8dc05a6037b2,0,1,0,1,ff81e4df,ffffffdb,0,1,0,0,0,00000000,"FIXED",3,00,"Data Secure Unprivileged","1 byte",0,0,00000000,"INCR",3,00,"Data Secure Unprivileged","4 bytes",0,0,ff8127fb,"OKAY",00000000,0,2,1,0,0,0,0,0,0,0,2,0,1,4,0,0,1,0,0037e400,"INCR",3,ff,0,"Data Secure Unprivileged",0,"4 bytes",0,00000000,"FIXED",0,00,0,"Data Secure Unprivileged",0,"1 byte",0,"OKAY",0,c08d1dae,"OKAY",00000000,4,2,0,1,0,0,0,0,2,0,1,0,2,1,0,2,1,0,c08d1dae,3,f,0,0,0,00000004,3,1,0,0,1,"No Read Addr Cmds","No Read Addr Cmds","No Write Addr Cmds","No Write Addr Cmds","No Write Responses","No Write Responses","_","_","_","_","_","_","_","_","No Write Data Beats","No Write Data Beats"
1276,1276,0,0,1,1,0,0,0,8e5ffe20afb76fe31ba56e5faf65c9d2,0,3b9a3d13b8d6963fae1d8dc05a6037b2,0,1,0,1,ff81e4df,ffffffdb,0,1,0,0,0,00000000,"FIXED",3,00,"Data Secure Unprivileged","1 byte",0,0,00000000,"INCR",3,00,"Data Secure Unprivileged","4 bytes",0,0,ff8127fb,"OKAY",00000000,0,2,1,0,0,0,0,0,0,0,2,0,1,4,0,0,1,0,0037e400,"INCR",3,ff,0,"Data Secure Unprivileged",0,"4 bytes",0,00000000,"FIXED",0,00,0,"Data Secure Unprivileged",0,"1 byte",0,"OKAY",0,c08d1dae,"OKAY",00000000,4,2,0,1,0,0,0,0,2,0,1,0,2,1,0,2,1,0,c08d1dae,3,f,0,0,0,00000004,3,1,0,0,1,"No Read Addr Cmds","No Read Addr Cmds","No Write Addr Cmds","No Write Addr Cmds","No Write Responses","No Write Responses","_","_","_","_","_","_","_","_","No Write Data Beats","No Write Data Beats"
1277,1277,0,0,1,1,0,0,0,8e5ffe20afb76fe31ba56e5faf65c9d2,0,3b9a3d13b8d6963fae1d8dc05a6037b2,0,1,0,1,ff81e4df,ffffffdb,0,1,0,0,0,00000000,"FIXED",3,00,"Data Secure Unprivileged","1 byte",0,0,00000000,"INCR",3,00,"Data Secure Unprivileged","4 bytes",0,0,ff8127fb,"OKAY",00000000,0,2,1,0,0,0,0,0,0,0,2,0,1,4,0,0,1,0,0037e400,"INCR",3,ff,0,"Data Secure Unprivileged",0,"4 bytes",0,00000000,"FIXED",0,00,0,"Data Secure Unprivileged",0,"1 byte",0,"OKAY",0,c08d1dae,"OKAY",00000000,4,2,0,1,0,0,0,0,2,0,1,0,2,1,0,2,1,0,c08d1dae,3,f,0,0,0,00000004,3,1,0,0,1,"No Read Addr Cmds","No Read Addr Cmds","No Write Addr Cmds","No Write Addr Cmds","No Write Responses","No Write Responses","_","_","_","_","_","_","_","_","No Write Data Beats","No Write Data Beats"
1278,1278,0,0,1,1,0,0,0,8e5ffe20afb76fe31ba56e5faf65c9d2,0,3b9a3d13b8d6963fae1d8dc05a6037b2,0,1,0,1,ff81e4df,ffffffdb,0,1,0,0,0,00000000,"FIXED",3,00,"Data Secure Unprivileged","1 byte",0,0,00000000,"INCR",3,00,"Data Secure Unprivileged","4 bytes",0,0,ff8127fb,"OKAY",00000000,0,2,1,0,0,0,0,0,0,0,2,0,1,4,0,0,1,0,0037e400,"INCR",3,ff,0,"Data Secure Unprivileged",0,"4 bytes",0,00000000,"FIXED",0,00,0,"Data Secure Unprivileged",0,"1 byte",0,"OKAY",0,c08d1dae,"OKAY",00000000,4,2,0,1,0,0,0,0,2,0,1,0,2,1,0,2,1,0,c08d1dae,3,f,0,0,0,00000004,3,1,0,0,1,"No Read Addr Cmds","No Read Addr Cmds","No Write Addr Cmds","No Write Addr Cmds","No Write Responses","No Write Responses","_","_","_","_","_","_","_","_","No Write Data Beats","No Write Data Beats"
1279,1279,0,0,1,1,0,0,0,8e5ffe20afb76fe31ba56e5faf65c9d2,0,3b9a3d13b8d6963fae1d8dc05a6037b2,0,1,0,1,ff81e4df,ffffffdb,0,1,0,0,0,00000000,"FIXED",3,00,"Data Secure Unprivileged","1 byte",0,0,00000000,"INCR",3,00,"Data Secure Unprivileged","4 bytes",0,0,ff8127fb,"OKAY",00000000,0,2,1,0,0,0,0,0,0,0,2,0,1,4,0,0,1,0,0037e400,"INCR",3,ff,0,"Data Secure Unprivileged",0,"4 bytes",0,00000000,"FIXED",0,00,0,"Data Secure Unprivileged",0,"1 byte",0,"OKAY",0,c08d1dae,"OKAY",00000000,4,2,0,1,0,0,0,0,2,0,1,0,2,1,0,2,1,0,c08d1dae,3,f,0,0,0,00000004,3,1,0,0,1,"No Read Addr Cmds","No Read Addr Cmds","No Write Addr Cmds","No Write Addr Cmds","No Write Responses","No Write Responses","_","_","_","_","_","_","_","_","No Write Data Beats","No Write Data Beats"
1280,1280,0,0,1,1,0,0,0,8e5ffe20afb76fe31ba56e5faf65c9d2,0,3b9a3d13b8d6963fae1d8dc05a6037b2,0,1,0,1,ff81e4df,ffffffdb,0,1,0,0,0,00000000,"FIXED",3,00,"Data Secure Unprivileged","1 byte",0,0,00000000,"INCR",3,00,"Data Secure Unprivileged","4 bytes",0,0,ff8127fb,"OKAY",00000000,0,2,1,0,0,0,0,0,0,0,2,0,1,4,0,0,1,0,0037e400,"INCR",3,ff,0,"Data Secure Unprivileged",0,"4 bytes",0,00000000,"FIXED",0,00,0,"Data Secure Unprivileged",0,"1 byte",0,"OKAY",0,c08d1dae,"OKAY",00000000,4,2,0,1,0,0,0,0,2,0,1,0,2,1,0,2,1,0,c08d1dae,3,f,0,0,0,00000004,3,1,0,0,1,"No Read Addr Cmds","No Read Addr Cmds","No Write Addr Cmds","No Write Addr Cmds","No Write Responses","No Write Responses","_","_","_","_","_","_","_","_","No Write Data Beats","No Write Data Beats"
1281,1281,0,0,1,1,0,0,0,8e5ffe20afb76fe31ba56e5faf65c9d2,0,3b9a3d13b8d6963fae1d8dc05a6037b2,0,1,0,1,ff81e4df,ffffffdb,0,1,0,0,0,00000000,"FIXED",3,00,"Data Secure Unprivileged","1 byte",0,0,00000000,"INCR",3,00,"Data Secure Unprivileged","4 bytes",0,0,ff8127fb,"OKAY",00000000,0,2,1,0,0,0,0,0,0,0,2,0,1,4,0,0,1,0,0037e400,"INCR",3,ff,0,"Data Secure Unprivileged",0,"4 bytes",0,00000000,"FIXED",0,00,0,"Data Secure Unprivileged",0,"1 byte",0,"OKAY",0,c08d1dae,"OKAY",00000000,4,2,0,1,0,0,0,0,2,0,1,0,2,1,0,2,1,0,c08d1dae,3,f,0,0,0,00000004,3,1,0,0,1,"No Read Addr Cmds","No Read Addr Cmds","No Write Addr Cmds","No Write Addr Cmds","No Write Responses","No Write Responses","_","_","_","_","_","_","_","_","No Write Data Beats","No Write Data Beats"
1282,1282,0,0,1,1,0,0,0,8e5ffe20afb76fe31ba56e5faf65c9d2,0,3b9a3d13b8d6963fae1d8dc05a6037b2,0,1,0,1,ff81e4df,ffffffdb,0,1,0,0,0,00000000,"FIXED",3,00,"Data Secure Unprivileged","1 byte",0,0,00000000,"INCR",3,00,"Data Secure Unprivileged","4 bytes",0,0,ff8127fb,"OKAY",00000000,0,2,1,0,0,0,0,0,0,0,2,0,1,4,0,0,1,0,0037e400,"INCR",3,ff,0,"Data Secure Unprivileged",0,"4 bytes",0,00000000,"FIXED",0,00,0,"Data Secure Unprivileged",0,"1 byte",0,"OKAY",0,c08d1dae,"OKAY",00000000,4,2,0,1,0,0,0,0,2,0,1,0,2,1,0,2,1,0,c08d1dae,3,f,0,0,0,00000004,3,1,0,0,1,"No Read Addr Cmds","No Read Addr Cmds","No Write Addr Cmds","No Write Addr Cmds","No Write Responses","No Write Responses","_","_","_","_","_","_","_","_","No Write Data Beats","No Write Data Beats"
1283,1283,0,0,1,1,0,0,0,8e5ffe20afb76fe31ba56e5faf65c9d2,0,3b9a3d13b8d6963fae1d8dc05a6037b2,0,1,0,1,ff81e4df,ffffffdb,0,1,0,0,0,00000000,"FIXED",3,00,"Data Secure Unprivileged","1 byte",0,0,00000000,"INCR",3,00,"Data Secure Unprivileged","4 bytes",0,0,ff8127fb,"OKAY",00000000,0,2,1,0,0,0,0,0,0,0,2,0,1,4,0,0,1,0,0037e400,"INCR",3,ff,0,"Data Secure Unprivileged",0,"4 bytes",0,00000000,"FIXED",0,00,0,"Data Secure Unprivileged",0,"1 byte",0,"OKAY",0,c08d1dae,"OKAY",00000000,4,2,0,1,0,0,0,0,2,0,1,0,2,1,0,2,1,0,c08d1dae,3,f,0,0,0,00000004,3,1,0,0,1,"No Read Addr Cmds","No Read Addr Cmds","No Write Addr Cmds","No Write Addr Cmds","No Write Responses","No Write Responses","_","_","_","_","_","_","_","_","No Write Data Beats","No Write Data Beats"
1284,1284,0,0,1,1,0,0,0,8e5ffe20afb76fe31ba56e5faf65c9d2,0,3b9a3d13b8d6963fae1d8dc05a6037b2,0,1,0,1,ff81e4df,ffffffdb,0,1,0,0,0,00000000,"FIXED",3,00,"Data Secure Unprivileged","1 byte",0,0,00000000,"INCR",3,00,"Data Secure Unprivileged","4 bytes",0,0,ff8127fb,"OKAY",00000000,0,2,1,0,0,0,0,0,0,0,2,0,1,4,0,0,1,0,0037e400,"INCR",3,ff,0,"Data Secure Unprivileged",0,"4 bytes",0,00000000,"FIXED",0,00,0,"Data Secure Unprivileged",0,"1 byte",0,"OKAY",0,c08d1dae,"OKAY",00000000,4,2,0,1,0,0,0,0,2,0,1,0,2,1,0,2,1,0,c08d1dae,3,f,0,0,0,00000004,3,1,0,0,1,"No Read Addr Cmds","No Read Addr Cmds","No Write Addr Cmds","No Write Addr Cmds","No Write Responses","No Write Responses","_","_","_","_","_","_","_","_","No Write Data Beats","No Write Data Beats"
1285,1285,0,0,1,1,0,0,0,8e5ffe20afb76fe31ba56e5faf65c9d2,0,3b9a3d13b8d6963fae1d8dc05a6037b2,0,1,0,1,ff81e4df,ffffffdb,0,1,0,0,0,00000000,"FIXED",3,00,"Data Secure Unprivileged","1 byte",0,0,00000000,"INCR",3,00,"Data Secure Unprivileged","4 bytes",0,0,ff8127fb,"OKAY",00000000,0,2,1,0,0,0,0,0,0,0,2,0,1,4,0,0,1,0,0037e400,"INCR",3,ff,0,"Data Secure Unprivileged",0,"4 bytes",0,00000000,"FIXED",0,00,0,"Data Secure Unprivileged",0,"1 byte",0,"OKAY",0,c08d1dae,"OKAY",00000000,4,2,0,1,0,0,0,0,2,0,1,0,2,1,0,2,1,0,c08d1dae,3,f,0,0,0,00000004,3,1,0,0,1,"No Read Addr Cmds","No Read Addr Cmds","No Write Addr Cmds","No Write Addr Cmds","No Write Responses","No Write Responses","_","_","_","_","_","_","_","_","No Write Data Beats","No Write Data Beats"
1286,1286,0,0,1,1,0,0,0,8e5ffe20afb76fe31ba56e5faf65c9d2,0,3b9a3d13b8d6963fae1d8dc05a6037b2,0,1,0,1,ff81e4df,ffffffdb,0,1,0,0,0,00000000,"FIXED",3,00,"Data Secure Unprivileged","1 byte",0,0,00000000,"INCR",3,00,"Data Secure Unprivileged","4 bytes",0,0,ff8127fb,"OKAY",00000000,0,2,1,0,0,0,0,0,0,0,2,0,1,4,0,0,1,0,0037e400,"INCR",3,ff,0,"Data Secure Unprivileged",0,"4 bytes",0,00000000,"FIXED",0,00,0,"Data Secure Unprivileged",0,"1 byte",0,"OKAY",0,c08d1dae,"OKAY",00000000,4,2,0,1,0,0,0,0,2,0,1,0,2,1,0,2,1,0,c08d1dae,3,f,0,0,0,00000004,3,1,0,0,1,"No Read Addr Cmds","No Read Addr Cmds","No Write Addr Cmds","No Write Addr Cmds","No Write Responses","No Write Responses","_","_","_","_","_","_","_","_","No Write Data Beats","No Write Data Beats"
1287,1287,0,0,1,1,0,0,0,8e5ffe20afb76fe31ba56e5faf65c9d2,0,3b9a3d13b8d6963fae1d8dc05a6037b2,0,1,0,1,ff81e4df,ffffffdb,0,1,0,0,0,00000000,"FIXED",3,00,"Data Secure Unprivileged","1 byte",0,0,00000000,"INCR",3,00,"Data Secure Unprivileged","4 bytes",0,0,ff8127fb,"OKAY",00000000,0,2,1,0,0,0,0,0,0,0,2,0,1,4,0,0,1,0,0037e400,"INCR",3,ff,0,"Data Secure Unprivileged",0,"4 bytes",0,00000000,"FIXED",0,00,0,"Data Secure Unprivileged",0,"1 byte",0,"OKAY",0,c08d1dae,"OKAY",00000000,4,2,0,1,0,0,0,0,2,0,1,0,2,1,0,2,1,0,c08d1dae,3,f,0,0,0,00000004,3,1,0,0,1,"No Read Addr Cmds","No Read Addr Cmds","No Write Addr Cmds","No Write Addr Cmds","No Write Responses","No Write Responses","_","_","_","_","_","_","_","_","No Write Data Beats","No Write Data Beats"
1288,1288,0,0,1,1,0,0,0,8e5ffe20afb76fe31ba56e5faf65c9d2,0,3b9a3d13b8d6963fae1d8dc05a6037b2,0,1,0,1,ff81e4df,ffffffdb,0,1,0,0,0,00000000,"FIXED",3,00,"Data Secure Unprivileged","1 byte",0,0,00000000,"INCR",3,00,"Data Secure Unprivileged","4 bytes",0,0,ff8127fb,"OKAY",00000000,0,2,1,0,0,0,0,0,0,0,2,0,1,4,0,0,1,0,0037e400,"INCR",3,ff,0,"Data Secure Unprivileged",0,"4 bytes",0,00000000,"FIXED",0,00,0,"Data Secure Unprivileged",0,"1 byte",0,"OKAY",0,c08d1dae,"OKAY",00000000,4,2,0,1,0,0,0,0,2,0,1,0,2,1,0,2,1,0,c08d1dae,3,f,0,0,0,00000004,3,1,0,0,1,"No Read Addr Cmds","No Read Addr Cmds","No Write Addr Cmds","No Write Addr Cmds","No Write Responses","No Write Responses","_","_","_","_","_","_","_","_","No Write Data Beats","No Write Data Beats"
1289,1289,0,0,1,1,0,0,0,8e5ffe20afb76fe31ba56e5faf65c9d2,0,3b9a3d13b8d6963fae1d8dc05a6037b2,0,1,0,1,ff81e4df,ffffffdb,0,1,0,0,0,00000000,"FIXED",3,00,"Data Secure Unprivileged","1 byte",0,0,00000000,"INCR",3,00,"Data Secure Unprivileged","4 bytes",0,0,ff8127fb,"OKAY",00000000,0,2,1,0,0,0,0,0,0,0,2,0,1,4,0,0,1,0,0037e400,"INCR",3,ff,0,"Data Secure Unprivileged",0,"4 bytes",0,00000000,"FIXED",0,00,0,"Data Secure Unprivileged",0,"1 byte",0,"OKAY",0,c08d1dae,"OKAY",00000000,4,2,0,1,0,0,0,0,2,0,1,0,2,1,0,2,1,0,c08d1dae,3,f,0,0,0,00000004,3,1,0,0,1,"No Read Addr Cmds","No Read Addr Cmds","No Write Addr Cmds","No Write Addr Cmds","No Write Responses","No Write Responses","_","_","_","_","_","_","_","_","No Write Data Beats","No Write Data Beats"
1290,1290,0,0,1,1,0,0,0,8e5ffe20afb76fe31ba56e5faf65c9d2,0,3b9a3d13b8d6963fae1d8dc05a6037b2,0,1,0,1,ff81e4df,ffffffdb,0,1,0,0,0,00000000,"FIXED",3,00,"Data Secure Unprivileged","1 byte",0,0,00000000,"INCR",3,00,"Data Secure Unprivileged","4 bytes",0,0,ff8127fb,"OKAY",00000000,0,2,1,0,0,0,0,0,0,0,2,0,1,4,0,0,1,0,0037e400,"INCR",3,ff,0,"Data Secure Unprivileged",0,"4 bytes",0,00000000,"FIXED",0,00,0,"Data Secure Unprivileged",0,"1 byte",0,"OKAY",0,c08d1dae,"OKAY",00000000,4,2,0,1,0,0,0,0,2,0,1,0,2,1,0,2,1,0,c08d1dae,3,f,0,0,0,00000004,3,1,0,0,1,"No Read Addr Cmds","No Read Addr Cmds","No Write Addr Cmds","No Write Addr Cmds","No Write Responses","No Write Responses","_","_","_","_","_","_","_","_","No Write Data Beats","No Write Data Beats"
1291,1291,0,0,1,1,0,0,0,8e5ffe20afb76fe31ba56e5faf65c9d2,0,3b9a3d13b8d6963fae1d8dc05a6037b2,0,1,0,1,ff81e4df,ffffffdb,0,1,0,0,0,00000000,"FIXED",3,00,"Data Secure Unprivileged","1 byte",0,0,00000000,"INCR",3,00,"Data Secure Unprivileged","4 bytes",0,0,ff8127fb,"OKAY",00000000,0,2,1,0,0,0,0,0,0,0,2,0,1,4,0,0,1,0,0037e400,"INCR",3,ff,0,"Data Secure Unprivileged",0,"4 bytes",0,00000000,"FIXED",0,00,0,"Data Secure Unprivileged",0,"1 byte",0,"OKAY",0,c08d1dae,"OKAY",00000000,4,2,0,1,0,0,0,0,2,0,1,0,2,1,0,2,1,0,c08d1dae,3,f,0,0,0,00000004,3,1,0,0,1,"No Read Addr Cmds","No Read Addr Cmds","No Write Addr Cmds","No Write Addr Cmds","No Write Responses","No Write Responses","_","_","_","_","_","_","_","_","No Write Data Beats","No Write Data Beats"
1292,1292,0,0,1,1,0,0,0,8e5ffe20afb76fe31ba56e5faf65c9d2,0,3b9a3d13b8d6963fae1d8dc05a6037b2,0,1,0,1,ff81e4df,ffffffdb,0,1,0,0,0,00000000,"FIXED",3,00,"Data Secure Unprivileged","1 byte",0,0,00000000,"INCR",3,00,"Data Secure Unprivileged","4 bytes",0,0,ff8127fb,"OKAY",00000000,0,2,1,0,0,0,0,0,0,0,2,0,1,4,0,0,1,0,0037e400,"INCR",3,ff,0,"Data Secure Unprivileged",0,"4 bytes",0,00000000,"FIXED",0,00,0,"Data Secure Unprivileged",0,"1 byte",0,"OKAY",0,c08d1dae,"OKAY",00000000,4,2,0,1,0,0,0,0,2,0,1,0,2,1,0,2,1,0,c08d1dae,3,f,0,0,0,00000004,3,1,0,0,1,"No Read Addr Cmds","No Read Addr Cmds","No Write Addr Cmds","No Write Addr Cmds","No Write Responses","No Write Responses","_","_","_","_","_","_","_","_","No Write Data Beats","No Write Data Beats"
1293,1293,0,0,1,1,0,0,0,8e5ffe20afb76fe31ba56e5faf65c9d2,0,3b9a3d13b8d6963fae1d8dc05a6037b2,0,1,0,1,ff81e4df,ffffffdb,0,1,0,0,0,00000000,"FIXED",3,00,"Data Secure Unprivileged","1 byte",0,0,00000000,"INCR",3,00,"Data Secure Unprivileged","4 bytes",0,0,ff8127fb,"OKAY",00000000,0,2,1,0,0,0,0,0,0,0,2,0,1,4,0,0,1,0,0037e400,"INCR",3,ff,0,"Data Secure Unprivileged",0,"4 bytes",0,00000000,"FIXED",0,00,0,"Data Secure Unprivileged",0,"1 byte",0,"OKAY",0,c08d1dae,"OKAY",00000000,4,2,0,1,0,0,0,0,2,0,1,0,2,1,0,2,1,0,c08d1dae,3,f,0,0,0,00000004,3,1,0,0,1,"No Read Addr Cmds","No Read Addr Cmds","No Write Addr Cmds","No Write Addr Cmds","No Write Responses","No Write Responses","_","_","_","_","_","_","_","_","No Write Data Beats","No Write Data Beats"
1294,1294,0,0,1,1,0,0,0,8e5ffe20afb76fe31ba56e5faf65c9d2,0,3b9a3d13b8d6963fae1d8dc05a6037b2,0,1,0,1,ff81e4df,ffffffdb,0,1,0,0,0,00000000,"FIXED",3,00,"Data Secure Unprivileged","1 byte",0,0,00000000,"INCR",3,00,"Data Secure Unprivileged","4 bytes",0,0,ff8127fb,"OKAY",00000000,0,2,1,0,0,0,0,0,0,0,2,0,1,4,0,0,1,0,0037e400,"INCR",3,ff,0,"Data Secure Unprivileged",0,"4 bytes",0,00000000,"FIXED",0,00,0,"Data Secure Unprivileged",0,"1 byte",0,"OKAY",0,c08d1dae,"OKAY",00000000,4,2,0,1,0,0,0,0,2,0,1,0,2,1,0,2,1,0,c08d1dae,3,f,0,0,0,00000004,3,1,0,0,1,"No Read Addr Cmds","No Read Addr Cmds","No Write Addr Cmds","No Write Addr Cmds","No Write Responses","No Write Responses","_","_","_","_","_","_","_","_","No Write Data Beats","No Write Data Beats"
1295,1295,0,0,1,1,0,0,0,8e5ffe20afb76fe31ba56e5faf65c9d2,0,3b9a3d13b8d6963fae1d8dc05a6037b2,0,1,0,1,ff81e4df,ffffffdb,0,1,0,0,0,00000000,"FIXED",3,00,"Data Secure Unprivileged","1 byte",0,0,00000000,"INCR",3,00,"Data Secure Unprivileged","4 bytes",0,0,ff8127fb,"OKAY",00000000,0,2,1,0,0,0,0,0,0,0,2,0,1,4,0,0,1,0,0037e400,"INCR",3,ff,0,"Data Secure Unprivileged",0,"4 bytes",0,00000000,"FIXED",0,00,0,"Data Secure Unprivileged",0,"1 byte",0,"OKAY",0,c08d1dae,"OKAY",00000000,4,2,0,1,0,0,0,0,2,0,1,0,2,1,0,2,1,0,c08d1dae,3,f,0,0,0,00000004,3,1,0,0,1,"No Read Addr Cmds","No Read Addr Cmds","No Write Addr Cmds","No Write Addr Cmds","No Write Responses","No Write Responses","_","_","_","_","_","_","_","_","No Write Data Beats","No Write Data Beats"
1296,1296,0,0,1,1,0,0,0,8e5ffe20afb76fe31ba56e5faf65c9d2,0,3b9a3d13b8d6963fae1d8dc05a6037b2,0,1,0,1,ff81e4df,ffffffdb,0,1,0,0,0,00000000,"FIXED",3,00,"Data Secure Unprivileged","1 byte",0,0,00000000,"INCR",3,00,"Data Secure Unprivileged","4 bytes",0,0,ff8127fb,"OKAY",00000000,0,2,1,0,0,0,0,0,0,0,2,0,1,4,0,0,1,0,0037e400,"INCR",3,ff,0,"Data Secure Unprivileged",0,"4 bytes",0,00000000,"FIXED",0,00,0,"Data Secure Unprivileged",0,"1 byte",0,"OKAY",0,c08d1dae,"OKAY",00000000,4,2,0,1,0,0,0,0,2,0,1,0,2,1,0,2,1,0,c08d1dae,3,f,0,0,0,00000004,3,1,0,0,1,"No Read Addr Cmds","No Read Addr Cmds","No Write Addr Cmds","No Write Addr Cmds","No Write Responses","No Write Responses","_","_","_","_","_","_","_","_","No Write Data Beats","No Write Data Beats"
1297,1297,0,0,1,1,0,0,0,8e5ffe20afb76fe31ba56e5faf65c9d2,0,3b9a3d13b8d6963fae1d8dc05a6037b2,0,1,0,1,ff81e4df,ffffffdb,0,1,0,0,0,00000000,"FIXED",3,00,"Data Secure Unprivileged","1 byte",0,0,00000000,"INCR",3,00,"Data Secure Unprivileged","4 bytes",0,0,ff8127fb,"OKAY",00000000,0,2,1,0,0,0,0,0,0,0,2,0,1,4,0,0,1,0,0037e400,"INCR",3,ff,0,"Data Secure Unprivileged",0,"4 bytes",0,00000000,"FIXED",0,00,0,"Data Secure Unprivileged",0,"1 byte",0,"OKAY",0,c08d1dae,"OKAY",00000000,4,2,0,1,0,0,0,0,2,0,1,0,2,1,0,2,1,0,c08d1dae,3,f,0,0,0,00000004,3,1,0,0,1,"No Read Addr Cmds","No Read Addr Cmds","No Write Addr Cmds","No Write Addr Cmds","No Write Responses","No Write Responses","_","_","_","_","_","_","_","_","No Write Data Beats","No Write Data Beats"
1298,1298,0,0,1,1,0,0,0,8e5ffe20afb76fe31ba56e5faf65c9d2,0,3b9a3d13b8d6963fae1d8dc05a6037b2,0,1,0,1,ff81e4df,ffffffdb,0,1,0,0,0,00000000,"FIXED",3,00,"Data Secure Unprivileged","1 byte",0,0,00000000,"INCR",3,00,"Data Secure Unprivileged","4 bytes",0,0,ff8127fb,"OKAY",00000000,0,2,1,0,0,0,0,0,0,0,2,0,1,4,0,0,1,0,0037e400,"INCR",3,ff,0,"Data Secure Unprivileged",0,"4 bytes",0,00000000,"FIXED",0,00,0,"Data Secure Unprivileged",0,"1 byte",0,"OKAY",0,c08d1dae,"OKAY",00000000,4,2,0,1,0,0,0,0,2,0,1,0,2,1,0,2,1,0,c08d1dae,3,f,0,0,0,00000004,3,1,0,0,1,"No Read Addr Cmds","No Read Addr Cmds","No Write Addr Cmds","No Write Addr Cmds","No Write Responses","No Write Responses","_","_","_","_","_","_","_","_","No Write Data Beats","No Write Data Beats"
1299,1299,0,0,1,1,0,0,0,8e5ffe20afb76fe31ba56e5faf65c9d2,0,3b9a3d13b8d6963fae1d8dc05a6037b2,0,1,0,1,ff81e4df,ffffffdb,0,1,0,0,0,00000000,"FIXED",3,00,"Data Secure Unprivileged","1 byte",0,0,00000000,"INCR",3,00,"Data Secure Unprivileged","4 bytes",0,0,ff8127fb,"OKAY",00000000,0,2,1,0,0,0,0,0,0,0,2,0,1,4,0,0,1,0,0037e400,"INCR",3,ff,0,"Data Secure Unprivileged",0,"4 bytes",0,00000000,"FIXED",0,00,0,"Data Secure Unprivileged",0,"1 byte",0,"OKAY",0,c08d1dae,"OKAY",00000000,4,2,0,1,0,0,0,0,2,0,1,0,2,1,0,2,1,0,c08d1dae,3,f,0,0,0,00000004,3,1,0,0,1,"No Read Addr Cmds","No Read Addr Cmds","No Write Addr Cmds","No Write Addr Cmds","No Write Responses","No Write Responses","_","_","_","_","_","_","_","_","No Write Data Beats","No Write Data Beats"
1300,1300,0,0,1,1,0,0,0,8e5ffe20afb76fe31ba56e5faf65c9d2,0,3b9a3d13b8d6963fae1d8dc05a6037b2,0,1,0,1,ff81e4df,ffffffdb,0,1,0,0,0,00000000,"FIXED",3,00,"Data Secure Unprivileged","1 byte",0,0,00000000,"INCR",3,00,"Data Secure Unprivileged","4 bytes",0,0,ff8127fb,"OKAY",00000000,0,2,1,0,0,0,0,0,0,0,2,0,1,4,0,0,1,0,0037e400,"INCR",3,ff,0,"Data Secure Unprivileged",0,"4 bytes",0,00000000,"FIXED",0,00,0,"Data Secure Unprivileged",0,"1 byte",0,"OKAY",0,c08d1dae,"OKAY",00000000,4,2,0,1,0,0,0,0,2,0,1,0,2,1,0,2,1,0,c08d1dae,3,f,0,0,0,00000004,3,1,0,0,1,"No Read Addr Cmds","No Read Addr Cmds","No Write Addr Cmds","No Write Addr Cmds","No Write Responses","No Write Responses","_","_","_","_","_","_","_","_","No Write Data Beats","No Write Data Beats"
1301,1301,0,0,1,1,0,0,0,8e5ffe20afb76fe31ba56e5faf65c9d2,0,3b9a3d13b8d6963fae1d8dc05a6037b2,0,1,0,1,ff81e4df,ffffffdb,0,1,0,0,0,00000000,"FIXED",3,00,"Data Secure Unprivileged","1 byte",0,0,00000000,"INCR",3,00,"Data Secure Unprivileged","4 bytes",0,0,ff8127fb,"OKAY",00000000,0,2,1,0,0,0,0,0,0,0,2,0,1,4,0,0,1,0,0037e400,"INCR",3,ff,0,"Data Secure Unprivileged",0,"4 bytes",0,00000000,"FIXED",0,00,0,"Data Secure Unprivileged",0,"1 byte",0,"OKAY",0,c08d1dae,"OKAY",00000000,4,2,0,1,0,0,0,0,2,0,1,0,2,1,0,2,1,0,c08d1dae,3,f,0,0,0,00000004,3,1,0,0,1,"No Read Addr Cmds","No Read Addr Cmds","No Write Addr Cmds","No Write Addr Cmds","No Write Responses","No Write Responses","_","_","_","_","_","_","_","_","No Write Data Beats","No Write Data Beats"
1302,1302,0,0,1,1,0,0,0,8e5ffe20afb76fe31ba56e5faf65c9d2,0,3b9a3d13b8d6963fae1d8dc05a6037b2,0,1,0,1,ff81e4df,ffffffdb,0,1,0,0,0,00000000,"FIXED",3,00,"Data Secure Unprivileged","1 byte",0,0,00000000,"INCR",3,00,"Data Secure Unprivileged","4 bytes",0,0,ff8127fb,"OKAY",00000000,0,2,1,0,0,0,0,0,0,0,2,0,1,4,0,0,1,0,0037e400,"INCR",3,ff,0,"Data Secure Unprivileged",0,"4 bytes",0,00000000,"FIXED",0,00,0,"Data Secure Unprivileged",0,"1 byte",0,"OKAY",0,c08d1dae,"OKAY",00000000,4,2,0,1,0,0,0,0,2,0,1,0,2,1,0,2,1,0,c08d1dae,3,f,0,0,0,00000004,3,1,0,0,1,"No Read Addr Cmds","No Read Addr Cmds","No Write Addr Cmds","No Write Addr Cmds","No Write Responses","No Write Responses","_","_","_","_","_","_","_","_","No Write Data Beats","No Write Data Beats"
1303,1303,0,0,1,1,0,0,0,8e5ffe20afb76fe31ba56e5faf65c9d2,0,3b9a3d13b8d6963fae1d8dc05a6037b2,0,1,0,1,ff81e4df,ffffffdb,0,1,0,0,0,00000000,"FIXED",3,00,"Data Secure Unprivileged","1 byte",0,0,00000000,"INCR",3,00,"Data Secure Unprivileged","4 bytes",0,0,ff8127fb,"OKAY",00000000,0,2,1,0,0,0,0,0,0,0,2,0,1,4,0,0,1,0,0037e400,"INCR",3,ff,0,"Data Secure Unprivileged",0,"4 bytes",0,00000000,"FIXED",0,00,0,"Data Secure Unprivileged",0,"1 byte",0,"OKAY",0,c08d1dae,"OKAY",00000000,4,2,0,1,0,0,0,0,2,0,1,0,2,1,0,2,1,0,c08d1dae,3,f,0,0,0,00000004,3,1,0,0,1,"No Read Addr Cmds","No Read Addr Cmds","No Write Addr Cmds","No Write Addr Cmds","No Write Responses","No Write Responses","_","_","_","_","_","_","_","_","No Write Data Beats","No Write Data Beats"
1304,1304,0,0,1,1,0,0,0,8e5ffe20afb76fe31ba56e5faf65c9d2,0,3b9a3d13b8d6963fae1d8dc05a6037b2,0,1,0,1,ff81e4df,ffffffdb,0,1,0,0,0,00000000,"FIXED",3,00,"Data Secure Unprivileged","1 byte",0,0,00000000,"INCR",3,00,"Data Secure Unprivileged","4 bytes",0,0,ff8127fb,"OKAY",00000000,0,2,1,0,0,0,0,0,0,0,2,0,1,4,0,0,1,0,0037e400,"INCR",3,ff,0,"Data Secure Unprivileged",0,"4 bytes",0,00000000,"FIXED",0,00,0,"Data Secure Unprivileged",0,"1 byte",0,"OKAY",0,c08d1dae,"OKAY",00000000,4,2,0,1,0,0,0,0,2,0,1,0,2,1,0,2,1,0,c08d1dae,3,f,0,0,0,00000004,3,1,0,0,1,"No Read Addr Cmds","No Read Addr Cmds","No Write Addr Cmds","No Write Addr Cmds","No Write Responses","No Write Responses","_","_","_","_","_","_","_","_","No Write Data Beats","No Write Data Beats"
1305,1305,0,0,1,1,0,0,0,8e5ffe20afb76fe31ba56e5faf65c9d2,0,3b9a3d13b8d6963fae1d8dc05a6037b2,0,1,0,1,ff81e4df,ffffffdb,0,1,0,0,0,00000000,"FIXED",3,00,"Data Secure Unprivileged","1 byte",0,0,00000000,"INCR",3,00,"Data Secure Unprivileged","4 bytes",0,0,ff8127fb,"OKAY",00000000,0,2,1,0,0,0,0,0,0,0,2,0,1,4,0,0,1,0,0037e400,"INCR",3,ff,0,"Data Secure Unprivileged",0,"4 bytes",0,00000000,"FIXED",0,00,0,"Data Secure Unprivileged",0,"1 byte",0,"OKAY",0,c08d1dae,"OKAY",00000000,4,2,0,1,0,0,0,0,2,0,1,0,2,1,0,2,1,0,c08d1dae,3,f,0,0,0,00000004,3,1,0,0,1,"No Read Addr Cmds","No Read Addr Cmds","No Write Addr Cmds","No Write Addr Cmds","No Write Responses","No Write Responses","_","_","_","_","_","_","_","_","No Write Data Beats","No Write Data Beats"
1306,1306,0,0,1,1,0,0,0,8e5ffe20afb76fe31ba56e5faf65c9d2,0,3b9a3d13b8d6963fae1d8dc05a6037b2,0,1,0,1,ff81e4df,ffffffdb,0,1,0,0,0,00000000,"FIXED",3,00,"Data Secure Unprivileged","1 byte",0,0,00000000,"INCR",3,00,"Data Secure Unprivileged","4 bytes",0,0,ff8127fb,"OKAY",00000000,0,2,1,0,0,0,0,0,0,0,2,0,1,4,0,0,1,0,0037e400,"INCR",3,ff,0,"Data Secure Unprivileged",0,"4 bytes",0,00000000,"FIXED",0,00,0,"Data Secure Unprivileged",0,"1 byte",0,"OKAY",0,c08d1dae,"OKAY",00000000,4,2,0,1,0,0,0,0,2,0,1,0,2,1,0,2,1,0,c08d1dae,3,f,0,0,0,00000004,3,1,0,0,1,"No Read Addr Cmds","No Read Addr Cmds","No Write Addr Cmds","No Write Addr Cmds","No Write Responses","No Write Responses","_","_","_","_","_","_","_","_","No Write Data Beats","No Write Data Beats"
1307,1307,0,0,1,1,0,0,0,8e5ffe20afb76fe31ba56e5faf65c9d2,0,3b9a3d13b8d6963fae1d8dc05a6037b2,0,1,0,1,ff81e4df,ffffffdb,0,1,0,0,0,00000000,"FIXED",3,00,"Data Secure Unprivileged","1 byte",0,0,00000000,"INCR",3,00,"Data Secure Unprivileged","4 bytes",0,0,ff8127fb,"OKAY",00000000,0,2,1,0,0,0,0,0,0,0,2,0,1,4,0,0,1,0,0037e400,"INCR",3,ff,0,"Data Secure Unprivileged",0,"4 bytes",0,00000000,"FIXED",0,00,0,"Data Secure Unprivileged",0,"1 byte",0,"OKAY",0,c08d1dae,"OKAY",00000000,4,2,0,1,0,0,0,0,2,0,1,0,2,1,0,2,1,0,c08d1dae,3,f,0,0,0,00000004,3,1,0,0,1,"No Read Addr Cmds","No Read Addr Cmds","No Write Addr Cmds","No Write Addr Cmds","No Write Responses","No Write Responses","_","_","_","_","_","_","_","_","No Write Data Beats","No Write Data Beats"
1308,1308,0,0,1,1,0,0,0,8e5ffe20afb76fe31ba56e5faf65c9d2,0,3b9a3d13b8d6963fae1d8dc05a6037b2,0,1,0,1,ff81e4df,ffffffdb,0,1,0,0,0,00000000,"FIXED",3,00,"Data Secure Unprivileged","1 byte",0,0,00000000,"INCR",3,00,"Data Secure Unprivileged","4 bytes",0,0,ff8127fb,"OKAY",00000000,0,2,1,0,0,0,0,0,0,0,2,0,1,4,0,0,1,0,0037e400,"INCR",3,ff,0,"Data Secure Unprivileged",0,"4 bytes",0,00000000,"FIXED",0,00,0,"Data Secure Unprivileged",0,"1 byte",0,"OKAY",0,c08d1dae,"OKAY",00000000,4,2,0,1,0,0,0,0,2,0,1,0,2,1,0,2,1,0,c08d1dae,3,f,0,0,0,00000004,3,1,0,0,1,"No Read Addr Cmds","No Read Addr Cmds","No Write Addr Cmds","No Write Addr Cmds","No Write Responses","No Write Responses","_","_","_","_","_","_","_","_","No Write Data Beats","No Write Data Beats"
1309,1309,0,0,1,1,0,0,0,8e5ffe20afb76fe31ba56e5faf65c9d2,0,3b9a3d13b8d6963fae1d8dc05a6037b2,0,1,0,1,ff81e4df,ffffffdb,0,1,0,0,0,00000000,"FIXED",3,00,"Data Secure Unprivileged","1 byte",0,0,00000000,"INCR",3,00,"Data Secure Unprivileged","4 bytes",0,0,ff8127fb,"OKAY",00000000,0,2,1,0,0,0,0,0,0,0,2,0,1,4,0,0,1,0,0037e400,"INCR",3,ff,0,"Data Secure Unprivileged",0,"4 bytes",0,00000000,"FIXED",0,00,0,"Data Secure Unprivileged",0,"1 byte",0,"OKAY",0,c08d1dae,"OKAY",00000000,4,2,0,1,0,0,0,0,2,0,1,0,2,1,0,2,1,0,c08d1dae,3,f,0,0,0,00000004,3,1,0,0,1,"No Read Addr Cmds","No Read Addr Cmds","No Write Addr Cmds","No Write Addr Cmds","No Write Responses","No Write Responses","_","_","_","_","_","_","_","_","No Write Data Beats","No Write Data Beats"
1310,1310,0,0,1,1,0,0,0,8e5ffe20afb76fe31ba56e5faf65c9d2,0,3b9a3d13b8d6963fae1d8dc05a6037b2,0,1,0,1,ff81e4df,ffffffdb,0,1,0,0,0,00000000,"FIXED",3,00,"Data Secure Unprivileged","1 byte",0,0,00000000,"INCR",3,00,"Data Secure Unprivileged","4 bytes",0,0,ff8127fb,"OKAY",00000000,0,2,1,0,0,0,0,0,0,0,2,0,1,4,0,0,1,0,0037e400,"INCR",3,ff,0,"Data Secure Unprivileged",0,"4 bytes",0,00000000,"FIXED",0,00,0,"Data Secure Unprivileged",0,"1 byte",0,"OKAY",0,c08d1dae,"OKAY",00000000,4,2,0,1,0,0,0,0,2,0,1,0,2,1,0,2,1,0,c08d1dae,3,f,0,0,0,00000004,3,1,0,0,1,"No Read Addr Cmds","No Read Addr Cmds","No Write Addr Cmds","No Write Addr Cmds","No Write Responses","No Write Responses","_","_","_","_","_","_","_","_","No Write Data Beats","No Write Data Beats"
1311,1311,0,0,1,1,0,0,0,8e5ffe20afb76fe31ba56e5faf65c9d2,0,3b9a3d13b8d6963fae1d8dc05a6037b2,0,1,0,1,ff81e4df,ffffffdb,0,1,0,0,0,00000000,"FIXED",3,00,"Data Secure Unprivileged","1 byte",0,0,00000000,"INCR",3,00,"Data Secure Unprivileged","4 bytes",0,0,ff8127fb,"OKAY",00000000,0,2,1,0,0,0,0,0,0,0,2,0,1,4,0,0,1,0,0037e400,"INCR",3,ff,0,"Data Secure Unprivileged",0,"4 bytes",0,00000000,"FIXED",0,00,0,"Data Secure Unprivileged",0,"1 byte",0,"OKAY",0,c08d1dae,"OKAY",00000000,4,2,0,1,0,0,0,0,2,0,1,0,2,1,0,2,1,0,c08d1dae,3,f,0,0,0,00000004,3,1,0,0,1,"No Read Addr Cmds","No Read Addr Cmds","No Write Addr Cmds","No Write Addr Cmds","No Write Responses","No Write Responses","_","_","_","_","_","_","_","_","No Write Data Beats","No Write Data Beats"
1312,1312,0,0,1,1,0,0,0,8e5ffe20afb76fe31ba56e5faf65c9d2,0,3b9a3d13b8d6963fae1d8dc05a6037b2,0,1,0,1,ff81e4df,ffffffdb,0,1,0,0,0,00000000,"FIXED",3,00,"Data Secure Unprivileged","1 byte",0,0,00000000,"INCR",3,00,"Data Secure Unprivileged","4 bytes",0,0,ff8127fb,"OKAY",00000000,0,2,1,0,0,0,0,0,0,0,2,0,1,4,0,0,1,0,0037e400,"INCR",3,ff,0,"Data Secure Unprivileged",0,"4 bytes",0,00000000,"FIXED",0,00,0,"Data Secure Unprivileged",0,"1 byte",0,"OKAY",0,c08d1dae,"OKAY",00000000,4,2,0,1,0,0,0,0,2,0,1,0,2,1,0,2,1,0,c08d1dae,3,f,0,0,0,00000004,3,1,0,0,1,"No Read Addr Cmds","No Read Addr Cmds","No Write Addr Cmds","No Write Addr Cmds","No Write Responses","No Write Responses","_","_","_","_","_","_","_","_","No Write Data Beats","No Write Data Beats"
1313,1313,0,0,1,1,0,0,0,8e5ffe20afb76fe31ba56e5faf65c9d2,0,3b9a3d13b8d6963fae1d8dc05a6037b2,0,1,0,1,ff81e4df,ffffffdb,0,1,0,0,0,00000000,"FIXED",3,00,"Data Secure Unprivileged","1 byte",0,0,00000000,"INCR",3,00,"Data Secure Unprivileged","4 bytes",0,0,ff8127fb,"OKAY",00000000,0,2,1,0,0,0,0,0,0,0,2,0,1,4,0,0,1,0,0037e400,"INCR",3,ff,0,"Data Secure Unprivileged",0,"4 bytes",0,00000000,"FIXED",0,00,0,"Data Secure Unprivileged",0,"1 byte",0,"OKAY",0,c08d1dae,"OKAY",00000000,4,2,0,1,0,0,0,0,2,0,1,0,2,1,0,2,1,0,c08d1dae,3,f,0,0,0,00000004,3,1,0,0,1,"No Read Addr Cmds","No Read Addr Cmds","No Write Addr Cmds","No Write Addr Cmds","No Write Responses","No Write Responses","_","_","_","_","_","_","_","_","No Write Data Beats","No Write Data Beats"
1314,1314,0,0,1,1,0,0,0,8e5ffe20afb76fe31ba56e5faf65c9d2,0,3b9a3d13b8d6963fae1d8dc05a6037b2,0,1,0,1,ff81e4df,ffffffdb,0,1,0,0,0,00000000,"FIXED",3,00,"Data Secure Unprivileged","1 byte",0,0,00000000,"INCR",3,00,"Data Secure Unprivileged","4 bytes",0,0,ff8127fb,"OKAY",00000000,0,2,1,0,0,0,0,0,0,0,2,0,1,4,0,0,1,0,0037e400,"INCR",3,ff,0,"Data Secure Unprivileged",0,"4 bytes",0,00000000,"FIXED",0,00,0,"Data Secure Unprivileged",0,"1 byte",0,"OKAY",0,c08d1dae,"OKAY",00000000,4,2,0,1,0,0,0,0,2,0,1,0,2,1,0,2,1,0,c08d1dae,3,f,0,0,0,00000004,3,1,0,0,1,"No Read Addr Cmds","No Read Addr Cmds","No Write Addr Cmds","No Write Addr Cmds","No Write Responses","No Write Responses","_","_","_","_","_","_","_","_","No Write Data Beats","No Write Data Beats"
1315,1315,0,0,1,1,0,0,0,8e5ffe20afb76fe31ba56e5faf65c9d2,0,3b9a3d13b8d6963fae1d8dc05a6037b2,0,1,0,1,ff81e4df,ffffffdb,0,1,0,0,0,00000000,"FIXED",3,00,"Data Secure Unprivileged","1 byte",0,0,00000000,"INCR",3,00,"Data Secure Unprivileged","4 bytes",0,0,ff8127fb,"OKAY",00000000,0,2,1,0,0,0,0,0,0,0,2,0,1,4,0,0,1,0,0037e400,"INCR",3,ff,0,"Data Secure Unprivileged",0,"4 bytes",0,00000000,"FIXED",0,00,0,"Data Secure Unprivileged",0,"1 byte",0,"OKAY",0,c08d1dae,"OKAY",00000000,4,2,0,1,0,0,0,0,2,0,1,0,2,1,0,2,1,0,c08d1dae,3,f,0,0,0,00000004,3,1,0,0,1,"No Read Addr Cmds","No Read Addr Cmds","No Write Addr Cmds","No Write Addr Cmds","No Write Responses","No Write Responses","_","_","_","_","_","_","_","_","No Write Data Beats","No Write Data Beats"
1316,1316,0,0,1,1,0,0,0,8e5ffe20afb76fe31ba56e5faf65c9d2,0,3b9a3d13b8d6963fae1d8dc05a6037b2,0,1,0,1,ff81e4df,ffffffdb,0,1,0,0,0,00000000,"FIXED",3,00,"Data Secure Unprivileged","1 byte",0,0,00000000,"INCR",3,00,"Data Secure Unprivileged","4 bytes",0,0,ff8127fb,"OKAY",00000000,0,2,1,0,0,0,0,0,0,0,2,0,1,4,0,0,1,0,0037e400,"INCR",3,ff,0,"Data Secure Unprivileged",0,"4 bytes",0,00000000,"FIXED",0,00,0,"Data Secure Unprivileged",0,"1 byte",0,"OKAY",0,c08d1dae,"OKAY",00000000,4,2,0,1,0,0,0,0,2,0,1,0,2,1,0,2,1,0,c08d1dae,3,f,0,0,0,00000004,3,1,0,0,1,"No Read Addr Cmds","No Read Addr Cmds","No Write Addr Cmds","No Write Addr Cmds","No Write Responses","No Write Responses","_","_","_","_","_","_","_","_","No Write Data Beats","No Write Data Beats"
1317,1317,0,0,1,1,0,0,0,8e5ffe20afb76fe31ba56e5faf65c9d2,0,3b9a3d13b8d6963fae1d8dc05a6037b2,0,1,0,1,ff81e4df,ffffffdb,0,1,0,0,0,00000000,"FIXED",3,00,"Data Secure Unprivileged","1 byte",0,0,00000000,"INCR",3,00,"Data Secure Unprivileged","4 bytes",0,0,ff8127fb,"OKAY",00000000,0,2,1,0,0,0,0,0,0,0,2,0,1,4,0,0,1,0,0037e400,"INCR",3,ff,0,"Data Secure Unprivileged",0,"4 bytes",0,00000000,"FIXED",0,00,0,"Data Secure Unprivileged",0,"1 byte",0,"OKAY",0,c08d1dae,"OKAY",00000000,4,2,0,1,0,0,0,0,2,0,1,0,2,1,0,2,1,0,c08d1dae,3,f,0,0,0,00000004,3,1,0,0,1,"No Read Addr Cmds","No Read Addr Cmds","No Write Addr Cmds","No Write Addr Cmds","No Write Responses","No Write Responses","_","_","_","_","_","_","_","_","No Write Data Beats","No Write Data Beats"
1318,1318,0,0,1,1,0,0,0,8e5ffe20afb76fe31ba56e5faf65c9d2,0,3b9a3d13b8d6963fae1d8dc05a6037b2,0,1,0,1,ff81e4df,ffffffdb,0,1,0,0,0,00000000,"FIXED",3,00,"Data Secure Unprivileged","1 byte",0,0,00000000,"INCR",3,00,"Data Secure Unprivileged","4 bytes",0,0,ff8127fb,"OKAY",00000000,0,2,1,0,0,0,0,0,0,0,2,0,1,4,0,0,1,0,0037e400,"INCR",3,ff,0,"Data Secure Unprivileged",0,"4 bytes",0,00000000,"FIXED",0,00,0,"Data Secure Unprivileged",0,"1 byte",0,"OKAY",0,c08d1dae,"OKAY",00000000,4,2,0,1,0,0,0,0,2,0,1,0,2,1,0,2,1,0,c08d1dae,3,f,0,0,0,00000004,3,1,0,0,1,"No Read Addr Cmds","No Read Addr Cmds","No Write Addr Cmds","No Write Addr Cmds","No Write Responses","No Write Responses","_","_","_","_","_","_","_","_","No Write Data Beats","No Write Data Beats"
1319,1319,0,0,1,1,0,0,0,8e5ffe20afb76fe31ba56e5faf65c9d2,0,3b9a3d13b8d6963fae1d8dc05a6037b2,0,1,0,1,ff81e4df,ffffffdb,0,1,0,0,0,00000000,"FIXED",3,00,"Data Secure Unprivileged","1 byte",0,0,00000000,"INCR",3,00,"Data Secure Unprivileged","4 bytes",0,0,ff8127fb,"OKAY",00000000,0,2,1,0,0,0,0,0,0,0,2,0,1,4,0,0,1,0,0037e400,"INCR",3,ff,0,"Data Secure Unprivileged",0,"4 bytes",0,00000000,"FIXED",0,00,0,"Data Secure Unprivileged",0,"1 byte",0,"OKAY",0,c08d1dae,"OKAY",00000000,4,2,0,1,0,0,0,0,2,0,1,0,2,1,0,2,1,0,c08d1dae,3,f,0,0,0,00000004,3,1,0,0,1,"No Read Addr Cmds","No Read Addr Cmds","No Write Addr Cmds","No Write Addr Cmds","No Write Responses","No Write Responses","_","_","_","_","_","_","_","_","No Write Data Beats","No Write Data Beats"
1320,1320,0,0,1,1,0,0,0,8e5ffe20afb76fe31ba56e5faf65c9d2,0,3b9a3d13b8d6963fae1d8dc05a6037b2,0,1,0,1,ff81e4df,ffffffdb,0,1,0,0,0,00000000,"FIXED",3,00,"Data Secure Unprivileged","1 byte",0,0,00000000,"INCR",3,00,"Data Secure Unprivileged","4 bytes",0,0,ff8127fb,"OKAY",00000000,0,2,1,0,0,0,0,0,0,0,2,0,1,4,0,0,1,0,0037e400,"INCR",3,ff,0,"Data Secure Unprivileged",0,"4 bytes",0,00000000,"FIXED",0,00,0,"Data Secure Unprivileged",0,"1 byte",0,"OKAY",0,c08d1dae,"OKAY",00000000,4,2,0,1,0,0,0,0,2,0,1,0,2,1,0,2,1,0,c08d1dae,3,f,0,0,0,00000004,3,1,0,0,1,"No Read Addr Cmds","No Read Addr Cmds","No Write Addr Cmds","No Write Addr Cmds","No Write Responses","No Write Responses","_","_","_","_","_","_","_","_","No Write Data Beats","No Write Data Beats"
1321,1321,0,0,1,1,0,0,0,8e5ffe20afb76fe31ba56e5faf65c9d2,0,3b9a3d13b8d6963fae1d8dc05a6037b2,0,1,0,1,ff81e4df,ffffffdb,0,1,0,0,0,00000000,"FIXED",3,00,"Data Secure Unprivileged","1 byte",0,0,00000000,"INCR",3,00,"Data Secure Unprivileged","4 bytes",0,0,ff8127fb,"OKAY",00000000,0,2,1,0,0,0,0,0,0,0,2,0,1,4,0,0,1,0,0037e400,"INCR",3,ff,0,"Data Secure Unprivileged",0,"4 bytes",0,00000000,"FIXED",0,00,0,"Data Secure Unprivileged",0,"1 byte",0,"OKAY",0,c08d1dae,"OKAY",00000000,4,2,0,1,0,0,0,0,2,0,1,0,2,1,0,2,1,0,c08d1dae,3,f,0,0,0,00000004,3,1,0,0,1,"No Read Addr Cmds","No Read Addr Cmds","No Write Addr Cmds","No Write Addr Cmds","No Write Responses","No Write Responses","_","_","_","_","_","_","_","_","No Write Data Beats","No Write Data Beats"
1322,1322,0,0,1,1,0,0,0,8e5ffe20afb76fe31ba56e5faf65c9d2,0,3b9a3d13b8d6963fae1d8dc05a6037b2,0,1,0,1,ff81e4df,ffffffdb,0,1,0,0,0,00000000,"FIXED",3,00,"Data Secure Unprivileged","1 byte",0,0,00000000,"INCR",3,00,"Data Secure Unprivileged","4 bytes",0,0,ff8127fb,"OKAY",00000000,0,2,1,0,0,0,0,0,0,0,2,0,1,4,0,0,1,0,0037e400,"INCR",3,ff,0,"Data Secure Unprivileged",0,"4 bytes",0,00000000,"FIXED",0,00,0,"Data Secure Unprivileged",0,"1 byte",0,"OKAY",0,c08d1dae,"OKAY",00000000,4,2,0,1,0,0,0,0,2,0,1,0,2,1,0,2,1,0,c08d1dae,3,f,0,0,0,00000004,3,1,0,0,1,"No Read Addr Cmds","No Read Addr Cmds","No Write Addr Cmds","No Write Addr Cmds","No Write Responses","No Write Responses","_","_","_","_","_","_","_","_","No Write Data Beats","No Write Data Beats"
1323,1323,0,0,1,1,0,0,0,8e5ffe20afb76fe31ba56e5faf65c9d2,0,3b9a3d13b8d6963fae1d8dc05a6037b2,0,1,0,1,ff81e4df,ffffffdb,0,1,0,0,0,00000000,"FIXED",3,00,"Data Secure Unprivileged","1 byte",0,0,00000000,"INCR",3,00,"Data Secure Unprivileged","4 bytes",0,0,ff8127fb,"OKAY",00000000,0,2,1,0,0,0,0,0,0,0,2,0,1,4,0,0,1,0,0037e400,"INCR",3,ff,0,"Data Secure Unprivileged",0,"4 bytes",0,00000000,"FIXED",0,00,0,"Data Secure Unprivileged",0,"1 byte",0,"OKAY",0,c08d1dae,"OKAY",00000000,4,2,0,1,0,0,0,0,2,0,1,0,2,1,0,2,1,0,c08d1dae,3,f,0,0,0,00000004,3,1,0,0,1,"No Read Addr Cmds","No Read Addr Cmds","No Write Addr Cmds","No Write Addr Cmds","No Write Responses","No Write Responses","_","_","_","_","_","_","_","_","No Write Data Beats","No Write Data Beats"
1324,1324,0,0,1,1,0,0,0,8e5ffe20afb76fe31ba56e5faf65c9d2,0,3b9a3d13b8d6963fae1d8dc05a6037b2,0,1,0,1,ff81e4df,ffffffdb,0,1,0,0,0,00000000,"FIXED",3,00,"Data Secure Unprivileged","1 byte",0,0,00000000,"INCR",3,00,"Data Secure Unprivileged","4 bytes",0,0,ff8127fb,"OKAY",00000000,0,2,1,0,0,0,0,0,0,0,2,0,1,4,0,0,1,0,0037e400,"INCR",3,ff,0,"Data Secure Unprivileged",0,"4 bytes",0,00000000,"FIXED",0,00,0,"Data Secure Unprivileged",0,"1 byte",0,"OKAY",0,c08d1dae,"OKAY",00000000,4,2,0,1,0,0,0,0,2,0,1,0,2,1,0,2,1,0,c08d1dae,3,f,0,0,0,00000004,3,1,0,0,1,"No Read Addr Cmds","No Read Addr Cmds","No Write Addr Cmds","No Write Addr Cmds","No Write Responses","No Write Responses","_","_","_","_","_","_","_","_","No Write Data Beats","No Write Data Beats"
1325,1325,0,0,1,1,0,0,0,8e5ffe20afb76fe31ba56e5faf65c9d2,0,3b9a3d13b8d6963fae1d8dc05a6037b2,0,1,0,1,ff81e4df,ffffffdb,0,1,0,0,0,00000000,"FIXED",3,00,"Data Secure Unprivileged","1 byte",0,0,00000000,"INCR",3,00,"Data Secure Unprivileged","4 bytes",0,0,ff8127fb,"OKAY",00000000,0,2,1,0,0,0,0,0,0,0,2,0,1,4,0,0,1,0,0037e400,"INCR",3,ff,0,"Data Secure Unprivileged",0,"4 bytes",0,00000000,"FIXED",0,00,0,"Data Secure Unprivileged",0,"1 byte",0,"OKAY",0,c08d1dae,"OKAY",00000000,4,2,0,1,0,0,0,0,2,0,1,0,2,1,0,2,1,0,c08d1dae,3,f,0,0,0,00000004,3,1,0,0,1,"No Read Addr Cmds","No Read Addr Cmds","No Write Addr Cmds","No Write Addr Cmds","No Write Responses","No Write Responses","_","_","_","_","_","_","_","_","No Write Data Beats","No Write Data Beats"
1326,1326,0,0,1,1,0,0,0,8e5ffe20afb76fe31ba56e5faf65c9d2,0,3b9a3d13b8d6963fae1d8dc05a6037b2,0,1,0,1,ff81e4df,ffffffdb,0,1,0,0,0,00000000,"FIXED",3,00,"Data Secure Unprivileged","1 byte",0,0,00000000,"INCR",3,00,"Data Secure Unprivileged","4 bytes",0,0,ff8127fb,"OKAY",00000000,0,2,1,0,0,0,0,0,0,0,2,0,1,4,0,0,1,0,0037e400,"INCR",3,ff,0,"Data Secure Unprivileged",0,"4 bytes",0,00000000,"FIXED",0,00,0,"Data Secure Unprivileged",0,"1 byte",0,"OKAY",0,c08d1dae,"OKAY",00000000,4,2,0,1,0,0,0,0,2,0,1,0,2,1,0,2,1,0,c08d1dae,3,f,0,0,0,00000004,3,1,0,0,1,"No Read Addr Cmds","No Read Addr Cmds","No Write Addr Cmds","No Write Addr Cmds","No Write Responses","No Write Responses","_","_","_","_","_","_","_","_","No Write Data Beats","No Write Data Beats"
1327,1327,0,0,1,1,0,0,0,8e5ffe20afb76fe31ba56e5faf65c9d2,0,3b9a3d13b8d6963fae1d8dc05a6037b2,0,1,0,1,ff81e4df,ffffffdb,0,1,0,0,0,00000000,"FIXED",3,00,"Data Secure Unprivileged","1 byte",0,0,00000000,"INCR",3,00,"Data Secure Unprivileged","4 bytes",0,0,ff8127fb,"OKAY",00000000,0,2,1,0,0,0,0,0,0,0,2,0,1,4,0,0,1,0,0037e400,"INCR",3,ff,0,"Data Secure Unprivileged",0,"4 bytes",0,00000000,"FIXED",0,00,0,"Data Secure Unprivileged",0,"1 byte",0,"OKAY",0,c08d1dae,"OKAY",00000000,4,2,0,1,0,0,0,0,2,0,1,0,2,1,0,2,1,0,c08d1dae,3,f,0,0,0,00000004,3,1,0,0,1,"No Read Addr Cmds","No Read Addr Cmds","No Write Addr Cmds","No Write Addr Cmds","No Write Responses","No Write Responses","_","_","_","_","_","_","_","_","No Write Data Beats","No Write Data Beats"
1328,1328,0,0,1,1,0,0,0,8e5ffe20afb76fe31ba56e5faf65c9d2,0,3b9a3d13b8d6963fae1d8dc05a6037b2,0,1,0,1,ff81e4df,ffffffdb,0,1,0,0,0,00000000,"FIXED",3,00,"Data Secure Unprivileged","1 byte",0,0,00000000,"INCR",3,00,"Data Secure Unprivileged","4 bytes",0,0,ff8127fb,"OKAY",00000000,0,2,1,0,0,0,0,0,0,0,2,0,1,4,0,0,1,0,0037e400,"INCR",3,ff,0,"Data Secure Unprivileged",0,"4 bytes",0,00000000,"FIXED",0,00,0,"Data Secure Unprivileged",0,"1 byte",0,"OKAY",0,c08d1dae,"OKAY",00000000,4,2,0,1,0,0,0,0,2,0,1,0,2,1,0,2,1,0,c08d1dae,3,f,0,0,0,00000004,3,1,0,0,1,"No Read Addr Cmds","No Read Addr Cmds","No Write Addr Cmds","No Write Addr Cmds","No Write Responses","No Write Responses","_","_","_","_","_","_","_","_","No Write Data Beats","No Write Data Beats"
1329,1329,0,0,1,1,0,0,0,8e5ffe20afb76fe31ba56e5faf65c9d2,0,3b9a3d13b8d6963fae1d8dc05a6037b2,0,1,0,1,ff81e4df,ffffffdb,0,1,0,0,0,00000000,"FIXED",3,00,"Data Secure Unprivileged","1 byte",0,0,00000000,"INCR",3,00,"Data Secure Unprivileged","4 bytes",0,0,ff8127fb,"OKAY",00000000,0,2,1,0,0,0,0,0,0,0,2,0,1,4,0,0,1,0,0037e400,"INCR",3,ff,0,"Data Secure Unprivileged",0,"4 bytes",0,00000000,"FIXED",0,00,0,"Data Secure Unprivileged",0,"1 byte",0,"OKAY",0,c08d1dae,"OKAY",00000000,4,2,0,1,0,0,0,0,2,0,1,0,2,1,0,2,1,0,c08d1dae,3,f,0,0,0,00000004,3,1,0,0,1,"No Read Addr Cmds","No Read Addr Cmds","No Write Addr Cmds","No Write Addr Cmds","No Write Responses","No Write Responses","_","_","_","_","_","_","_","_","No Write Data Beats","No Write Data Beats"
1330,1330,0,0,1,1,0,0,0,8e5ffe20afb76fe31ba56e5faf65c9d2,0,3b9a3d13b8d6963fae1d8dc05a6037b2,0,1,0,1,ff81e4df,ffffffdb,0,1,0,0,0,00000000,"FIXED",3,00,"Data Secure Unprivileged","1 byte",0,0,00000000,"INCR",3,00,"Data Secure Unprivileged","4 bytes",0,0,ff8127fb,"OKAY",00000000,0,2,1,0,0,0,0,0,0,0,2,0,1,4,0,0,1,0,0037e400,"INCR",3,ff,0,"Data Secure Unprivileged",0,"4 bytes",0,00000000,"FIXED",0,00,0,"Data Secure Unprivileged",0,"1 byte",0,"OKAY",0,c08d1dae,"OKAY",00000000,4,2,0,1,0,0,0,0,2,0,1,0,2,1,0,2,1,0,c08d1dae,3,f,0,0,0,00000004,3,1,0,0,1,"No Read Addr Cmds","No Read Addr Cmds","No Write Addr Cmds","No Write Addr Cmds","No Write Responses","No Write Responses","_","_","_","_","_","_","_","_","No Write Data Beats","No Write Data Beats"
1331,1331,0,0,1,1,0,0,0,8e5ffe20afb76fe31ba56e5faf65c9d2,0,3b9a3d13b8d6963fae1d8dc05a6037b2,0,1,0,1,ff81e4df,ffffffdb,0,1,0,0,0,00000000,"FIXED",3,00,"Data Secure Unprivileged","1 byte",0,0,00000000,"INCR",3,00,"Data Secure Unprivileged","4 bytes",0,0,ff8127fb,"OKAY",00000000,0,2,1,0,0,0,0,0,0,0,2,0,1,4,0,0,1,0,0037e400,"INCR",3,ff,0,"Data Secure Unprivileged",0,"4 bytes",0,00000000,"FIXED",0,00,0,"Data Secure Unprivileged",0,"1 byte",0,"OKAY",0,c08d1dae,"OKAY",00000000,4,2,0,1,0,0,0,0,2,0,1,0,2,1,0,2,1,0,c08d1dae,3,f,0,0,0,00000004,3,1,0,0,1,"No Read Addr Cmds","No Read Addr Cmds","No Write Addr Cmds","No Write Addr Cmds","No Write Responses","No Write Responses","_","_","_","_","_","_","_","_","No Write Data Beats","No Write Data Beats"
1332,1332,0,0,1,1,0,0,0,8e5ffe20afb76fe31ba56e5faf65c9d2,0,3b9a3d13b8d6963fae1d8dc05a6037b2,0,1,0,1,ff81e4df,ffffffdb,0,1,0,0,0,00000000,"FIXED",3,00,"Data Secure Unprivileged","1 byte",0,0,00000000,"INCR",3,00,"Data Secure Unprivileged","4 bytes",0,0,ff8127fb,"OKAY",00000000,0,2,1,0,0,0,0,0,0,0,2,0,1,4,0,0,1,0,0037e400,"INCR",3,ff,0,"Data Secure Unprivileged",0,"4 bytes",0,00000000,"FIXED",0,00,0,"Data Secure Unprivileged",0,"1 byte",0,"OKAY",0,c08d1dae,"OKAY",00000000,4,2,0,1,0,0,0,0,2,0,1,0,2,1,0,2,1,0,c08d1dae,3,f,0,0,0,00000004,3,1,0,0,1,"No Read Addr Cmds","No Read Addr Cmds","No Write Addr Cmds","No Write Addr Cmds","No Write Responses","No Write Responses","_","_","_","_","_","_","_","_","No Write Data Beats","No Write Data Beats"
1333,1333,0,0,1,1,0,0,0,8e5ffe20afb76fe31ba56e5faf65c9d2,0,3b9a3d13b8d6963fae1d8dc05a6037b2,0,1,0,1,ff81e4df,ffffffdb,0,1,0,0,0,00000000,"FIXED",3,00,"Data Secure Unprivileged","1 byte",0,0,00000000,"INCR",3,00,"Data Secure Unprivileged","4 bytes",0,0,ff8127fb,"OKAY",00000000,0,2,1,0,0,0,0,0,0,0,2,0,1,4,0,0,1,0,0037e400,"INCR",3,ff,0,"Data Secure Unprivileged",0,"4 bytes",0,00000000,"FIXED",0,00,0,"Data Secure Unprivileged",0,"1 byte",0,"OKAY",0,c08d1dae,"OKAY",00000000,4,2,0,1,0,0,0,0,2,0,1,0,2,1,0,2,1,0,c08d1dae,3,f,0,0,0,00000004,3,1,0,0,1,"No Read Addr Cmds","No Read Addr Cmds","No Write Addr Cmds","No Write Addr Cmds","No Write Responses","No Write Responses","_","_","_","_","_","_","_","_","No Write Data Beats","No Write Data Beats"
1334,1334,0,0,1,1,0,0,0,8e5ffe20afb76fe31ba56e5faf65c9d2,0,3b9a3d13b8d6963fae1d8dc05a6037b2,0,1,0,1,ff81e4df,ffffffdb,0,1,0,0,0,00000000,"FIXED",3,00,"Data Secure Unprivileged","1 byte",0,0,00000000,"INCR",3,00,"Data Secure Unprivileged","4 bytes",0,0,ff8127fb,"OKAY",00000000,0,2,1,0,0,0,0,0,0,0,2,0,1,4,0,0,1,0,0037e400,"INCR",3,ff,0,"Data Secure Unprivileged",0,"4 bytes",0,00000000,"FIXED",0,00,0,"Data Secure Unprivileged",0,"1 byte",0,"OKAY",0,c08d1dae,"OKAY",00000000,4,2,0,1,0,0,0,0,2,0,1,0,2,1,0,2,1,0,c08d1dae,3,f,0,0,0,00000004,3,1,0,0,1,"No Read Addr Cmds","No Read Addr Cmds","No Write Addr Cmds","No Write Addr Cmds","No Write Responses","No Write Responses","_","_","_","_","_","_","_","_","No Write Data Beats","No Write Data Beats"
1335,1335,0,0,1,1,0,0,0,8e5ffe20afb76fe31ba56e5faf65c9d2,0,3b9a3d13b8d6963fae1d8dc05a6037b2,0,1,0,1,ff81e4df,ffffffdb,0,1,0,0,0,00000000,"FIXED",3,00,"Data Secure Unprivileged","1 byte",0,0,00000000,"INCR",3,00,"Data Secure Unprivileged","4 bytes",0,0,ff8127fb,"OKAY",00000000,0,2,1,0,0,0,0,0,0,0,2,0,1,4,0,0,1,0,0037e400,"INCR",3,ff,0,"Data Secure Unprivileged",0,"4 bytes",0,00000000,"FIXED",0,00,0,"Data Secure Unprivileged",0,"1 byte",0,"OKAY",0,c08d1dae,"OKAY",00000000,4,2,0,1,0,0,0,0,2,0,1,0,2,1,0,2,1,0,c08d1dae,3,f,0,0,0,00000004,3,1,0,0,1,"No Read Addr Cmds","No Read Addr Cmds","No Write Addr Cmds","No Write Addr Cmds","No Write Responses","No Write Responses","_","_","_","_","_","_","_","_","No Write Data Beats","No Write Data Beats"
1336,1336,0,0,1,1,0,0,0,8e5ffe20afb76fe31ba56e5faf65c9d2,0,3b9a3d13b8d6963fae1d8dc05a6037b2,0,1,0,1,ff81e4df,ffffffdb,0,1,0,0,0,00000000,"FIXED",3,00,"Data Secure Unprivileged","1 byte",0,0,00000000,"INCR",3,00,"Data Secure Unprivileged","4 bytes",0,0,ff8127fb,"OKAY",00000000,0,2,1,0,0,0,0,0,0,0,2,0,1,4,0,0,1,0,0037e400,"INCR",3,ff,0,"Data Secure Unprivileged",0,"4 bytes",0,00000000,"FIXED",0,00,0,"Data Secure Unprivileged",0,"1 byte",0,"OKAY",0,c08d1dae,"OKAY",00000000,4,2,0,1,0,0,0,0,2,0,1,0,2,1,0,2,1,0,c08d1dae,3,f,0,0,0,00000004,3,1,0,0,1,"No Read Addr Cmds","No Read Addr Cmds","No Write Addr Cmds","No Write Addr Cmds","No Write Responses","No Write Responses","_","_","_","_","_","_","_","_","No Write Data Beats","No Write Data Beats"
1337,1337,0,0,1,1,0,0,0,8e5ffe20afb76fe31ba56e5faf65c9d2,0,3b9a3d13b8d6963fae1d8dc05a6037b2,0,1,0,1,ff81e4df,ffffffdb,0,1,0,0,0,00000000,"FIXED",3,00,"Data Secure Unprivileged","1 byte",0,0,00000000,"INCR",3,00,"Data Secure Unprivileged","4 bytes",0,0,ff8127fb,"OKAY",00000000,0,2,1,0,0,0,0,0,0,0,2,0,1,4,0,0,1,0,0037e400,"INCR",3,ff,0,"Data Secure Unprivileged",0,"4 bytes",0,00000000,"FIXED",0,00,0,"Data Secure Unprivileged",0,"1 byte",0,"OKAY",0,c08d1dae,"OKAY",00000000,4,2,0,1,0,0,0,0,2,0,1,0,2,1,0,2,1,0,c08d1dae,3,f,0,0,0,00000004,3,1,0,0,1,"No Read Addr Cmds","No Read Addr Cmds","No Write Addr Cmds","No Write Addr Cmds","No Write Responses","No Write Responses","_","_","_","_","_","_","_","_","No Write Data Beats","No Write Data Beats"
1338,1338,0,0,1,1,0,0,0,8e5ffe20afb76fe31ba56e5faf65c9d2,0,3b9a3d13b8d6963fae1d8dc05a6037b2,0,1,0,1,ff81e4df,ffffffdb,0,1,0,0,0,00000000,"FIXED",3,00,"Data Secure Unprivileged","1 byte",0,0,00000000,"INCR",3,00,"Data Secure Unprivileged","4 bytes",0,0,ff8127fb,"OKAY",00000000,0,2,1,0,0,0,0,0,0,0,2,0,1,4,0,0,1,0,0037e400,"INCR",3,ff,0,"Data Secure Unprivileged",0,"4 bytes",0,00000000,"FIXED",0,00,0,"Data Secure Unprivileged",0,"1 byte",0,"OKAY",0,c08d1dae,"OKAY",00000000,4,2,0,1,0,0,0,0,2,0,1,0,2,1,0,2,1,0,c08d1dae,3,f,0,0,0,00000004,3,1,0,0,1,"No Read Addr Cmds","No Read Addr Cmds","No Write Addr Cmds","No Write Addr Cmds","No Write Responses","No Write Responses","_","_","_","_","_","_","_","_","No Write Data Beats","No Write Data Beats"
1339,1339,0,0,1,1,0,0,0,8e5ffe20afb76fe31ba56e5faf65c9d2,0,3b9a3d13b8d6963fae1d8dc05a6037b2,0,1,0,1,ff81e4df,ffffffdb,0,1,0,0,0,00000000,"FIXED",3,00,"Data Secure Unprivileged","1 byte",0,0,00000000,"INCR",3,00,"Data Secure Unprivileged","4 bytes",0,0,ff8127fb,"OKAY",00000000,0,2,1,0,0,0,0,0,0,0,2,0,1,4,0,0,1,0,0037e400,"INCR",3,ff,0,"Data Secure Unprivileged",0,"4 bytes",0,00000000,"FIXED",0,00,0,"Data Secure Unprivileged",0,"1 byte",0,"OKAY",0,c08d1dae,"OKAY",00000000,4,2,0,1,0,0,0,0,2,0,1,0,2,1,0,2,1,0,c08d1dae,3,f,0,0,0,00000004,3,1,0,0,1,"No Read Addr Cmds","No Read Addr Cmds","No Write Addr Cmds","No Write Addr Cmds","No Write Responses","No Write Responses","_","_","_","_","_","_","_","_","No Write Data Beats","No Write Data Beats"
1340,1340,0,0,1,1,0,0,0,8e5ffe20afb76fe31ba56e5faf65c9d2,0,3b9a3d13b8d6963fae1d8dc05a6037b2,0,1,0,1,ff81e4df,ffffffdb,0,1,0,0,0,00000000,"FIXED",3,00,"Data Secure Unprivileged","1 byte",0,0,00000000,"INCR",3,00,"Data Secure Unprivileged","4 bytes",0,0,ff8127fb,"OKAY",00000000,0,2,1,0,0,0,0,0,0,0,2,0,1,4,0,0,1,0,0037e400,"INCR",3,ff,0,"Data Secure Unprivileged",0,"4 bytes",0,00000000,"FIXED",0,00,0,"Data Secure Unprivileged",0,"1 byte",0,"OKAY",0,c08d1dae,"OKAY",00000000,4,2,0,1,0,0,0,0,2,0,1,0,2,1,0,2,1,0,c08d1dae,3,f,0,0,0,00000004,3,1,0,0,1,"No Read Addr Cmds","No Read Addr Cmds","No Write Addr Cmds","No Write Addr Cmds","No Write Responses","No Write Responses","_","_","_","_","_","_","_","_","No Write Data Beats","No Write Data Beats"
1341,1341,0,0,1,1,0,0,0,8e5ffe20afb76fe31ba56e5faf65c9d2,0,3b9a3d13b8d6963fae1d8dc05a6037b2,0,1,0,1,ff81e4df,ffffffdb,0,1,0,0,0,00000000,"FIXED",3,00,"Data Secure Unprivileged","1 byte",0,0,00000000,"INCR",3,00,"Data Secure Unprivileged","4 bytes",0,0,ff8127fb,"OKAY",00000000,0,2,1,0,0,0,0,0,0,0,2,0,1,4,0,0,1,0,0037e400,"INCR",3,ff,0,"Data Secure Unprivileged",0,"4 bytes",0,00000000,"FIXED",0,00,0,"Data Secure Unprivileged",0,"1 byte",0,"OKAY",0,c08d1dae,"OKAY",00000000,4,2,0,1,0,0,0,0,2,0,1,0,2,1,0,2,1,0,c08d1dae,3,f,0,0,0,00000004,3,1,0,0,1,"No Read Addr Cmds","No Read Addr Cmds","No Write Addr Cmds","No Write Addr Cmds","No Write Responses","No Write Responses","_","_","_","_","_","_","_","_","No Write Data Beats","No Write Data Beats"
1342,1342,0,0,1,1,0,0,0,8e5ffe20afb76fe31ba56e5faf65c9d2,0,3b9a3d13b8d6963fae1d8dc05a6037b2,0,1,0,1,ff81e4df,ffffffdb,0,1,0,0,0,00000000,"FIXED",3,00,"Data Secure Unprivileged","1 byte",0,0,00000000,"INCR",3,00,"Data Secure Unprivileged","4 bytes",0,0,ff8127fb,"OKAY",00000000,0,2,1,0,0,0,0,0,0,0,2,0,1,4,0,0,1,0,0037e400,"INCR",3,ff,0,"Data Secure Unprivileged",0,"4 bytes",0,00000000,"FIXED",0,00,0,"Data Secure Unprivileged",0,"1 byte",0,"OKAY",0,c08d1dae,"OKAY",00000000,4,2,0,1,0,0,0,0,2,0,1,0,2,1,0,2,1,0,c08d1dae,3,f,0,0,0,00000004,3,1,0,0,1,"No Read Addr Cmds","No Read Addr Cmds","No Write Addr Cmds","No Write Addr Cmds","No Write Responses","No Write Responses","_","_","_","_","_","_","_","_","No Write Data Beats","No Write Data Beats"
1343,1343,0,0,1,1,0,0,0,8e5ffe20afb76fe31ba56e5faf65c9d2,0,3b9a3d13b8d6963fae1d8dc05a6037b2,0,1,0,1,ff81e4df,ffffffdb,0,1,0,0,0,00000000,"FIXED",3,00,"Data Secure Unprivileged","1 byte",0,0,00000000,"INCR",3,00,"Data Secure Unprivileged","4 bytes",0,0,ff8127fb,"OKAY",00000000,0,2,1,0,0,0,0,0,0,0,2,0,1,4,0,0,1,0,0037e400,"INCR",3,ff,0,"Data Secure Unprivileged",0,"4 bytes",0,00000000,"FIXED",0,00,0,"Data Secure Unprivileged",0,"1 byte",0,"OKAY",0,c08d1dae,"OKAY",00000000,4,2,0,1,0,0,0,0,2,0,1,0,2,1,0,2,1,0,c08d1dae,3,f,0,0,0,00000004,3,1,0,0,1,"No Read Addr Cmds","No Read Addr Cmds","No Write Addr Cmds","No Write Addr Cmds","No Write Responses","No Write Responses","_","_","_","_","_","_","_","_","No Write Data Beats","No Write Data Beats"
1344,1344,0,0,1,1,0,0,0,8e5ffe20afb76fe31ba56e5faf65c9d2,0,3b9a3d13b8d6963fae1d8dc05a6037b2,0,1,0,1,ff81e4df,ffffffdb,0,1,0,0,0,00000000,"FIXED",3,00,"Data Secure Unprivileged","1 byte",0,0,00000000,"INCR",3,00,"Data Secure Unprivileged","4 bytes",0,0,ff8127fb,"OKAY",00000000,0,2,1,0,0,0,0,0,0,0,2,0,1,4,0,0,1,0,0037e400,"INCR",3,ff,0,"Data Secure Unprivileged",0,"4 bytes",0,00000000,"FIXED",0,00,0,"Data Secure Unprivileged",0,"1 byte",0,"OKAY",0,c08d1dae,"OKAY",00000000,4,2,0,1,0,0,0,0,2,0,1,0,2,1,0,2,1,0,c08d1dae,3,f,0,0,0,00000004,3,1,0,0,1,"No Read Addr Cmds","No Read Addr Cmds","No Write Addr Cmds","No Write Addr Cmds","No Write Responses","No Write Responses","_","_","_","_","_","_","_","_","No Write Data Beats","No Write Data Beats"
1345,1345,0,0,1,1,0,0,0,8e5ffe20afb76fe31ba56e5faf65c9d2,0,3b9a3d13b8d6963fae1d8dc05a6037b2,0,1,0,1,ff81e4df,ffffffdb,0,1,0,0,0,00000000,"FIXED",3,00,"Data Secure Unprivileged","1 byte",0,0,00000000,"INCR",3,00,"Data Secure Unprivileged","4 bytes",0,0,ff8127fb,"OKAY",00000000,0,2,1,0,0,0,0,0,0,0,2,0,1,4,0,0,1,0,0037e400,"INCR",3,ff,0,"Data Secure Unprivileged",0,"4 bytes",0,00000000,"FIXED",0,00,0,"Data Secure Unprivileged",0,"1 byte",0,"OKAY",0,c08d1dae,"OKAY",00000000,4,2,0,1,0,0,0,0,2,0,1,0,2,1,0,2,1,0,c08d1dae,3,f,0,0,0,00000004,3,1,0,0,1,"No Read Addr Cmds","No Read Addr Cmds","No Write Addr Cmds","No Write Addr Cmds","No Write Responses","No Write Responses","_","_","_","_","_","_","_","_","No Write Data Beats","No Write Data Beats"
1346,1346,0,0,1,1,0,0,0,8e5ffe20afb76fe31ba56e5faf65c9d2,0,3b9a3d13b8d6963fae1d8dc05a6037b2,0,1,0,1,ff81e4df,ffffffdb,0,1,0,0,0,00000000,"FIXED",3,00,"Data Secure Unprivileged","1 byte",0,0,00000000,"INCR",3,00,"Data Secure Unprivileged","4 bytes",0,0,ff8127fb,"OKAY",00000000,0,2,1,0,0,0,0,0,0,0,2,0,1,4,0,0,1,0,0037e400,"INCR",3,ff,0,"Data Secure Unprivileged",0,"4 bytes",0,00000000,"FIXED",0,00,0,"Data Secure Unprivileged",0,"1 byte",0,"OKAY",0,c08d1dae,"OKAY",00000000,4,2,0,1,0,0,0,0,2,0,1,0,2,1,0,2,1,0,c08d1dae,3,f,0,0,0,00000004,3,1,0,0,1,"No Read Addr Cmds","No Read Addr Cmds","No Write Addr Cmds","No Write Addr Cmds","No Write Responses","No Write Responses","_","_","_","_","_","_","_","_","No Write Data Beats","No Write Data Beats"
1347,1347,0,0,1,1,0,0,0,8e5ffe20afb76fe31ba56e5faf65c9d2,0,3b9a3d13b8d6963fae1d8dc05a6037b2,0,1,0,1,ff81e4df,ffffffdb,0,1,0,0,0,00000000,"FIXED",3,00,"Data Secure Unprivileged","1 byte",0,0,00000000,"INCR",3,00,"Data Secure Unprivileged","4 bytes",0,0,ff8127fb,"OKAY",00000000,0,2,1,0,0,0,0,0,0,0,2,0,1,4,0,0,1,0,0037e400,"INCR",3,ff,0,"Data Secure Unprivileged",0,"4 bytes",0,00000000,"FIXED",0,00,0,"Data Secure Unprivileged",0,"1 byte",0,"OKAY",0,c08d1dae,"OKAY",00000000,4,2,0,1,0,0,0,0,2,0,1,0,2,1,0,2,1,0,c08d1dae,3,f,0,0,0,00000004,3,1,0,0,1,"No Read Addr Cmds","No Read Addr Cmds","No Write Addr Cmds","No Write Addr Cmds","No Write Responses","No Write Responses","_","_","_","_","_","_","_","_","No Write Data Beats","No Write Data Beats"
1348,1348,0,0,1,1,0,0,0,8e5ffe20afb76fe31ba56e5faf65c9d2,0,3b9a3d13b8d6963fae1d8dc05a6037b2,0,1,0,1,ff81e4df,ffffffdb,0,1,0,0,0,00000000,"FIXED",3,00,"Data Secure Unprivileged","1 byte",0,0,00000000,"INCR",3,00,"Data Secure Unprivileged","4 bytes",0,0,ff8127fb,"OKAY",00000000,0,2,1,0,0,0,0,0,0,0,2,0,1,4,0,0,1,0,0037e400,"INCR",3,ff,0,"Data Secure Unprivileged",0,"4 bytes",0,00000000,"FIXED",0,00,0,"Data Secure Unprivileged",0,"1 byte",0,"OKAY",0,c08d1dae,"OKAY",00000000,4,2,0,1,0,0,0,0,2,0,1,0,2,1,0,2,1,0,c08d1dae,3,f,0,0,0,00000004,3,1,0,0,1,"No Read Addr Cmds","No Read Addr Cmds","No Write Addr Cmds","No Write Addr Cmds","No Write Responses","No Write Responses","_","_","_","_","_","_","_","_","No Write Data Beats","No Write Data Beats"
1349,1349,0,0,1,1,0,0,0,8e5ffe20afb76fe31ba56e5faf65c9d2,0,3b9a3d13b8d6963fae1d8dc05a6037b2,0,1,0,1,ff81e4df,ffffffdb,0,1,0,0,0,00000000,"FIXED",3,00,"Data Secure Unprivileged","1 byte",0,0,00000000,"INCR",3,00,"Data Secure Unprivileged","4 bytes",0,0,ff8127fb,"OKAY",00000000,0,2,1,0,0,0,0,0,0,0,2,0,1,4,0,0,1,0,0037e400,"INCR",3,ff,0,"Data Secure Unprivileged",0,"4 bytes",0,00000000,"FIXED",0,00,0,"Data Secure Unprivileged",0,"1 byte",0,"OKAY",0,c08d1dae,"OKAY",00000000,4,2,0,1,0,0,0,0,2,0,1,0,2,1,0,2,1,0,c08d1dae,3,f,0,0,0,00000004,3,1,0,0,1,"No Read Addr Cmds","No Read Addr Cmds","No Write Addr Cmds","No Write Addr Cmds","No Write Responses","No Write Responses","_","_","_","_","_","_","_","_","No Write Data Beats","No Write Data Beats"
1350,1350,0,0,1,1,0,0,0,8e5ffe20afb76fe31ba56e5faf65c9d2,0,3b9a3d13b8d6963fae1d8dc05a6037b2,0,1,0,1,ff81e4df,ffffffdb,0,1,0,0,0,00000000,"FIXED",3,00,"Data Secure Unprivileged","1 byte",0,0,00000000,"INCR",3,00,"Data Secure Unprivileged","4 bytes",0,0,ff8127fb,"OKAY",00000000,0,2,1,0,0,0,0,0,0,0,2,0,1,4,0,0,1,0,0037e400,"INCR",3,ff,0,"Data Secure Unprivileged",0,"4 bytes",0,00000000,"FIXED",0,00,0,"Data Secure Unprivileged",0,"1 byte",0,"OKAY",0,c08d1dae,"OKAY",00000000,4,2,0,1,0,0,0,0,2,0,1,0,2,1,0,2,1,0,c08d1dae,3,f,0,0,0,00000004,3,1,0,0,1,"No Read Addr Cmds","No Read Addr Cmds","No Write Addr Cmds","No Write Addr Cmds","No Write Responses","No Write Responses","_","_","_","_","_","_","_","_","No Write Data Beats","No Write Data Beats"
1351,1351,0,0,1,1,0,0,0,8e5ffe20afb76fe31ba56e5faf65c9d2,0,3b9a3d13b8d6963fae1d8dc05a6037b2,0,1,0,1,ff81e4df,ffffffdb,0,1,0,0,0,00000000,"FIXED",3,00,"Data Secure Unprivileged","1 byte",0,0,00000000,"INCR",3,00,"Data Secure Unprivileged","4 bytes",0,0,ff8127fb,"OKAY",00000000,0,2,1,0,0,0,0,0,0,0,2,0,1,4,0,0,1,0,0037e400,"INCR",3,ff,0,"Data Secure Unprivileged",0,"4 bytes",0,00000000,"FIXED",0,00,0,"Data Secure Unprivileged",0,"1 byte",0,"OKAY",0,c08d1dae,"OKAY",00000000,4,2,0,1,0,0,0,0,2,0,1,0,2,1,0,2,1,0,c08d1dae,3,f,0,0,0,00000004,3,1,0,0,1,"No Read Addr Cmds","No Read Addr Cmds","No Write Addr Cmds","No Write Addr Cmds","No Write Responses","No Write Responses","_","_","_","_","_","_","_","_","No Write Data Beats","No Write Data Beats"
1352,1352,0,0,1,1,0,0,0,8e5ffe20afb76fe31ba56e5faf65c9d2,0,3b9a3d13b8d6963fae1d8dc05a6037b2,0,1,0,1,ff81e4df,ffffffdb,0,1,0,0,0,00000000,"FIXED",3,00,"Data Secure Unprivileged","1 byte",0,0,00000000,"INCR",3,00,"Data Secure Unprivileged","4 bytes",0,0,ff8127fb,"OKAY",00000000,0,2,1,0,0,0,0,0,0,0,2,0,1,4,0,0,1,0,0037e400,"INCR",3,ff,0,"Data Secure Unprivileged",0,"4 bytes",0,00000000,"FIXED",0,00,0,"Data Secure Unprivileged",0,"1 byte",0,"OKAY",0,c08d1dae,"OKAY",00000000,4,2,0,1,0,0,0,0,2,0,1,0,2,1,0,2,1,0,c08d1dae,3,f,0,0,0,00000004,3,1,0,0,1,"No Read Addr Cmds","No Read Addr Cmds","No Write Addr Cmds","No Write Addr Cmds","No Write Responses","No Write Responses","_","_","_","_","_","_","_","_","No Write Data Beats","No Write Data Beats"
1353,1353,0,0,1,1,0,0,0,8e5ffe20afb76fe31ba56e5faf65c9d2,0,3b9a3d13b8d6963fae1d8dc05a6037b2,0,1,0,1,ff81e4df,ffffffdb,0,1,0,0,0,00000000,"FIXED",3,00,"Data Secure Unprivileged","1 byte",0,0,00000000,"INCR",3,00,"Data Secure Unprivileged","4 bytes",0,0,ff8127fb,"OKAY",00000000,0,2,1,0,0,0,0,0,0,0,2,0,1,4,0,0,1,0,0037e400,"INCR",3,ff,0,"Data Secure Unprivileged",0,"4 bytes",0,00000000,"FIXED",0,00,0,"Data Secure Unprivileged",0,"1 byte",0,"OKAY",0,c08d1dae,"OKAY",00000000,4,2,0,1,0,0,0,0,2,0,1,0,2,1,0,2,1,0,c08d1dae,3,f,0,0,0,00000004,3,1,0,0,1,"No Read Addr Cmds","No Read Addr Cmds","No Write Addr Cmds","No Write Addr Cmds","No Write Responses","No Write Responses","_","_","_","_","_","_","_","_","No Write Data Beats","No Write Data Beats"
1354,1354,0,0,1,1,0,0,0,8e5ffe20afb76fe31ba56e5faf65c9d2,0,3b9a3d13b8d6963fae1d8dc05a6037b2,0,1,0,1,ff81e4df,ffffffdb,0,1,0,0,0,00000000,"FIXED",3,00,"Data Secure Unprivileged","1 byte",0,0,00000000,"INCR",3,00,"Data Secure Unprivileged","4 bytes",0,0,ff8127fb,"OKAY",00000000,0,2,1,0,0,0,0,0,0,0,2,0,1,4,0,0,1,0,0037e400,"INCR",3,ff,0,"Data Secure Unprivileged",0,"4 bytes",0,00000000,"FIXED",0,00,0,"Data Secure Unprivileged",0,"1 byte",0,"OKAY",0,c08d1dae,"OKAY",00000000,4,2,0,1,0,0,0,0,2,0,1,0,2,1,0,2,1,0,c08d1dae,3,f,0,0,0,00000004,3,1,0,0,1,"No Read Addr Cmds","No Read Addr Cmds","No Write Addr Cmds","No Write Addr Cmds","No Write Responses","No Write Responses","_","_","_","_","_","_","_","_","No Write Data Beats","No Write Data Beats"
1355,1355,0,0,1,1,0,0,0,8e5ffe20afb76fe31ba56e5faf65c9d2,0,3b9a3d13b8d6963fae1d8dc05a6037b2,0,1,0,1,ff81e4df,ffffffdb,0,1,0,0,0,00000000,"FIXED",3,00,"Data Secure Unprivileged","1 byte",0,0,00000000,"INCR",3,00,"Data Secure Unprivileged","4 bytes",0,0,ff8127fb,"OKAY",00000000,0,2,1,0,0,0,0,0,0,0,2,0,1,4,0,0,1,0,0037e400,"INCR",3,ff,0,"Data Secure Unprivileged",0,"4 bytes",0,00000000,"FIXED",0,00,0,"Data Secure Unprivileged",0,"1 byte",0,"OKAY",0,c08d1dae,"OKAY",00000000,4,2,0,1,0,0,0,0,2,0,1,0,2,1,0,2,1,0,c08d1dae,3,f,0,0,0,00000004,3,1,0,0,1,"No Read Addr Cmds","No Read Addr Cmds","No Write Addr Cmds","No Write Addr Cmds","No Write Responses","No Write Responses","_","_","_","_","_","_","_","_","No Write Data Beats","No Write Data Beats"
1356,1356,0,0,1,1,0,0,0,8e5ffe20afb76fe31ba56e5faf65c9d2,0,3b9a3d13b8d6963fae1d8dc05a6037b2,0,1,0,1,ff81e4df,ffffffdb,0,1,0,0,0,00000000,"FIXED",3,00,"Data Secure Unprivileged","1 byte",0,0,00000000,"INCR",3,00,"Data Secure Unprivileged","4 bytes",0,0,ff8127fb,"OKAY",00000000,0,2,1,0,0,0,0,0,0,0,2,0,1,4,0,0,1,0,0037e400,"INCR",3,ff,0,"Data Secure Unprivileged",0,"4 bytes",0,00000000,"FIXED",0,00,0,"Data Secure Unprivileged",0,"1 byte",0,"OKAY",0,c08d1dae,"OKAY",00000000,4,2,0,1,0,0,0,0,2,0,1,0,2,1,0,2,1,0,c08d1dae,3,f,0,0,0,00000004,3,1,0,0,1,"No Read Addr Cmds","No Read Addr Cmds","No Write Addr Cmds","No Write Addr Cmds","No Write Responses","No Write Responses","_","_","_","_","_","_","_","_","No Write Data Beats","No Write Data Beats"
1357,1357,0,0,1,1,0,0,0,8e5ffe20afb76fe31ba56e5faf65c9d2,0,3b9a3d13b8d6963fae1d8dc05a6037b2,0,1,0,1,ff81e4df,ffffffdb,0,1,0,0,0,00000000,"FIXED",3,00,"Data Secure Unprivileged","1 byte",0,0,00000000,"INCR",3,00,"Data Secure Unprivileged","4 bytes",0,0,ff8127fb,"OKAY",00000000,0,2,1,0,0,0,0,0,0,0,2,0,1,4,0,0,1,0,0037e400,"INCR",3,ff,0,"Data Secure Unprivileged",0,"4 bytes",0,00000000,"FIXED",0,00,0,"Data Secure Unprivileged",0,"1 byte",0,"OKAY",0,c08d1dae,"OKAY",00000000,4,2,0,1,0,0,0,0,2,0,1,0,2,1,0,2,1,0,c08d1dae,3,f,0,0,0,00000004,3,1,0,0,1,"No Read Addr Cmds","No Read Addr Cmds","No Write Addr Cmds","No Write Addr Cmds","No Write Responses","No Write Responses","_","_","_","_","_","_","_","_","No Write Data Beats","No Write Data Beats"
1358,1358,0,0,1,1,0,0,0,8e5ffe20afb76fe31ba56e5faf65c9d2,0,3b9a3d13b8d6963fae1d8dc05a6037b2,0,1,0,1,ff81e4df,ffffffdb,0,1,0,0,0,00000000,"FIXED",3,00,"Data Secure Unprivileged","1 byte",0,0,00000000,"INCR",3,00,"Data Secure Unprivileged","4 bytes",0,0,ff8127fb,"OKAY",00000000,0,2,1,0,0,0,0,0,0,0,2,0,1,4,0,0,1,0,0037e400,"INCR",3,ff,0,"Data Secure Unprivileged",0,"4 bytes",0,00000000,"FIXED",0,00,0,"Data Secure Unprivileged",0,"1 byte",0,"OKAY",0,c08d1dae,"OKAY",00000000,4,2,0,1,0,0,0,0,2,0,1,0,2,1,0,2,1,0,c08d1dae,3,f,0,0,0,00000004,3,1,0,0,1,"No Read Addr Cmds","No Read Addr Cmds","No Write Addr Cmds","No Write Addr Cmds","No Write Responses","No Write Responses","_","_","_","_","_","_","_","_","No Write Data Beats","No Write Data Beats"
1359,1359,0,0,1,1,0,0,0,8e5ffe20afb76fe31ba56e5faf65c9d2,0,3b9a3d13b8d6963fae1d8dc05a6037b2,0,1,0,1,ff81e4df,ffffffdb,0,1,0,0,0,00000000,"FIXED",3,00,"Data Secure Unprivileged","1 byte",0,0,00000000,"INCR",3,00,"Data Secure Unprivileged","4 bytes",0,0,ff8127fb,"OKAY",00000000,0,2,1,0,0,0,0,0,0,0,2,0,1,4,0,0,1,0,0037e400,"INCR",3,ff,0,"Data Secure Unprivileged",0,"4 bytes",0,00000000,"FIXED",0,00,0,"Data Secure Unprivileged",0,"1 byte",0,"OKAY",0,c08d1dae,"OKAY",00000000,4,2,0,1,0,0,0,0,2,0,1,0,2,1,0,2,1,0,c08d1dae,3,f,0,0,0,00000004,3,1,0,0,1,"No Read Addr Cmds","No Read Addr Cmds","No Write Addr Cmds","No Write Addr Cmds","No Write Responses","No Write Responses","_","_","_","_","_","_","_","_","No Write Data Beats","No Write Data Beats"
1360,1360,0,0,1,1,0,0,0,8e5ffe20afb76fe31ba56e5faf65c9d2,0,3b9a3d13b8d6963fae1d8dc05a6037b2,0,1,0,1,ff81e4df,ffffffdb,0,1,0,0,0,00000000,"FIXED",3,00,"Data Secure Unprivileged","1 byte",0,0,00000000,"INCR",3,00,"Data Secure Unprivileged","4 bytes",0,0,ff8127fb,"OKAY",00000000,0,2,1,0,0,0,0,0,0,0,2,0,1,4,0,0,1,0,0037e400,"INCR",3,ff,0,"Data Secure Unprivileged",0,"4 bytes",0,00000000,"FIXED",0,00,0,"Data Secure Unprivileged",0,"1 byte",0,"OKAY",0,c08d1dae,"OKAY",00000000,4,2,0,1,0,0,0,0,2,0,1,0,2,1,0,2,1,0,c08d1dae,3,f,0,0,0,00000004,3,1,0,0,1,"No Read Addr Cmds","No Read Addr Cmds","No Write Addr Cmds","No Write Addr Cmds","No Write Responses","No Write Responses","_","_","_","_","_","_","_","_","No Write Data Beats","No Write Data Beats"
1361,1361,0,0,1,1,0,0,0,8e5ffe20afb76fe31ba56e5faf65c9d2,0,3b9a3d13b8d6963fae1d8dc05a6037b2,0,1,0,1,ff81e4df,ffffffdb,0,1,0,0,0,00000000,"FIXED",3,00,"Data Secure Unprivileged","1 byte",0,0,00000000,"INCR",3,00,"Data Secure Unprivileged","4 bytes",0,0,ff8127fb,"OKAY",00000000,0,2,1,0,0,0,0,0,0,0,2,0,1,4,0,0,1,0,0037e400,"INCR",3,ff,0,"Data Secure Unprivileged",0,"4 bytes",0,00000000,"FIXED",0,00,0,"Data Secure Unprivileged",0,"1 byte",0,"OKAY",0,c08d1dae,"OKAY",00000000,4,2,0,1,0,0,0,0,2,0,1,0,2,1,0,2,1,0,c08d1dae,3,f,0,0,0,00000004,3,1,0,0,1,"No Read Addr Cmds","No Read Addr Cmds","No Write Addr Cmds","No Write Addr Cmds","No Write Responses","No Write Responses","_","_","_","_","_","_","_","_","No Write Data Beats","No Write Data Beats"
1362,1362,0,0,1,1,0,0,0,8e5ffe20afb76fe31ba56e5faf65c9d2,0,3b9a3d13b8d6963fae1d8dc05a6037b2,0,1,0,1,ff81e4df,ffffffdb,0,1,0,0,0,00000000,"FIXED",3,00,"Data Secure Unprivileged","1 byte",0,0,00000000,"INCR",3,00,"Data Secure Unprivileged","4 bytes",0,0,ff8127fb,"OKAY",00000000,0,2,1,0,0,0,0,0,0,0,2,0,1,4,0,0,1,0,0037e400,"INCR",3,ff,0,"Data Secure Unprivileged",0,"4 bytes",0,00000000,"FIXED",0,00,0,"Data Secure Unprivileged",0,"1 byte",0,"OKAY",0,c08d1dae,"OKAY",00000000,4,2,0,1,0,0,0,0,2,0,1,0,2,1,0,2,1,0,c08d1dae,3,f,0,0,0,00000004,3,1,0,0,1,"No Read Addr Cmds","No Read Addr Cmds","No Write Addr Cmds","No Write Addr Cmds","No Write Responses","No Write Responses","_","_","_","_","_","_","_","_","No Write Data Beats","No Write Data Beats"
1363,1363,0,0,1,1,0,0,0,8e5ffe20afb76fe31ba56e5faf65c9d2,0,3b9a3d13b8d6963fae1d8dc05a6037b2,0,1,0,1,ff81e4df,ffffffdb,0,1,0,0,0,00000000,"FIXED",3,00,"Data Secure Unprivileged","1 byte",0,0,00000000,"INCR",3,00,"Data Secure Unprivileged","4 bytes",0,0,ff8127fb,"OKAY",00000000,0,2,1,0,0,0,0,0,0,0,2,0,1,4,0,0,1,0,0037e400,"INCR",3,ff,0,"Data Secure Unprivileged",0,"4 bytes",0,00000000,"FIXED",0,00,0,"Data Secure Unprivileged",0,"1 byte",0,"OKAY",0,c08d1dae,"OKAY",00000000,4,2,0,1,0,0,0,0,2,0,1,0,2,1,0,2,1,0,c08d1dae,3,f,0,0,0,00000004,3,1,0,0,1,"No Read Addr Cmds","No Read Addr Cmds","No Write Addr Cmds","No Write Addr Cmds","No Write Responses","No Write Responses","_","_","_","_","_","_","_","_","No Write Data Beats","No Write Data Beats"
1364,1364,0,0,1,1,0,0,0,8e5ffe20afb76fe31ba56e5faf65c9d2,0,3b9a3d13b8d6963fae1d8dc05a6037b2,0,1,0,1,ff81e4df,ffffffdb,0,1,0,0,0,00000000,"FIXED",3,00,"Data Secure Unprivileged","1 byte",0,0,00000000,"INCR",3,00,"Data Secure Unprivileged","4 bytes",0,0,ff8127fb,"OKAY",00000000,0,2,1,0,0,0,0,0,0,0,2,0,1,4,0,0,1,0,0037e400,"INCR",3,ff,0,"Data Secure Unprivileged",0,"4 bytes",0,00000000,"FIXED",0,00,0,"Data Secure Unprivileged",0,"1 byte",0,"OKAY",0,c08d1dae,"OKAY",00000000,4,2,0,1,0,0,0,0,2,0,1,0,2,1,0,2,1,0,c08d1dae,3,f,0,0,0,00000004,3,1,0,0,1,"No Read Addr Cmds","No Read Addr Cmds","No Write Addr Cmds","No Write Addr Cmds","No Write Responses","No Write Responses","_","_","_","_","_","_","_","_","No Write Data Beats","No Write Data Beats"
1365,1365,0,0,1,1,0,0,0,8e5ffe20afb76fe31ba56e5faf65c9d2,0,3b9a3d13b8d6963fae1d8dc05a6037b2,0,1,0,1,ff81e4df,ffffffdb,0,1,0,0,0,00000000,"FIXED",3,00,"Data Secure Unprivileged","1 byte",0,0,00000000,"INCR",3,00,"Data Secure Unprivileged","4 bytes",0,0,ff8127fb,"OKAY",00000000,0,2,1,0,0,0,0,0,0,0,2,0,1,4,0,0,1,0,0037e400,"INCR",3,ff,0,"Data Secure Unprivileged",0,"4 bytes",0,00000000,"FIXED",0,00,0,"Data Secure Unprivileged",0,"1 byte",0,"OKAY",0,c08d1dae,"OKAY",00000000,4,2,0,1,0,0,0,0,2,0,1,0,2,1,0,2,1,0,c08d1dae,3,f,0,0,0,00000004,3,1,0,0,1,"No Read Addr Cmds","No Read Addr Cmds","No Write Addr Cmds","No Write Addr Cmds","No Write Responses","No Write Responses","_","_","_","_","_","_","_","_","No Write Data Beats","No Write Data Beats"
1366,1366,0,0,1,1,0,0,0,8e5ffe20afb76fe31ba56e5faf65c9d2,0,3b9a3d13b8d6963fae1d8dc05a6037b2,0,1,0,1,ff81e4df,ffffffdb,0,1,0,0,0,00000000,"FIXED",3,00,"Data Secure Unprivileged","1 byte",0,0,00000000,"INCR",3,00,"Data Secure Unprivileged","4 bytes",0,0,ff8127fb,"OKAY",00000000,0,2,1,0,0,0,0,0,0,0,2,0,1,4,0,0,1,0,0037e400,"INCR",3,ff,0,"Data Secure Unprivileged",0,"4 bytes",0,00000000,"FIXED",0,00,0,"Data Secure Unprivileged",0,"1 byte",0,"OKAY",0,c08d1dae,"OKAY",00000000,4,2,0,1,0,0,0,0,2,0,1,0,2,1,0,2,1,0,c08d1dae,3,f,0,0,0,00000004,3,1,0,0,1,"No Read Addr Cmds","No Read Addr Cmds","No Write Addr Cmds","No Write Addr Cmds","No Write Responses","No Write Responses","_","_","_","_","_","_","_","_","No Write Data Beats","No Write Data Beats"
1367,1367,0,0,1,1,0,0,0,8e5ffe20afb76fe31ba56e5faf65c9d2,0,3b9a3d13b8d6963fae1d8dc05a6037b2,0,1,0,1,ff81e4df,ffffffdb,0,1,0,0,0,00000000,"FIXED",3,00,"Data Secure Unprivileged","1 byte",0,0,00000000,"INCR",3,00,"Data Secure Unprivileged","4 bytes",0,0,ff8127fb,"OKAY",00000000,0,2,1,0,0,0,0,0,0,0,2,0,1,4,0,0,1,0,0037e400,"INCR",3,ff,0,"Data Secure Unprivileged",0,"4 bytes",0,00000000,"FIXED",0,00,0,"Data Secure Unprivileged",0,"1 byte",0,"OKAY",0,c08d1dae,"OKAY",00000000,4,2,0,1,0,0,0,0,2,0,1,0,2,1,0,2,1,0,c08d1dae,3,f,0,0,0,00000004,3,1,0,0,1,"No Read Addr Cmds","No Read Addr Cmds","No Write Addr Cmds","No Write Addr Cmds","No Write Responses","No Write Responses","_","_","_","_","_","_","_","_","No Write Data Beats","No Write Data Beats"
1368,1368,0,0,1,1,0,0,0,8e5ffe20afb76fe31ba56e5faf65c9d2,0,3b9a3d13b8d6963fae1d8dc05a6037b2,0,1,0,1,ff81e4df,ffffffdb,0,1,0,0,0,00000000,"FIXED",3,00,"Data Secure Unprivileged","1 byte",0,0,00000000,"INCR",3,00,"Data Secure Unprivileged","4 bytes",0,0,ff8127fb,"OKAY",00000000,0,2,1,0,0,0,0,0,0,0,2,0,1,4,0,0,1,0,0037e400,"INCR",3,ff,0,"Data Secure Unprivileged",0,"4 bytes",0,00000000,"FIXED",0,00,0,"Data Secure Unprivileged",0,"1 byte",0,"OKAY",0,c08d1dae,"OKAY",00000000,4,2,0,1,0,0,0,0,2,0,1,0,2,1,0,2,1,0,c08d1dae,3,f,0,0,0,00000004,3,1,0,0,1,"No Read Addr Cmds","No Read Addr Cmds","No Write Addr Cmds","No Write Addr Cmds","No Write Responses","No Write Responses","_","_","_","_","_","_","_","_","No Write Data Beats","No Write Data Beats"
1369,1369,0,0,1,1,0,0,0,8e5ffe20afb76fe31ba56e5faf65c9d2,0,3b9a3d13b8d6963fae1d8dc05a6037b2,0,1,0,1,ff81e4df,ffffffdb,0,1,0,0,0,00000000,"FIXED",3,00,"Data Secure Unprivileged","1 byte",0,0,00000000,"INCR",3,00,"Data Secure Unprivileged","4 bytes",0,0,ff8127fb,"OKAY",00000000,0,2,1,0,0,0,0,0,0,0,2,0,1,4,0,0,1,0,0037e400,"INCR",3,ff,0,"Data Secure Unprivileged",0,"4 bytes",0,00000000,"FIXED",0,00,0,"Data Secure Unprivileged",0,"1 byte",0,"OKAY",0,c08d1dae,"OKAY",00000000,4,2,0,1,0,0,0,0,2,0,1,0,2,1,0,2,1,0,c08d1dae,3,f,0,0,0,00000004,3,1,0,0,1,"No Read Addr Cmds","No Read Addr Cmds","No Write Addr Cmds","No Write Addr Cmds","No Write Responses","No Write Responses","_","_","_","_","_","_","_","_","No Write Data Beats","No Write Data Beats"
1370,1370,0,0,1,1,0,0,0,8e5ffe20afb76fe31ba56e5faf65c9d2,0,3b9a3d13b8d6963fae1d8dc05a6037b2,0,1,0,1,ff81e4df,ffffffdb,0,1,0,0,0,00000000,"FIXED",3,00,"Data Secure Unprivileged","1 byte",0,0,00000000,"INCR",3,00,"Data Secure Unprivileged","4 bytes",0,0,ff8127fb,"OKAY",00000000,0,2,1,0,0,0,0,0,0,0,2,0,1,4,0,0,1,0,0037e400,"INCR",3,ff,0,"Data Secure Unprivileged",0,"4 bytes",0,00000000,"FIXED",0,00,0,"Data Secure Unprivileged",0,"1 byte",0,"OKAY",0,c08d1dae,"OKAY",00000000,4,2,0,1,0,0,0,0,2,0,1,0,2,1,0,2,1,0,c08d1dae,3,f,0,0,0,00000004,3,1,0,0,1,"No Read Addr Cmds","No Read Addr Cmds","No Write Addr Cmds","No Write Addr Cmds","No Write Responses","No Write Responses","_","_","_","_","_","_","_","_","No Write Data Beats","No Write Data Beats"
1371,1371,0,0,1,1,0,0,0,8e5ffe20afb76fe31ba56e5faf65c9d2,0,3b9a3d13b8d6963fae1d8dc05a6037b2,0,1,0,1,ff81e4df,ffffffdb,0,1,0,0,0,00000000,"FIXED",3,00,"Data Secure Unprivileged","1 byte",0,0,00000000,"INCR",3,00,"Data Secure Unprivileged","4 bytes",0,0,ff8127fb,"OKAY",00000000,0,2,1,0,0,0,0,0,0,0,2,0,1,4,0,0,1,0,0037e400,"INCR",3,ff,0,"Data Secure Unprivileged",0,"4 bytes",0,00000000,"FIXED",0,00,0,"Data Secure Unprivileged",0,"1 byte",0,"OKAY",0,c08d1dae,"OKAY",00000000,4,2,0,1,0,0,0,0,2,0,1,0,2,1,0,2,1,0,c08d1dae,3,f,0,0,0,00000004,3,1,0,0,1,"No Read Addr Cmds","No Read Addr Cmds","No Write Addr Cmds","No Write Addr Cmds","No Write Responses","No Write Responses","_","_","_","_","_","_","_","_","No Write Data Beats","No Write Data Beats"
1372,1372,0,0,1,1,0,0,0,8e5ffe20afb76fe31ba56e5faf65c9d2,0,3b9a3d13b8d6963fae1d8dc05a6037b2,0,1,0,1,ff81e4df,ffffffdb,0,1,0,0,0,00000000,"FIXED",3,00,"Data Secure Unprivileged","1 byte",0,0,00000000,"INCR",3,00,"Data Secure Unprivileged","4 bytes",0,0,ff8127fb,"OKAY",00000000,0,2,1,0,0,0,0,0,0,0,2,0,1,4,0,0,1,0,0037e400,"INCR",3,ff,0,"Data Secure Unprivileged",0,"4 bytes",0,00000000,"FIXED",0,00,0,"Data Secure Unprivileged",0,"1 byte",0,"OKAY",0,c08d1dae,"OKAY",00000000,4,2,0,1,0,0,0,0,2,0,1,0,2,1,0,2,1,0,c08d1dae,3,f,0,0,0,00000004,3,1,0,0,1,"No Read Addr Cmds","No Read Addr Cmds","No Write Addr Cmds","No Write Addr Cmds","No Write Responses","No Write Responses","_","_","_","_","_","_","_","_","No Write Data Beats","No Write Data Beats"
1373,1373,0,0,1,1,0,0,0,8e5ffe20afb76fe31ba56e5faf65c9d2,0,3b9a3d13b8d6963fae1d8dc05a6037b2,0,1,0,1,ff81e4df,ffffffdb,0,1,0,0,0,00000000,"FIXED",3,00,"Data Secure Unprivileged","1 byte",0,0,00000000,"INCR",3,00,"Data Secure Unprivileged","4 bytes",0,0,ff8127fb,"OKAY",00000000,0,2,1,0,0,0,0,0,0,0,2,0,1,4,0,0,1,0,0037e400,"INCR",3,ff,0,"Data Secure Unprivileged",0,"4 bytes",0,00000000,"FIXED",0,00,0,"Data Secure Unprivileged",0,"1 byte",0,"OKAY",0,c08d1dae,"OKAY",00000000,4,2,0,1,0,0,0,0,2,0,1,0,2,1,0,2,1,0,c08d1dae,3,f,0,0,0,00000004,3,1,0,0,1,"No Read Addr Cmds","No Read Addr Cmds","No Write Addr Cmds","No Write Addr Cmds","No Write Responses","No Write Responses","_","_","_","_","_","_","_","_","No Write Data Beats","No Write Data Beats"
1374,1374,0,0,1,1,0,0,0,8e5ffe20afb76fe31ba56e5faf65c9d2,0,3b9a3d13b8d6963fae1d8dc05a6037b2,0,1,0,1,ff81e4df,ffffffdb,0,1,0,0,0,00000000,"FIXED",3,00,"Data Secure Unprivileged","1 byte",0,0,00000000,"INCR",3,00,"Data Secure Unprivileged","4 bytes",0,0,ff8127fb,"OKAY",00000000,0,2,1,0,0,0,0,0,0,0,2,0,1,4,0,0,1,0,0037e400,"INCR",3,ff,0,"Data Secure Unprivileged",0,"4 bytes",0,00000000,"FIXED",0,00,0,"Data Secure Unprivileged",0,"1 byte",0,"OKAY",0,c08d1dae,"OKAY",00000000,4,2,0,1,0,0,0,0,2,0,1,0,2,1,0,2,1,0,c08d1dae,3,f,0,0,0,00000004,3,1,0,0,1,"No Read Addr Cmds","No Read Addr Cmds","No Write Addr Cmds","No Write Addr Cmds","No Write Responses","No Write Responses","_","_","_","_","_","_","_","_","No Write Data Beats","No Write Data Beats"
1375,1375,0,0,1,1,0,0,0,8e5ffe20afb76fe31ba56e5faf65c9d2,0,3b9a3d13b8d6963fae1d8dc05a6037b2,0,1,0,1,ff81e4df,ffffffdb,0,1,0,0,0,00000000,"FIXED",3,00,"Data Secure Unprivileged","1 byte",0,0,00000000,"INCR",3,00,"Data Secure Unprivileged","4 bytes",0,0,ff8127fb,"OKAY",00000000,0,2,1,0,0,0,0,0,0,0,2,0,1,4,0,0,1,0,0037e400,"INCR",3,ff,0,"Data Secure Unprivileged",0,"4 bytes",0,00000000,"FIXED",0,00,0,"Data Secure Unprivileged",0,"1 byte",0,"OKAY",0,c08d1dae,"OKAY",00000000,4,2,0,1,0,0,0,0,2,0,1,0,2,1,0,2,1,0,c08d1dae,3,f,0,0,0,00000004,3,1,0,0,1,"No Read Addr Cmds","No Read Addr Cmds","No Write Addr Cmds","No Write Addr Cmds","No Write Responses","No Write Responses","_","_","_","_","_","_","_","_","No Write Data Beats","No Write Data Beats"
1376,1376,0,0,1,1,0,0,0,8e5ffe20afb76fe31ba56e5faf65c9d2,0,3b9a3d13b8d6963fae1d8dc05a6037b2,0,1,0,1,ff81e4df,ffffffdb,0,1,0,0,0,00000000,"FIXED",3,00,"Data Secure Unprivileged","1 byte",0,0,00000000,"INCR",3,00,"Data Secure Unprivileged","4 bytes",0,0,ff8127fb,"OKAY",00000000,0,2,1,0,0,0,0,0,0,0,2,0,1,4,0,0,1,0,0037e400,"INCR",3,ff,0,"Data Secure Unprivileged",0,"4 bytes",0,00000000,"FIXED",0,00,0,"Data Secure Unprivileged",0,"1 byte",0,"OKAY",0,c08d1dae,"OKAY",00000000,4,2,0,1,0,0,0,0,2,0,1,0,2,1,0,2,1,0,c08d1dae,3,f,0,0,0,00000004,3,1,0,0,1,"No Read Addr Cmds","No Read Addr Cmds","No Write Addr Cmds","No Write Addr Cmds","No Write Responses","No Write Responses","_","_","_","_","_","_","_","_","No Write Data Beats","No Write Data Beats"
1377,1377,0,0,1,1,0,0,0,8e5ffe20afb76fe31ba56e5faf65c9d2,0,3b9a3d13b8d6963fae1d8dc05a6037b2,0,1,0,1,ff81e4df,ffffffdb,0,1,0,0,0,00000000,"FIXED",3,00,"Data Secure Unprivileged","1 byte",0,0,00000000,"INCR",3,00,"Data Secure Unprivileged","4 bytes",0,0,ff8127fb,"OKAY",00000000,0,2,1,0,0,0,0,0,0,0,2,0,1,4,0,0,1,0,0037e400,"INCR",3,ff,0,"Data Secure Unprivileged",0,"4 bytes",0,00000000,"FIXED",0,00,0,"Data Secure Unprivileged",0,"1 byte",0,"OKAY",0,c08d1dae,"OKAY",00000000,4,2,0,1,0,0,0,0,2,0,1,0,2,1,0,2,1,0,c08d1dae,3,f,0,0,0,00000004,3,1,0,0,1,"No Read Addr Cmds","No Read Addr Cmds","No Write Addr Cmds","No Write Addr Cmds","No Write Responses","No Write Responses","_","_","_","_","_","_","_","_","No Write Data Beats","No Write Data Beats"
1378,1378,0,0,1,1,0,0,0,8e5ffe20afb76fe31ba56e5faf65c9d2,0,3b9a3d13b8d6963fae1d8dc05a6037b2,0,1,0,1,ff81e4df,ffffffdb,0,1,0,0,0,00000000,"FIXED",3,00,"Data Secure Unprivileged","1 byte",0,0,00000000,"INCR",3,00,"Data Secure Unprivileged","4 bytes",0,0,ff8127fb,"OKAY",00000000,0,2,1,0,0,0,0,0,0,0,2,0,1,4,0,0,1,0,0037e400,"INCR",3,ff,0,"Data Secure Unprivileged",0,"4 bytes",0,00000000,"FIXED",0,00,0,"Data Secure Unprivileged",0,"1 byte",0,"OKAY",0,c08d1dae,"OKAY",00000000,4,2,0,1,0,0,0,0,2,0,1,0,2,1,0,2,1,0,c08d1dae,3,f,0,0,0,00000004,3,1,0,0,1,"No Read Addr Cmds","No Read Addr Cmds","No Write Addr Cmds","No Write Addr Cmds","No Write Responses","No Write Responses","_","_","_","_","_","_","_","_","No Write Data Beats","No Write Data Beats"
1379,1379,0,0,1,1,0,0,0,8e5ffe20afb76fe31ba56e5faf65c9d2,0,3b9a3d13b8d6963fae1d8dc05a6037b2,0,1,0,1,ff81e4df,ffffffdb,0,1,0,0,0,00000000,"FIXED",3,00,"Data Secure Unprivileged","1 byte",0,0,00000000,"INCR",3,00,"Data Secure Unprivileged","4 bytes",0,0,ff8127fb,"OKAY",00000000,0,2,1,0,0,0,0,0,0,0,2,0,1,4,0,0,1,0,0037e400,"INCR",3,ff,0,"Data Secure Unprivileged",0,"4 bytes",0,00000000,"FIXED",0,00,0,"Data Secure Unprivileged",0,"1 byte",0,"OKAY",0,c08d1dae,"OKAY",00000000,4,2,0,1,0,0,0,0,2,0,1,0,2,1,0,2,1,0,c08d1dae,3,f,0,0,0,00000004,3,1,0,0,1,"No Read Addr Cmds","No Read Addr Cmds","No Write Addr Cmds","No Write Addr Cmds","No Write Responses","No Write Responses","_","_","_","_","_","_","_","_","No Write Data Beats","No Write Data Beats"
1380,1380,0,0,1,1,0,0,0,8e5ffe20afb76fe31ba56e5faf65c9d2,0,3b9a3d13b8d6963fae1d8dc05a6037b2,0,1,0,1,ff81e4df,ffffffdb,0,1,0,0,0,00000000,"FIXED",3,00,"Data Secure Unprivileged","1 byte",0,0,00000000,"INCR",3,00,"Data Secure Unprivileged","4 bytes",0,0,ff8127fb,"OKAY",00000000,0,2,1,0,0,0,0,0,0,0,2,0,1,4,0,0,1,0,0037e400,"INCR",3,ff,0,"Data Secure Unprivileged",0,"4 bytes",0,00000000,"FIXED",0,00,0,"Data Secure Unprivileged",0,"1 byte",0,"OKAY",0,c08d1dae,"OKAY",00000000,4,2,0,1,0,0,0,0,2,0,1,0,2,1,0,2,1,0,c08d1dae,3,f,0,0,0,00000004,3,1,0,0,1,"No Read Addr Cmds","No Read Addr Cmds","No Write Addr Cmds","No Write Addr Cmds","No Write Responses","No Write Responses","_","_","_","_","_","_","_","_","No Write Data Beats","No Write Data Beats"
1381,1381,0,0,1,1,0,0,0,8e5ffe20afb76fe31ba56e5faf65c9d2,0,3b9a3d13b8d6963fae1d8dc05a6037b2,0,1,0,1,ff81e4df,ffffffdb,0,1,0,0,0,00000000,"FIXED",3,00,"Data Secure Unprivileged","1 byte",0,0,00000000,"INCR",3,00,"Data Secure Unprivileged","4 bytes",0,0,ff8127fb,"OKAY",00000000,0,2,1,0,0,0,0,0,0,0,2,0,1,4,0,0,1,0,0037e400,"INCR",3,ff,0,"Data Secure Unprivileged",0,"4 bytes",0,00000000,"FIXED",0,00,0,"Data Secure Unprivileged",0,"1 byte",0,"OKAY",0,c08d1dae,"OKAY",00000000,4,2,0,1,0,0,0,0,2,0,1,0,2,1,0,2,1,0,c08d1dae,3,f,0,0,0,00000004,3,1,0,0,1,"No Read Addr Cmds","No Read Addr Cmds","No Write Addr Cmds","No Write Addr Cmds","No Write Responses","No Write Responses","_","_","_","_","_","_","_","_","No Write Data Beats","No Write Data Beats"
1382,1382,0,0,1,1,0,0,0,8e5ffe20afb76fe31ba56e5faf65c9d2,0,3b9a3d13b8d6963fae1d8dc05a6037b2,0,1,0,1,ff81e4df,ffffffdb,0,1,0,0,0,00000000,"FIXED",3,00,"Data Secure Unprivileged","1 byte",0,0,00000000,"INCR",3,00,"Data Secure Unprivileged","4 bytes",0,0,ff8127fb,"OKAY",00000000,0,2,1,0,0,0,0,0,0,0,2,0,1,4,0,0,1,0,0037e400,"INCR",3,ff,0,"Data Secure Unprivileged",0,"4 bytes",0,00000000,"FIXED",0,00,0,"Data Secure Unprivileged",0,"1 byte",0,"OKAY",0,c08d1dae,"OKAY",00000000,4,2,0,1,0,0,0,0,2,0,1,0,2,1,0,2,1,0,c08d1dae,3,f,0,0,0,00000004,3,1,0,0,1,"No Read Addr Cmds","No Read Addr Cmds","No Write Addr Cmds","No Write Addr Cmds","No Write Responses","No Write Responses","_","_","_","_","_","_","_","_","No Write Data Beats","No Write Data Beats"
1383,1383,0,0,1,1,0,0,0,8e5ffe20afb76fe31ba56e5faf65c9d2,0,3b9a3d13b8d6963fae1d8dc05a6037b2,0,1,0,1,ff81e4df,ffffffdb,0,1,0,0,0,00000000,"FIXED",3,00,"Data Secure Unprivileged","1 byte",0,0,00000000,"INCR",3,00,"Data Secure Unprivileged","4 bytes",0,0,ff8127fb,"OKAY",00000000,0,2,1,0,0,0,0,0,0,0,2,0,1,4,0,0,1,0,0037e400,"INCR",3,ff,0,"Data Secure Unprivileged",0,"4 bytes",0,00000000,"FIXED",0,00,0,"Data Secure Unprivileged",0,"1 byte",0,"OKAY",0,c08d1dae,"OKAY",00000000,4,2,0,1,0,0,0,0,2,0,1,0,2,1,0,2,1,0,c08d1dae,3,f,0,0,0,00000004,3,1,0,0,1,"No Read Addr Cmds","No Read Addr Cmds","No Write Addr Cmds","No Write Addr Cmds","No Write Responses","No Write Responses","_","_","_","_","_","_","_","_","No Write Data Beats","No Write Data Beats"
1384,1384,0,0,1,1,0,0,0,8e5ffe20afb76fe31ba56e5faf65c9d2,0,3b9a3d13b8d6963fae1d8dc05a6037b2,0,1,0,1,ff81e4df,ffffffdb,0,1,0,0,0,00000000,"FIXED",3,00,"Data Secure Unprivileged","1 byte",0,0,00000000,"INCR",3,00,"Data Secure Unprivileged","4 bytes",0,0,ff8127fb,"OKAY",00000000,0,2,1,0,0,0,0,0,0,0,2,0,1,4,0,0,1,0,0037e400,"INCR",3,ff,0,"Data Secure Unprivileged",0,"4 bytes",0,00000000,"FIXED",0,00,0,"Data Secure Unprivileged",0,"1 byte",0,"OKAY",0,c08d1dae,"OKAY",00000000,4,2,0,1,0,0,0,0,2,0,1,0,2,1,0,2,1,0,c08d1dae,3,f,0,0,0,00000004,3,1,0,0,1,"No Read Addr Cmds","No Read Addr Cmds","No Write Addr Cmds","No Write Addr Cmds","No Write Responses","No Write Responses","_","_","_","_","_","_","_","_","No Write Data Beats","No Write Data Beats"
1385,1385,0,0,1,1,0,0,0,8e5ffe20afb76fe31ba56e5faf65c9d2,0,3b9a3d13b8d6963fae1d8dc05a6037b2,0,1,0,1,ff81e4df,ffffffdb,0,1,0,0,0,00000000,"FIXED",3,00,"Data Secure Unprivileged","1 byte",0,0,00000000,"INCR",3,00,"Data Secure Unprivileged","4 bytes",0,0,ff8127fb,"OKAY",00000000,0,2,1,0,0,0,0,0,0,0,2,0,1,4,0,0,1,0,0037e400,"INCR",3,ff,0,"Data Secure Unprivileged",0,"4 bytes",0,00000000,"FIXED",0,00,0,"Data Secure Unprivileged",0,"1 byte",0,"OKAY",0,c08d1dae,"OKAY",00000000,4,2,0,1,0,0,0,0,2,0,1,0,2,1,0,2,1,0,c08d1dae,3,f,0,0,0,00000004,3,1,0,0,1,"No Read Addr Cmds","No Read Addr Cmds","No Write Addr Cmds","No Write Addr Cmds","No Write Responses","No Write Responses","_","_","_","_","_","_","_","_","No Write Data Beats","No Write Data Beats"
1386,1386,0,0,1,1,0,0,0,8e5ffe20afb76fe31ba56e5faf65c9d2,0,3b9a3d13b8d6963fae1d8dc05a6037b2,0,1,0,1,ff81e4df,ffffffdb,0,1,0,0,0,00000000,"FIXED",3,00,"Data Secure Unprivileged","1 byte",0,0,00000000,"INCR",3,00,"Data Secure Unprivileged","4 bytes",0,0,ff8127fb,"OKAY",00000000,0,2,1,0,0,0,0,0,0,0,2,0,1,4,0,0,1,0,0037e400,"INCR",3,ff,0,"Data Secure Unprivileged",0,"4 bytes",0,00000000,"FIXED",0,00,0,"Data Secure Unprivileged",0,"1 byte",0,"OKAY",0,c08d1dae,"OKAY",00000000,4,2,0,1,0,0,0,0,2,0,1,0,2,1,0,2,1,0,c08d1dae,3,f,0,0,0,00000004,3,1,0,0,1,"No Read Addr Cmds","No Read Addr Cmds","No Write Addr Cmds","No Write Addr Cmds","No Write Responses","No Write Responses","_","_","_","_","_","_","_","_","No Write Data Beats","No Write Data Beats"
1387,1387,0,0,1,1,0,0,0,8e5ffe20afb76fe31ba56e5faf65c9d2,0,3b9a3d13b8d6963fae1d8dc05a6037b2,0,1,0,1,ff81e4df,ffffffdb,0,1,0,0,0,00000000,"FIXED",3,00,"Data Secure Unprivileged","1 byte",0,0,00000000,"INCR",3,00,"Data Secure Unprivileged","4 bytes",0,0,ff8127fb,"OKAY",00000000,0,2,1,0,0,0,0,0,0,0,2,0,1,4,0,0,1,0,0037e400,"INCR",3,ff,0,"Data Secure Unprivileged",0,"4 bytes",0,00000000,"FIXED",0,00,0,"Data Secure Unprivileged",0,"1 byte",0,"OKAY",0,c08d1dae,"OKAY",00000000,4,2,0,1,0,0,0,0,2,0,1,0,2,1,0,2,1,0,c08d1dae,3,f,0,0,0,00000004,3,1,0,0,1,"No Read Addr Cmds","No Read Addr Cmds","No Write Addr Cmds","No Write Addr Cmds","No Write Responses","No Write Responses","_","_","_","_","_","_","_","_","No Write Data Beats","No Write Data Beats"
1388,1388,0,0,1,1,0,0,0,8e5ffe20afb76fe31ba56e5faf65c9d2,0,3b9a3d13b8d6963fae1d8dc05a6037b2,0,1,0,1,ff81e4df,ffffffdb,0,1,0,0,0,00000000,"FIXED",3,00,"Data Secure Unprivileged","1 byte",0,0,00000000,"INCR",3,00,"Data Secure Unprivileged","4 bytes",0,0,ff8127fb,"OKAY",00000000,0,2,1,0,0,0,0,0,0,0,2,0,1,4,0,0,1,0,0037e400,"INCR",3,ff,0,"Data Secure Unprivileged",0,"4 bytes",0,00000000,"FIXED",0,00,0,"Data Secure Unprivileged",0,"1 byte",0,"OKAY",0,c08d1dae,"OKAY",00000000,4,2,0,1,0,0,0,0,2,0,1,0,2,1,0,2,1,0,c08d1dae,3,f,0,0,0,00000004,3,1,0,0,1,"No Read Addr Cmds","No Read Addr Cmds","No Write Addr Cmds","No Write Addr Cmds","No Write Responses","No Write Responses","_","_","_","_","_","_","_","_","No Write Data Beats","No Write Data Beats"
1389,1389,0,0,1,1,0,0,0,8e5ffe20afb76fe31ba56e5faf65c9d2,0,3b9a3d13b8d6963fae1d8dc05a6037b2,0,1,0,1,ff81e4df,ffffffdb,0,1,0,0,0,00000000,"FIXED",3,00,"Data Secure Unprivileged","1 byte",0,0,00000000,"INCR",3,00,"Data Secure Unprivileged","4 bytes",0,0,ff8127fb,"OKAY",00000000,0,2,1,0,0,0,0,0,0,0,2,0,1,4,0,0,1,0,0037e400,"INCR",3,ff,0,"Data Secure Unprivileged",0,"4 bytes",0,00000000,"FIXED",0,00,0,"Data Secure Unprivileged",0,"1 byte",0,"OKAY",0,c08d1dae,"OKAY",00000000,4,2,0,1,0,0,0,0,2,0,1,0,2,1,0,2,1,0,c08d1dae,3,f,0,0,0,00000004,3,1,0,0,1,"No Read Addr Cmds","No Read Addr Cmds","No Write Addr Cmds","No Write Addr Cmds","No Write Responses","No Write Responses","_","_","_","_","_","_","_","_","No Write Data Beats","No Write Data Beats"
1390,1390,0,0,1,1,0,0,0,8e5ffe20afb76fe31ba56e5faf65c9d2,0,3b9a3d13b8d6963fae1d8dc05a6037b2,0,1,0,1,ff81e4df,ffffffdb,0,1,0,0,0,00000000,"FIXED",3,00,"Data Secure Unprivileged","1 byte",0,0,00000000,"INCR",3,00,"Data Secure Unprivileged","4 bytes",0,0,ff8127fb,"OKAY",00000000,0,2,1,0,0,0,0,0,0,0,2,0,1,4,0,0,1,0,0037e400,"INCR",3,ff,0,"Data Secure Unprivileged",0,"4 bytes",0,00000000,"FIXED",0,00,0,"Data Secure Unprivileged",0,"1 byte",0,"OKAY",0,c08d1dae,"OKAY",00000000,4,2,0,1,0,0,0,0,2,0,1,0,2,1,0,2,1,0,c08d1dae,3,f,0,0,0,00000004,3,1,0,0,1,"No Read Addr Cmds","No Read Addr Cmds","No Write Addr Cmds","No Write Addr Cmds","No Write Responses","No Write Responses","_","_","_","_","_","_","_","_","No Write Data Beats","No Write Data Beats"
1391,1391,0,0,1,1,0,0,0,8e5ffe20afb76fe31ba56e5faf65c9d2,0,3b9a3d13b8d6963fae1d8dc05a6037b2,0,1,0,1,ff81e4df,ffffffdb,0,1,0,0,0,00000000,"FIXED",3,00,"Data Secure Unprivileged","1 byte",0,0,00000000,"INCR",3,00,"Data Secure Unprivileged","4 bytes",0,0,ff8127fb,"OKAY",00000000,0,2,1,0,0,0,0,0,0,0,2,0,1,4,0,0,1,0,0037e400,"INCR",3,ff,0,"Data Secure Unprivileged",0,"4 bytes",0,00000000,"FIXED",0,00,0,"Data Secure Unprivileged",0,"1 byte",0,"OKAY",0,c08d1dae,"OKAY",00000000,4,2,0,1,0,0,0,0,2,0,1,0,2,1,0,2,1,0,c08d1dae,3,f,0,0,0,00000004,3,1,0,0,1,"No Read Addr Cmds","No Read Addr Cmds","No Write Addr Cmds","No Write Addr Cmds","No Write Responses","No Write Responses","_","_","_","_","_","_","_","_","No Write Data Beats","No Write Data Beats"
1392,1392,0,0,1,1,0,0,0,8e5ffe20afb76fe31ba56e5faf65c9d2,0,3b9a3d13b8d6963fae1d8dc05a6037b2,0,1,0,1,ff81e4df,ffffffdb,0,1,0,0,0,00000000,"FIXED",3,00,"Data Secure Unprivileged","1 byte",0,0,00000000,"INCR",3,00,"Data Secure Unprivileged","4 bytes",0,0,ff8127fb,"OKAY",00000000,0,2,1,0,0,0,0,0,0,0,2,0,1,4,0,0,1,0,0037e400,"INCR",3,ff,0,"Data Secure Unprivileged",0,"4 bytes",0,00000000,"FIXED",0,00,0,"Data Secure Unprivileged",0,"1 byte",0,"OKAY",0,c08d1dae,"OKAY",00000000,4,2,0,1,0,0,0,0,2,0,1,0,2,1,0,2,1,0,c08d1dae,3,f,0,0,0,00000004,3,1,0,0,1,"No Read Addr Cmds","No Read Addr Cmds","No Write Addr Cmds","No Write Addr Cmds","No Write Responses","No Write Responses","_","_","_","_","_","_","_","_","No Write Data Beats","No Write Data Beats"
1393,1393,0,0,1,1,0,0,0,8e5ffe20afb76fe31ba56e5faf65c9d2,0,3b9a3d13b8d6963fae1d8dc05a6037b2,0,1,0,1,ff81e4df,ffffffdb,0,1,0,0,0,00000000,"FIXED",3,00,"Data Secure Unprivileged","1 byte",0,0,00000000,"INCR",3,00,"Data Secure Unprivileged","4 bytes",0,0,ff8127fb,"OKAY",00000000,0,2,1,0,0,0,0,0,0,0,2,0,1,4,0,0,1,0,0037e400,"INCR",3,ff,0,"Data Secure Unprivileged",0,"4 bytes",0,00000000,"FIXED",0,00,0,"Data Secure Unprivileged",0,"1 byte",0,"OKAY",0,c08d1dae,"OKAY",00000000,4,2,0,1,0,0,0,0,2,0,1,0,2,1,0,2,1,0,c08d1dae,3,f,0,0,0,00000004,3,1,0,0,1,"No Read Addr Cmds","No Read Addr Cmds","No Write Addr Cmds","No Write Addr Cmds","No Write Responses","No Write Responses","_","_","_","_","_","_","_","_","No Write Data Beats","No Write Data Beats"
1394,1394,0,0,1,1,0,0,0,8e5ffe20afb76fe31ba56e5faf65c9d2,0,3b9a3d13b8d6963fae1d8dc05a6037b2,0,1,0,1,ff81e4df,ffffffdb,0,1,0,0,0,00000000,"FIXED",3,00,"Data Secure Unprivileged","1 byte",0,0,00000000,"INCR",3,00,"Data Secure Unprivileged","4 bytes",0,0,ff8127fb,"OKAY",00000000,0,2,1,0,0,0,0,0,0,0,2,0,1,4,0,0,1,0,0037e400,"INCR",3,ff,0,"Data Secure Unprivileged",0,"4 bytes",0,00000000,"FIXED",0,00,0,"Data Secure Unprivileged",0,"1 byte",0,"OKAY",0,c08d1dae,"OKAY",00000000,4,2,0,1,0,0,0,0,2,0,1,0,2,1,0,2,1,0,c08d1dae,3,f,0,0,0,00000004,3,1,0,0,1,"No Read Addr Cmds","No Read Addr Cmds","No Write Addr Cmds","No Write Addr Cmds","No Write Responses","No Write Responses","_","_","_","_","_","_","_","_","No Write Data Beats","No Write Data Beats"
1395,1395,0,0,1,1,0,0,0,8e5ffe20afb76fe31ba56e5faf65c9d2,0,3b9a3d13b8d6963fae1d8dc05a6037b2,0,1,0,1,ff81e4df,ffffffdb,0,1,0,0,0,00000000,"FIXED",3,00,"Data Secure Unprivileged","1 byte",0,0,00000000,"INCR",3,00,"Data Secure Unprivileged","4 bytes",0,0,ff8127fb,"OKAY",00000000,0,2,1,0,0,0,0,0,0,0,2,0,1,4,0,0,1,0,0037e400,"INCR",3,ff,0,"Data Secure Unprivileged",0,"4 bytes",0,00000000,"FIXED",0,00,0,"Data Secure Unprivileged",0,"1 byte",0,"OKAY",0,c08d1dae,"OKAY",00000000,4,2,0,1,0,0,0,0,2,0,1,0,2,1,0,2,1,0,c08d1dae,3,f,0,0,0,00000004,3,1,0,0,1,"No Read Addr Cmds","No Read Addr Cmds","No Write Addr Cmds","No Write Addr Cmds","No Write Responses","No Write Responses","_","_","_","_","_","_","_","_","No Write Data Beats","No Write Data Beats"
1396,1396,0,0,1,1,0,0,0,8e5ffe20afb76fe31ba56e5faf65c9d2,0,3b9a3d13b8d6963fae1d8dc05a6037b2,0,1,0,1,ff81e4df,ffffffdb,0,1,0,0,0,00000000,"FIXED",3,00,"Data Secure Unprivileged","1 byte",0,0,00000000,"INCR",3,00,"Data Secure Unprivileged","4 bytes",0,0,ff8127fb,"OKAY",00000000,0,2,1,0,0,0,0,0,0,0,2,0,1,4,0,0,1,0,0037e400,"INCR",3,ff,0,"Data Secure Unprivileged",0,"4 bytes",0,00000000,"FIXED",0,00,0,"Data Secure Unprivileged",0,"1 byte",0,"OKAY",0,c08d1dae,"OKAY",00000000,4,2,0,1,0,0,0,0,2,0,1,0,2,1,0,2,1,0,c08d1dae,3,f,0,0,0,00000004,3,1,0,0,1,"No Read Addr Cmds","No Read Addr Cmds","No Write Addr Cmds","No Write Addr Cmds","No Write Responses","No Write Responses","_","_","_","_","_","_","_","_","No Write Data Beats","No Write Data Beats"
1397,1397,0,0,1,1,0,0,0,8e5ffe20afb76fe31ba56e5faf65c9d2,0,3b9a3d13b8d6963fae1d8dc05a6037b2,0,1,0,1,ff81e4df,ffffffdb,0,1,0,0,0,00000000,"FIXED",3,00,"Data Secure Unprivileged","1 byte",0,0,00000000,"INCR",3,00,"Data Secure Unprivileged","4 bytes",0,0,ff8127fb,"OKAY",00000000,0,2,1,0,0,0,0,0,0,0,2,0,1,4,0,0,1,0,0037e400,"INCR",3,ff,0,"Data Secure Unprivileged",0,"4 bytes",0,00000000,"FIXED",0,00,0,"Data Secure Unprivileged",0,"1 byte",0,"OKAY",0,c08d1dae,"OKAY",00000000,4,2,0,1,0,0,0,0,2,0,1,0,2,1,0,2,1,0,c08d1dae,3,f,0,0,0,00000004,3,1,0,0,1,"No Read Addr Cmds","No Read Addr Cmds","No Write Addr Cmds","No Write Addr Cmds","No Write Responses","No Write Responses","_","_","_","_","_","_","_","_","No Write Data Beats","No Write Data Beats"
1398,1398,0,0,1,1,0,0,0,8e5ffe20afb76fe31ba56e5faf65c9d2,0,3b9a3d13b8d6963fae1d8dc05a6037b2,0,1,0,1,ff81e4df,ffffffdb,0,1,0,0,0,00000000,"FIXED",3,00,"Data Secure Unprivileged","1 byte",0,0,00000000,"INCR",3,00,"Data Secure Unprivileged","4 bytes",0,0,ff8127fb,"OKAY",00000000,0,2,1,0,0,0,0,0,0,0,2,0,1,4,0,0,1,0,0037e400,"INCR",3,ff,0,"Data Secure Unprivileged",0,"4 bytes",0,00000000,"FIXED",0,00,0,"Data Secure Unprivileged",0,"1 byte",0,"OKAY",0,c08d1dae,"OKAY",00000000,4,2,0,1,0,0,0,0,2,0,1,0,2,1,0,2,1,0,c08d1dae,3,f,0,0,0,00000004,3,1,0,0,1,"No Read Addr Cmds","No Read Addr Cmds","No Write Addr Cmds","No Write Addr Cmds","No Write Responses","No Write Responses","_","_","_","_","_","_","_","_","No Write Data Beats","No Write Data Beats"
1399,1399,0,0,1,1,0,0,0,8e5ffe20afb76fe31ba56e5faf65c9d2,0,3b9a3d13b8d6963fae1d8dc05a6037b2,0,1,0,1,ff81e4df,ffffffdb,0,1,0,0,0,00000000,"FIXED",3,00,"Data Secure Unprivileged","1 byte",0,0,00000000,"INCR",3,00,"Data Secure Unprivileged","4 bytes",0,0,ff8127fb,"OKAY",00000000,0,2,1,0,0,0,0,0,0,0,2,0,1,4,0,0,1,0,0037e400,"INCR",3,ff,0,"Data Secure Unprivileged",0,"4 bytes",0,00000000,"FIXED",0,00,0,"Data Secure Unprivileged",0,"1 byte",0,"OKAY",0,c08d1dae,"OKAY",00000000,4,2,0,1,0,0,0,0,2,0,1,0,2,1,0,2,1,0,c08d1dae,3,f,0,0,0,00000004,3,1,0,0,1,"No Read Addr Cmds","No Read Addr Cmds","No Write Addr Cmds","No Write Addr Cmds","No Write Responses","No Write Responses","_","_","_","_","_","_","_","_","No Write Data Beats","No Write Data Beats"
1400,1400,0,0,1,1,0,0,0,8e5ffe20afb76fe31ba56e5faf65c9d2,0,3b9a3d13b8d6963fae1d8dc05a6037b2,0,1,0,1,ff81e4df,ffffffdb,0,1,0,0,0,00000000,"FIXED",3,00,"Data Secure Unprivileged","1 byte",0,0,00000000,"INCR",3,00,"Data Secure Unprivileged","4 bytes",0,0,ff8127fb,"OKAY",00000000,0,2,1,0,0,0,0,0,0,0,2,0,1,4,0,0,1,0,0037e400,"INCR",3,ff,0,"Data Secure Unprivileged",0,"4 bytes",0,00000000,"FIXED",0,00,0,"Data Secure Unprivileged",0,"1 byte",0,"OKAY",0,c08d1dae,"OKAY",00000000,4,2,0,1,0,0,0,0,2,0,1,0,2,1,0,2,1,0,c08d1dae,3,f,0,0,0,00000004,3,1,0,0,1,"No Read Addr Cmds","No Read Addr Cmds","No Write Addr Cmds","No Write Addr Cmds","No Write Responses","No Write Responses","_","_","_","_","_","_","_","_","No Write Data Beats","No Write Data Beats"
1401,1401,0,0,1,1,0,0,0,8e5ffe20afb76fe31ba56e5faf65c9d2,0,3b9a3d13b8d6963fae1d8dc05a6037b2,0,1,0,1,ff81e4df,ffffffdb,0,1,0,0,0,00000000,"FIXED",3,00,"Data Secure Unprivileged","1 byte",0,0,00000000,"INCR",3,00,"Data Secure Unprivileged","4 bytes",0,0,ff8127fb,"OKAY",00000000,0,2,1,0,0,0,0,0,0,0,2,0,1,4,0,0,1,0,0037e400,"INCR",3,ff,0,"Data Secure Unprivileged",0,"4 bytes",0,00000000,"FIXED",0,00,0,"Data Secure Unprivileged",0,"1 byte",0,"OKAY",0,c08d1dae,"OKAY",00000000,4,2,0,1,0,0,0,0,2,0,1,0,2,1,0,2,1,0,c08d1dae,3,f,0,0,0,00000004,3,1,0,0,1,"No Read Addr Cmds","No Read Addr Cmds","No Write Addr Cmds","No Write Addr Cmds","No Write Responses","No Write Responses","_","_","_","_","_","_","_","_","No Write Data Beats","No Write Data Beats"
1402,1402,0,0,1,1,0,0,0,8e5ffe20afb76fe31ba56e5faf65c9d2,0,3b9a3d13b8d6963fae1d8dc05a6037b2,0,1,0,1,ff81e4df,ffffffdb,0,1,0,0,0,00000000,"FIXED",3,00,"Data Secure Unprivileged","1 byte",0,0,00000000,"INCR",3,00,"Data Secure Unprivileged","4 bytes",0,0,ff8127fb,"OKAY",00000000,0,2,1,0,0,0,0,0,0,0,2,0,1,4,0,0,1,0,0037e400,"INCR",3,ff,0,"Data Secure Unprivileged",0,"4 bytes",0,00000000,"FIXED",0,00,0,"Data Secure Unprivileged",0,"1 byte",0,"OKAY",0,c08d1dae,"OKAY",00000000,4,2,0,1,0,0,0,0,2,0,1,0,2,1,0,2,1,0,c08d1dae,3,f,0,0,0,00000004,3,1,0,0,1,"No Read Addr Cmds","No Read Addr Cmds","No Write Addr Cmds","No Write Addr Cmds","No Write Responses","No Write Responses","_","_","_","_","_","_","_","_","No Write Data Beats","No Write Data Beats"
1403,1403,0,0,1,1,0,0,0,8e5ffe20afb76fe31ba56e5faf65c9d2,0,3b9a3d13b8d6963fae1d8dc05a6037b2,0,1,0,1,ff81e4df,ffffffdb,0,1,0,0,0,00000000,"FIXED",3,00,"Data Secure Unprivileged","1 byte",0,0,00000000,"INCR",3,00,"Data Secure Unprivileged","4 bytes",0,0,ff8127fb,"OKAY",00000000,0,2,1,0,0,0,0,0,0,0,2,0,1,4,0,0,1,0,0037e400,"INCR",3,ff,0,"Data Secure Unprivileged",0,"4 bytes",0,00000000,"FIXED",0,00,0,"Data Secure Unprivileged",0,"1 byte",0,"OKAY",0,c08d1dae,"OKAY",00000000,4,2,0,1,0,0,0,0,2,0,1,0,2,1,0,2,1,0,c08d1dae,3,f,0,0,0,00000004,3,1,0,0,1,"No Read Addr Cmds","No Read Addr Cmds","No Write Addr Cmds","No Write Addr Cmds","No Write Responses","No Write Responses","_","_","_","_","_","_","_","_","No Write Data Beats","No Write Data Beats"
1404,1404,0,0,1,1,0,0,0,8e5ffe20afb76fe31ba56e5faf65c9d2,0,3b9a3d13b8d6963fae1d8dc05a6037b2,0,1,0,1,ff81e4df,ffffffdb,0,1,0,0,0,00000000,"FIXED",3,00,"Data Secure Unprivileged","1 byte",0,0,00000000,"INCR",3,00,"Data Secure Unprivileged","4 bytes",0,0,ff8127fb,"OKAY",00000000,0,2,1,0,0,0,0,0,0,0,2,0,1,4,0,0,1,0,0037e400,"INCR",3,ff,0,"Data Secure Unprivileged",0,"4 bytes",0,00000000,"FIXED",0,00,0,"Data Secure Unprivileged",0,"1 byte",0,"OKAY",0,c08d1dae,"OKAY",00000000,4,2,0,1,0,0,0,0,2,0,1,0,2,1,0,2,1,0,c08d1dae,3,f,0,0,0,00000004,3,1,0,0,1,"No Read Addr Cmds","No Read Addr Cmds","No Write Addr Cmds","No Write Addr Cmds","No Write Responses","No Write Responses","_","_","_","_","_","_","_","_","No Write Data Beats","No Write Data Beats"
1405,1405,0,0,1,1,0,0,0,8e5ffe20afb76fe31ba56e5faf65c9d2,0,3b9a3d13b8d6963fae1d8dc05a6037b2,0,1,0,1,ff81e4df,ffffffdb,0,1,0,0,0,00000000,"FIXED",3,00,"Data Secure Unprivileged","1 byte",0,0,00000000,"INCR",3,00,"Data Secure Unprivileged","4 bytes",0,0,ff8127fb,"OKAY",00000000,0,2,1,0,0,0,0,0,0,0,2,0,1,4,0,0,1,0,0037e400,"INCR",3,ff,0,"Data Secure Unprivileged",0,"4 bytes",0,00000000,"FIXED",0,00,0,"Data Secure Unprivileged",0,"1 byte",0,"OKAY",0,c08d1dae,"OKAY",00000000,4,2,0,1,0,0,0,0,2,0,1,0,2,1,0,2,1,0,c08d1dae,3,f,0,0,0,00000004,3,1,0,0,1,"No Read Addr Cmds","No Read Addr Cmds","No Write Addr Cmds","No Write Addr Cmds","No Write Responses","No Write Responses","_","_","_","_","_","_","_","_","No Write Data Beats","No Write Data Beats"
1406,1406,0,0,1,1,0,0,0,8e5ffe20afb76fe31ba56e5faf65c9d2,0,3b9a3d13b8d6963fae1d8dc05a6037b2,0,1,0,1,ff81e4df,ffffffdb,0,1,0,0,0,00000000,"FIXED",3,00,"Data Secure Unprivileged","1 byte",0,0,00000000,"INCR",3,00,"Data Secure Unprivileged","4 bytes",0,0,ff8127fb,"OKAY",00000000,0,2,1,0,0,0,0,0,0,0,2,0,1,4,0,0,1,0,0037e400,"INCR",3,ff,0,"Data Secure Unprivileged",0,"4 bytes",0,00000000,"FIXED",0,00,0,"Data Secure Unprivileged",0,"1 byte",0,"OKAY",0,c08d1dae,"OKAY",00000000,4,2,0,1,0,0,0,0,2,0,1,0,2,1,0,2,1,0,c08d1dae,3,f,0,0,0,00000004,3,1,0,0,1,"No Read Addr Cmds","No Read Addr Cmds","No Write Addr Cmds","No Write Addr Cmds","No Write Responses","No Write Responses","_","_","_","_","_","_","_","_","No Write Data Beats","No Write Data Beats"
1407,1407,0,0,1,1,0,0,0,8e5ffe20afb76fe31ba56e5faf65c9d2,0,3b9a3d13b8d6963fae1d8dc05a6037b2,0,1,0,1,ff81e4df,ffffffdb,0,1,0,0,0,00000000,"FIXED",3,00,"Data Secure Unprivileged","1 byte",0,0,00000000,"INCR",3,00,"Data Secure Unprivileged","4 bytes",0,0,ff8127fb,"OKAY",00000000,0,2,1,0,0,0,0,0,0,0,2,0,1,4,0,0,1,0,0037e400,"INCR",3,ff,0,"Data Secure Unprivileged",0,"4 bytes",0,00000000,"FIXED",0,00,0,"Data Secure Unprivileged",0,"1 byte",0,"OKAY",0,c08d1dae,"OKAY",00000000,4,2,0,1,0,0,0,0,2,0,1,0,2,1,0,2,1,0,c08d1dae,3,f,0,0,0,00000004,3,1,0,0,1,"No Read Addr Cmds","No Read Addr Cmds","No Write Addr Cmds","No Write Addr Cmds","No Write Responses","No Write Responses","_","_","_","_","_","_","_","_","No Write Data Beats","No Write Data Beats"
1408,1408,0,0,1,1,0,0,0,8e5ffe20afb76fe31ba56e5faf65c9d2,0,3b9a3d13b8d6963fae1d8dc05a6037b2,0,1,0,1,ff81e4df,ffffffdb,0,1,0,0,0,00000000,"FIXED",3,00,"Data Secure Unprivileged","1 byte",0,0,00000000,"INCR",3,00,"Data Secure Unprivileged","4 bytes",0,0,ff8127fb,"OKAY",00000000,0,2,1,0,0,0,0,0,0,0,2,0,1,4,0,0,1,0,0037e400,"INCR",3,ff,0,"Data Secure Unprivileged",0,"4 bytes",0,00000000,"FIXED",0,00,0,"Data Secure Unprivileged",0,"1 byte",0,"OKAY",0,c08d1dae,"OKAY",00000000,4,2,0,1,0,0,0,0,2,0,1,0,2,1,0,2,1,0,c08d1dae,3,f,0,0,0,00000004,3,1,0,0,1,"No Read Addr Cmds","No Read Addr Cmds","No Write Addr Cmds","No Write Addr Cmds","No Write Responses","No Write Responses","_","_","_","_","_","_","_","_","No Write Data Beats","No Write Data Beats"
1409,1409,0,0,1,1,0,0,0,8e5ffe20afb76fe31ba56e5faf65c9d2,0,3b9a3d13b8d6963fae1d8dc05a6037b2,0,1,0,1,ff81e4df,ffffffdb,0,1,0,0,0,00000000,"FIXED",3,00,"Data Secure Unprivileged","1 byte",0,0,00000000,"INCR",3,00,"Data Secure Unprivileged","4 bytes",0,0,ff8127fb,"OKAY",00000000,0,2,1,0,0,0,0,0,0,0,2,0,1,4,0,0,1,0,0037e400,"INCR",3,ff,0,"Data Secure Unprivileged",0,"4 bytes",0,00000000,"FIXED",0,00,0,"Data Secure Unprivileged",0,"1 byte",0,"OKAY",0,c08d1dae,"OKAY",00000000,4,2,0,1,0,0,0,0,2,0,1,0,2,1,0,2,1,0,c08d1dae,3,f,0,0,0,00000004,3,1,0,0,1,"No Read Addr Cmds","No Read Addr Cmds","No Write Addr Cmds","No Write Addr Cmds","No Write Responses","No Write Responses","_","_","_","_","_","_","_","_","No Write Data Beats","No Write Data Beats"
1410,1410,0,0,1,1,0,0,0,8e5ffe20afb76fe31ba56e5faf65c9d2,0,3b9a3d13b8d6963fae1d8dc05a6037b2,0,1,0,1,ff81e4df,ffffffdb,0,1,0,0,0,00000000,"FIXED",3,00,"Data Secure Unprivileged","1 byte",0,0,00000000,"INCR",3,00,"Data Secure Unprivileged","4 bytes",0,0,ff8127fb,"OKAY",00000000,0,2,1,0,0,0,0,0,0,0,2,0,1,4,0,0,1,0,0037e400,"INCR",3,ff,0,"Data Secure Unprivileged",0,"4 bytes",0,00000000,"FIXED",0,00,0,"Data Secure Unprivileged",0,"1 byte",0,"OKAY",0,c08d1dae,"OKAY",00000000,4,2,0,1,0,0,0,0,2,0,1,0,2,1,0,2,1,0,c08d1dae,3,f,0,0,0,00000004,3,1,0,0,1,"No Read Addr Cmds","No Read Addr Cmds","No Write Addr Cmds","No Write Addr Cmds","No Write Responses","No Write Responses","_","_","_","_","_","_","_","_","No Write Data Beats","No Write Data Beats"
1411,1411,0,0,1,1,0,0,0,8e5ffe20afb76fe31ba56e5faf65c9d2,0,3b9a3d13b8d6963fae1d8dc05a6037b2,0,1,0,1,ff81e4df,ffffffdb,0,1,0,0,0,00000000,"FIXED",3,00,"Data Secure Unprivileged","1 byte",0,0,00000000,"INCR",3,00,"Data Secure Unprivileged","4 bytes",0,0,ff8127fb,"OKAY",00000000,0,2,1,0,0,0,0,0,0,0,2,0,1,4,0,0,1,0,0037e400,"INCR",3,ff,0,"Data Secure Unprivileged",0,"4 bytes",0,00000000,"FIXED",0,00,0,"Data Secure Unprivileged",0,"1 byte",0,"OKAY",0,c08d1dae,"OKAY",00000000,4,2,0,1,0,0,0,0,2,0,1,0,2,1,0,2,1,0,c08d1dae,3,f,0,0,0,00000004,3,1,0,0,1,"No Read Addr Cmds","No Read Addr Cmds","No Write Addr Cmds","No Write Addr Cmds","No Write Responses","No Write Responses","_","_","_","_","_","_","_","_","No Write Data Beats","No Write Data Beats"
1412,1412,0,0,1,1,0,0,0,8e5ffe20afb76fe31ba56e5faf65c9d2,0,3b9a3d13b8d6963fae1d8dc05a6037b2,0,1,0,1,ff81e4df,ffffffdb,0,1,0,0,0,00000000,"FIXED",3,00,"Data Secure Unprivileged","1 byte",0,0,00000000,"INCR",3,00,"Data Secure Unprivileged","4 bytes",0,0,ff8127fb,"OKAY",00000000,0,2,1,0,0,0,0,0,0,0,2,0,1,4,0,0,1,0,0037e400,"INCR",3,ff,0,"Data Secure Unprivileged",0,"4 bytes",0,00000000,"FIXED",0,00,0,"Data Secure Unprivileged",0,"1 byte",0,"OKAY",0,c08d1dae,"OKAY",00000000,4,2,0,1,0,0,0,0,2,0,1,0,2,1,0,2,1,0,c08d1dae,3,f,0,0,0,00000004,3,1,0,0,1,"No Read Addr Cmds","No Read Addr Cmds","No Write Addr Cmds","No Write Addr Cmds","No Write Responses","No Write Responses","_","_","_","_","_","_","_","_","No Write Data Beats","No Write Data Beats"
1413,1413,0,0,1,1,0,0,0,8e5ffe20afb76fe31ba56e5faf65c9d2,0,3b9a3d13b8d6963fae1d8dc05a6037b2,0,1,0,1,ff81e4df,ffffffdb,0,1,0,0,0,00000000,"FIXED",3,00,"Data Secure Unprivileged","1 byte",0,0,00000000,"INCR",3,00,"Data Secure Unprivileged","4 bytes",0,0,ff8127fb,"OKAY",00000000,0,2,1,0,0,0,0,0,0,0,2,0,1,4,0,0,1,0,0037e400,"INCR",3,ff,0,"Data Secure Unprivileged",0,"4 bytes",0,00000000,"FIXED",0,00,0,"Data Secure Unprivileged",0,"1 byte",0,"OKAY",0,c08d1dae,"OKAY",00000000,4,2,0,1,0,0,0,0,2,0,1,0,2,1,0,2,1,0,c08d1dae,3,f,0,0,0,00000004,3,1,0,0,1,"No Read Addr Cmds","No Read Addr Cmds","No Write Addr Cmds","No Write Addr Cmds","No Write Responses","No Write Responses","_","_","_","_","_","_","_","_","No Write Data Beats","No Write Data Beats"
1414,1414,0,0,1,1,0,0,0,8e5ffe20afb76fe31ba56e5faf65c9d2,0,3b9a3d13b8d6963fae1d8dc05a6037b2,0,1,0,1,ff81e4df,ffffffdb,0,1,0,0,0,00000000,"FIXED",3,00,"Data Secure Unprivileged","1 byte",0,0,00000000,"INCR",3,00,"Data Secure Unprivileged","4 bytes",0,0,ff8127fb,"OKAY",00000000,0,2,1,0,0,0,0,0,0,0,2,0,1,4,0,0,1,0,0037e400,"INCR",3,ff,0,"Data Secure Unprivileged",0,"4 bytes",0,00000000,"FIXED",0,00,0,"Data Secure Unprivileged",0,"1 byte",0,"OKAY",0,c08d1dae,"OKAY",00000000,4,2,0,1,0,0,0,0,2,0,1,0,2,1,0,2,1,0,c08d1dae,3,f,0,0,0,00000004,3,1,0,0,1,"No Read Addr Cmds","No Read Addr Cmds","No Write Addr Cmds","No Write Addr Cmds","No Write Responses","No Write Responses","_","_","_","_","_","_","_","_","No Write Data Beats","No Write Data Beats"
1415,1415,0,0,1,1,0,0,0,8e5ffe20afb76fe31ba56e5faf65c9d2,0,3b9a3d13b8d6963fae1d8dc05a6037b2,0,1,0,1,ff81e4df,ffffffdb,0,1,0,0,0,00000000,"FIXED",3,00,"Data Secure Unprivileged","1 byte",0,0,00000000,"INCR",3,00,"Data Secure Unprivileged","4 bytes",0,0,ff8127fb,"OKAY",00000000,0,2,1,0,0,0,0,0,0,0,2,0,1,4,0,0,1,0,0037e400,"INCR",3,ff,0,"Data Secure Unprivileged",0,"4 bytes",0,00000000,"FIXED",0,00,0,"Data Secure Unprivileged",0,"1 byte",0,"OKAY",0,c08d1dae,"OKAY",00000000,4,2,0,1,0,0,0,0,2,0,1,0,2,1,0,2,1,0,c08d1dae,3,f,0,0,0,00000004,3,1,0,0,1,"No Read Addr Cmds","No Read Addr Cmds","No Write Addr Cmds","No Write Addr Cmds","No Write Responses","No Write Responses","_","_","_","_","_","_","_","_","No Write Data Beats","No Write Data Beats"
1416,1416,0,0,1,1,0,0,0,8e5ffe20afb76fe31ba56e5faf65c9d2,0,3b9a3d13b8d6963fae1d8dc05a6037b2,0,1,0,1,ff81e4df,ffffffdb,0,1,0,0,0,00000000,"FIXED",3,00,"Data Secure Unprivileged","1 byte",0,0,00000000,"INCR",3,00,"Data Secure Unprivileged","4 bytes",0,0,ff8127fb,"OKAY",00000000,0,2,1,0,0,0,0,0,0,0,2,0,1,4,0,0,1,0,0037e400,"INCR",3,ff,0,"Data Secure Unprivileged",0,"4 bytes",0,00000000,"FIXED",0,00,0,"Data Secure Unprivileged",0,"1 byte",0,"OKAY",0,c08d1dae,"OKAY",00000000,4,2,0,1,0,0,0,0,2,0,1,0,2,1,0,2,1,0,c08d1dae,3,f,0,0,0,00000004,3,1,0,0,1,"No Read Addr Cmds","No Read Addr Cmds","No Write Addr Cmds","No Write Addr Cmds","No Write Responses","No Write Responses","_","_","_","_","_","_","_","_","No Write Data Beats","No Write Data Beats"
1417,1417,0,0,1,1,0,0,0,8e5ffe20afb76fe31ba56e5faf65c9d2,0,3b9a3d13b8d6963fae1d8dc05a6037b2,0,1,0,1,ff81e4df,ffffffdb,0,1,0,0,0,00000000,"FIXED",3,00,"Data Secure Unprivileged","1 byte",0,0,00000000,"INCR",3,00,"Data Secure Unprivileged","4 bytes",0,0,ff8127fb,"OKAY",00000000,0,2,1,0,0,0,0,0,0,0,2,0,1,4,0,0,1,0,0037e400,"INCR",3,ff,0,"Data Secure Unprivileged",0,"4 bytes",0,00000000,"FIXED",0,00,0,"Data Secure Unprivileged",0,"1 byte",0,"OKAY",0,c08d1dae,"OKAY",00000000,4,2,0,1,0,0,0,0,2,0,1,0,2,1,0,2,1,0,c08d1dae,3,f,0,0,0,00000004,3,1,0,0,1,"No Read Addr Cmds","No Read Addr Cmds","No Write Addr Cmds","No Write Addr Cmds","No Write Responses","No Write Responses","_","_","_","_","_","_","_","_","No Write Data Beats","No Write Data Beats"
1418,1418,0,0,1,1,0,0,0,8e5ffe20afb76fe31ba56e5faf65c9d2,0,3b9a3d13b8d6963fae1d8dc05a6037b2,0,1,0,1,ff81e4df,ffffffdb,0,1,0,0,0,00000000,"FIXED",3,00,"Data Secure Unprivileged","1 byte",0,0,00000000,"INCR",3,00,"Data Secure Unprivileged","4 bytes",0,0,ff8127fb,"OKAY",00000000,0,2,1,0,0,0,0,0,0,0,2,0,1,4,0,0,1,0,0037e400,"INCR",3,ff,0,"Data Secure Unprivileged",0,"4 bytes",0,00000000,"FIXED",0,00,0,"Data Secure Unprivileged",0,"1 byte",0,"OKAY",0,c08d1dae,"OKAY",00000000,4,2,0,1,0,0,0,0,2,0,1,0,2,1,0,2,1,0,c08d1dae,3,f,0,0,0,00000004,3,1,0,0,1,"No Read Addr Cmds","No Read Addr Cmds","No Write Addr Cmds","No Write Addr Cmds","No Write Responses","No Write Responses","_","_","_","_","_","_","_","_","No Write Data Beats","No Write Data Beats"
1419,1419,0,0,1,1,0,0,0,8e5ffe20afb76fe31ba56e5faf65c9d2,0,3b9a3d13b8d6963fae1d8dc05a6037b2,0,1,0,1,ff81e4df,ffffffdb,0,1,0,0,0,00000000,"FIXED",3,00,"Data Secure Unprivileged","1 byte",0,0,00000000,"INCR",3,00,"Data Secure Unprivileged","4 bytes",0,0,ff8127fb,"OKAY",00000000,0,2,1,0,0,0,0,0,0,0,2,0,1,4,0,0,1,0,0037e400,"INCR",3,ff,0,"Data Secure Unprivileged",0,"4 bytes",0,00000000,"FIXED",0,00,0,"Data Secure Unprivileged",0,"1 byte",0,"OKAY",0,c08d1dae,"OKAY",00000000,4,2,0,1,0,0,0,0,2,0,1,0,2,1,0,2,1,0,c08d1dae,3,f,0,0,0,00000004,3,1,0,0,1,"No Read Addr Cmds","No Read Addr Cmds","No Write Addr Cmds","No Write Addr Cmds","No Write Responses","No Write Responses","_","_","_","_","_","_","_","_","No Write Data Beats","No Write Data Beats"
1420,1420,0,0,1,1,0,0,0,8e5ffe20afb76fe31ba56e5faf65c9d2,0,3b9a3d13b8d6963fae1d8dc05a6037b2,0,1,0,1,ff81e4df,ffffffdb,0,1,0,0,0,00000000,"FIXED",3,00,"Data Secure Unprivileged","1 byte",0,0,00000000,"INCR",3,00,"Data Secure Unprivileged","4 bytes",0,0,ff8127fb,"OKAY",00000000,0,2,1,0,0,0,0,0,0,0,2,0,1,4,0,0,1,0,0037e400,"INCR",3,ff,0,"Data Secure Unprivileged",0,"4 bytes",0,00000000,"FIXED",0,00,0,"Data Secure Unprivileged",0,"1 byte",0,"OKAY",0,c08d1dae,"OKAY",00000000,4,2,0,1,0,0,0,0,2,0,1,0,2,1,0,2,1,0,c08d1dae,3,f,0,0,0,00000004,3,1,0,0,1,"No Read Addr Cmds","No Read Addr Cmds","No Write Addr Cmds","No Write Addr Cmds","No Write Responses","No Write Responses","_","_","_","_","_","_","_","_","No Write Data Beats","No Write Data Beats"
1421,1421,0,0,1,1,0,0,0,8e5ffe20afb76fe31ba56e5faf65c9d2,0,3b9a3d13b8d6963fae1d8dc05a6037b2,0,1,0,1,ff81e4df,ffffffdb,0,1,0,0,0,00000000,"FIXED",3,00,"Data Secure Unprivileged","1 byte",0,0,00000000,"INCR",3,00,"Data Secure Unprivileged","4 bytes",0,0,ff8127fb,"OKAY",00000000,0,2,1,0,0,0,0,0,0,0,2,0,1,4,0,0,1,0,0037e400,"INCR",3,ff,0,"Data Secure Unprivileged",0,"4 bytes",0,00000000,"FIXED",0,00,0,"Data Secure Unprivileged",0,"1 byte",0,"OKAY",0,c08d1dae,"OKAY",00000000,4,2,0,1,0,0,0,0,2,0,1,0,2,1,0,2,1,0,c08d1dae,3,f,0,0,0,00000004,3,1,0,0,1,"No Read Addr Cmds","No Read Addr Cmds","No Write Addr Cmds","No Write Addr Cmds","No Write Responses","No Write Responses","_","_","_","_","_","_","_","_","No Write Data Beats","No Write Data Beats"
1422,1422,0,0,1,1,0,0,0,8e5ffe20afb76fe31ba56e5faf65c9d2,0,3b9a3d13b8d6963fae1d8dc05a6037b2,0,1,0,1,ff81e4df,ffffffdb,0,1,0,0,0,00000000,"FIXED",3,00,"Data Secure Unprivileged","1 byte",0,0,00000000,"INCR",3,00,"Data Secure Unprivileged","4 bytes",0,0,ff8127fb,"OKAY",00000000,0,2,1,0,0,0,0,0,0,0,2,0,1,4,0,0,1,0,0037e400,"INCR",3,ff,0,"Data Secure Unprivileged",0,"4 bytes",0,00000000,"FIXED",0,00,0,"Data Secure Unprivileged",0,"1 byte",0,"OKAY",0,c08d1dae,"OKAY",00000000,4,2,0,1,0,0,0,0,2,0,1,0,2,1,0,2,1,0,c08d1dae,3,f,0,0,0,00000004,3,1,0,0,1,"No Read Addr Cmds","No Read Addr Cmds","No Write Addr Cmds","No Write Addr Cmds","No Write Responses","No Write Responses","_","_","_","_","_","_","_","_","No Write Data Beats","No Write Data Beats"
1423,1423,0,0,1,1,0,0,0,8e5ffe20afb76fe31ba56e5faf65c9d2,0,3b9a3d13b8d6963fae1d8dc05a6037b2,0,1,0,1,ff81e4df,ffffffdb,0,1,0,0,0,00000000,"FIXED",3,00,"Data Secure Unprivileged","1 byte",0,0,00000000,"INCR",3,00,"Data Secure Unprivileged","4 bytes",0,0,ff8127fb,"OKAY",00000000,0,2,1,0,0,0,0,0,0,0,2,0,1,4,0,0,1,0,0037e400,"INCR",3,ff,0,"Data Secure Unprivileged",0,"4 bytes",0,00000000,"FIXED",0,00,0,"Data Secure Unprivileged",0,"1 byte",0,"OKAY",0,c08d1dae,"OKAY",00000000,4,2,0,1,0,0,0,0,2,0,1,0,2,1,0,2,1,0,c08d1dae,3,f,0,0,0,00000004,3,1,0,0,1,"No Read Addr Cmds","No Read Addr Cmds","No Write Addr Cmds","No Write Addr Cmds","No Write Responses","No Write Responses","_","_","_","_","_","_","_","_","No Write Data Beats","No Write Data Beats"
1424,1424,0,0,1,1,0,0,0,8e5ffe20afb76fe31ba56e5faf65c9d2,0,3b9a3d13b8d6963fae1d8dc05a6037b2,0,1,0,1,ff81e4df,ffffffdb,0,1,0,0,0,00000000,"FIXED",3,00,"Data Secure Unprivileged","1 byte",0,0,00000000,"INCR",3,00,"Data Secure Unprivileged","4 bytes",0,0,ff8127fb,"OKAY",00000000,0,2,1,0,0,0,0,0,0,0,2,0,1,4,0,0,1,0,0037e400,"INCR",3,ff,0,"Data Secure Unprivileged",0,"4 bytes",0,00000000,"FIXED",0,00,0,"Data Secure Unprivileged",0,"1 byte",0,"OKAY",0,c08d1dae,"OKAY",00000000,4,2,0,1,0,0,0,0,2,0,1,0,2,1,0,2,1,0,c08d1dae,3,f,0,0,0,00000004,3,1,0,0,1,"No Read Addr Cmds","No Read Addr Cmds","No Write Addr Cmds","No Write Addr Cmds","No Write Responses","No Write Responses","_","_","_","_","_","_","_","_","No Write Data Beats","No Write Data Beats"
1425,1425,0,0,1,1,0,0,0,8e5ffe20afb76fe31ba56e5faf65c9d2,0,3b9a3d13b8d6963fae1d8dc05a6037b2,0,1,0,1,ff81e4df,ffffffdb,0,1,0,0,0,00000000,"FIXED",3,00,"Data Secure Unprivileged","1 byte",0,0,00000000,"INCR",3,00,"Data Secure Unprivileged","4 bytes",0,0,ff8127fb,"OKAY",00000000,0,2,1,0,0,0,0,0,0,0,2,0,1,4,0,0,1,0,0037e400,"INCR",3,ff,0,"Data Secure Unprivileged",0,"4 bytes",0,00000000,"FIXED",0,00,0,"Data Secure Unprivileged",0,"1 byte",0,"OKAY",0,c08d1dae,"OKAY",00000000,4,2,0,1,0,0,0,0,2,0,1,0,2,1,0,2,1,0,c08d1dae,3,f,0,0,0,00000004,3,1,0,0,1,"No Read Addr Cmds","No Read Addr Cmds","No Write Addr Cmds","No Write Addr Cmds","No Write Responses","No Write Responses","_","_","_","_","_","_","_","_","No Write Data Beats","No Write Data Beats"
1426,1426,0,0,1,1,0,0,0,8e5ffe20afb76fe31ba56e5faf65c9d2,0,3b9a3d13b8d6963fae1d8dc05a6037b2,0,1,0,1,ff81e4df,ffffffdb,0,1,0,0,0,00000000,"FIXED",3,00,"Data Secure Unprivileged","1 byte",0,0,00000000,"INCR",3,00,"Data Secure Unprivileged","4 bytes",0,0,ff8127fb,"OKAY",00000000,0,2,1,0,0,0,0,0,0,0,2,0,1,4,0,0,1,0,0037e400,"INCR",3,ff,0,"Data Secure Unprivileged",0,"4 bytes",0,00000000,"FIXED",0,00,0,"Data Secure Unprivileged",0,"1 byte",0,"OKAY",0,c08d1dae,"OKAY",00000000,4,2,0,1,0,0,0,0,2,0,1,0,2,1,0,2,1,0,c08d1dae,3,f,0,0,0,00000004,3,1,0,0,1,"No Read Addr Cmds","No Read Addr Cmds","No Write Addr Cmds","No Write Addr Cmds","No Write Responses","No Write Responses","_","_","_","_","_","_","_","_","No Write Data Beats","No Write Data Beats"
1427,1427,0,0,1,1,0,0,0,8e5ffe20afb76fe31ba56e5faf65c9d2,0,3b9a3d13b8d6963fae1d8dc05a6037b2,0,1,0,1,ff81e4df,ffffffdb,0,1,0,0,0,00000000,"FIXED",3,00,"Data Secure Unprivileged","1 byte",0,0,00000000,"INCR",3,00,"Data Secure Unprivileged","4 bytes",0,0,ff8127fb,"OKAY",00000000,0,2,1,0,0,0,0,0,0,0,2,0,1,4,0,0,1,0,0037e400,"INCR",3,ff,0,"Data Secure Unprivileged",0,"4 bytes",0,00000000,"FIXED",0,00,0,"Data Secure Unprivileged",0,"1 byte",0,"OKAY",0,c08d1dae,"OKAY",00000000,4,2,0,1,0,0,0,0,2,0,1,0,2,1,0,2,1,0,c08d1dae,3,f,0,0,0,00000004,3,1,0,0,1,"No Read Addr Cmds","No Read Addr Cmds","No Write Addr Cmds","No Write Addr Cmds","No Write Responses","No Write Responses","_","_","_","_","_","_","_","_","No Write Data Beats","No Write Data Beats"
1428,1428,0,0,1,1,0,0,0,8e5ffe20afb76fe31ba56e5faf65c9d2,0,3b9a3d13b8d6963fae1d8dc05a6037b2,0,1,0,1,ff81e4df,ffffffdb,0,1,0,0,0,00000000,"FIXED",3,00,"Data Secure Unprivileged","1 byte",0,0,00000000,"INCR",3,00,"Data Secure Unprivileged","4 bytes",0,0,ff8127fb,"OKAY",00000000,0,2,1,0,0,0,0,0,0,0,2,0,1,4,0,0,1,0,0037e400,"INCR",3,ff,0,"Data Secure Unprivileged",0,"4 bytes",0,00000000,"FIXED",0,00,0,"Data Secure Unprivileged",0,"1 byte",0,"OKAY",0,c08d1dae,"OKAY",00000000,4,2,0,1,0,0,0,0,2,0,1,0,2,1,0,2,1,0,c08d1dae,3,f,0,0,0,00000004,3,1,0,0,1,"No Read Addr Cmds","No Read Addr Cmds","No Write Addr Cmds","No Write Addr Cmds","No Write Responses","No Write Responses","_","_","_","_","_","_","_","_","No Write Data Beats","No Write Data Beats"
1429,1429,0,0,1,1,0,0,0,8e5ffe20afb76fe31ba56e5faf65c9d2,0,3b9a3d13b8d6963fae1d8dc05a6037b2,0,1,0,1,ff81e4df,ffffffdb,0,1,0,0,0,00000000,"FIXED",3,00,"Data Secure Unprivileged","1 byte",0,0,00000000,"INCR",3,00,"Data Secure Unprivileged","4 bytes",0,0,ff8127fb,"OKAY",00000000,0,2,1,0,0,0,0,0,0,0,2,0,1,4,0,0,1,0,0037e400,"INCR",3,ff,0,"Data Secure Unprivileged",0,"4 bytes",0,00000000,"FIXED",0,00,0,"Data Secure Unprivileged",0,"1 byte",0,"OKAY",0,c08d1dae,"OKAY",00000000,4,2,0,1,0,0,0,0,2,0,1,0,2,1,0,2,1,0,c08d1dae,3,f,0,0,0,00000004,3,1,0,0,1,"No Read Addr Cmds","No Read Addr Cmds","No Write Addr Cmds","No Write Addr Cmds","No Write Responses","No Write Responses","_","_","_","_","_","_","_","_","No Write Data Beats","No Write Data Beats"
1430,1430,0,0,1,1,0,0,0,8e5ffe20afb76fe31ba56e5faf65c9d2,0,3b9a3d13b8d6963fae1d8dc05a6037b2,0,1,0,1,ff81e4df,ffffffdb,0,1,0,0,0,00000000,"FIXED",3,00,"Data Secure Unprivileged","1 byte",0,0,00000000,"INCR",3,00,"Data Secure Unprivileged","4 bytes",0,0,ff8127fb,"OKAY",00000000,0,2,1,0,0,0,0,0,0,0,2,0,1,4,0,0,1,0,0037e400,"INCR",3,ff,0,"Data Secure Unprivileged",0,"4 bytes",0,00000000,"FIXED",0,00,0,"Data Secure Unprivileged",0,"1 byte",0,"OKAY",0,c08d1dae,"OKAY",00000000,4,2,0,1,0,0,0,0,2,0,1,0,2,1,0,2,1,0,c08d1dae,3,f,0,0,0,00000004,3,1,0,0,1,"No Read Addr Cmds","No Read Addr Cmds","No Write Addr Cmds","No Write Addr Cmds","No Write Responses","No Write Responses","_","_","_","_","_","_","_","_","No Write Data Beats","No Write Data Beats"
1431,1431,0,0,1,1,0,0,0,8e5ffe20afb76fe31ba56e5faf65c9d2,0,3b9a3d13b8d6963fae1d8dc05a6037b2,0,1,0,1,ff81e4df,ffffffdb,0,1,0,0,0,00000000,"FIXED",3,00,"Data Secure Unprivileged","1 byte",0,0,00000000,"INCR",3,00,"Data Secure Unprivileged","4 bytes",0,0,ff8127fb,"OKAY",00000000,0,2,1,0,0,0,0,0,0,0,2,0,1,4,0,0,1,0,0037e400,"INCR",3,ff,0,"Data Secure Unprivileged",0,"4 bytes",0,00000000,"FIXED",0,00,0,"Data Secure Unprivileged",0,"1 byte",0,"OKAY",0,c08d1dae,"OKAY",00000000,4,2,0,1,0,0,0,0,2,0,1,0,2,1,0,2,1,0,c08d1dae,3,f,0,0,0,00000004,3,1,0,0,1,"No Read Addr Cmds","No Read Addr Cmds","No Write Addr Cmds","No Write Addr Cmds","No Write Responses","No Write Responses","_","_","_","_","_","_","_","_","No Write Data Beats","No Write Data Beats"
1432,1432,0,0,1,1,0,0,0,8e5ffe20afb76fe31ba56e5faf65c9d2,0,3b9a3d13b8d6963fae1d8dc05a6037b2,0,1,0,1,ff81e4df,ffffffdb,0,1,0,0,0,00000000,"FIXED",3,00,"Data Secure Unprivileged","1 byte",0,0,00000000,"INCR",3,00,"Data Secure Unprivileged","4 bytes",0,0,ff8127fb,"OKAY",00000000,0,2,1,0,0,0,0,0,0,0,2,0,1,4,0,0,1,0,0037e400,"INCR",3,ff,0,"Data Secure Unprivileged",0,"4 bytes",0,00000000,"FIXED",0,00,0,"Data Secure Unprivileged",0,"1 byte",0,"OKAY",0,c08d1dae,"OKAY",00000000,4,2,0,1,0,0,0,0,2,0,1,0,2,1,0,2,1,0,c08d1dae,3,f,0,0,0,00000004,3,1,0,0,1,"No Read Addr Cmds","No Read Addr Cmds","No Write Addr Cmds","No Write Addr Cmds","No Write Responses","No Write Responses","_","_","_","_","_","_","_","_","No Write Data Beats","No Write Data Beats"
1433,1433,0,0,1,1,0,0,0,8e5ffe20afb76fe31ba56e5faf65c9d2,0,3b9a3d13b8d6963fae1d8dc05a6037b2,0,1,0,1,ff81e4df,ffffffdb,0,1,0,0,0,00000000,"FIXED",3,00,"Data Secure Unprivileged","1 byte",0,0,00000000,"INCR",3,00,"Data Secure Unprivileged","4 bytes",0,0,ff8127fb,"OKAY",00000000,0,2,1,0,0,0,0,0,0,0,2,0,1,4,0,0,1,0,0037e400,"INCR",3,ff,0,"Data Secure Unprivileged",0,"4 bytes",0,00000000,"FIXED",0,00,0,"Data Secure Unprivileged",0,"1 byte",0,"OKAY",0,c08d1dae,"OKAY",00000000,4,2,0,1,0,0,0,0,2,0,1,0,2,1,0,2,1,0,c08d1dae,3,f,0,0,0,00000004,3,1,0,0,1,"No Read Addr Cmds","No Read Addr Cmds","No Write Addr Cmds","No Write Addr Cmds","No Write Responses","No Write Responses","_","_","_","_","_","_","_","_","No Write Data Beats","No Write Data Beats"
1434,1434,0,0,1,1,0,0,0,8e5ffe20afb76fe31ba56e5faf65c9d2,0,3b9a3d13b8d6963fae1d8dc05a6037b2,0,1,0,1,ff81e4df,ffffffdb,0,1,0,0,0,00000000,"FIXED",3,00,"Data Secure Unprivileged","1 byte",0,0,00000000,"INCR",3,00,"Data Secure Unprivileged","4 bytes",0,0,ff8127fb,"OKAY",00000000,0,2,1,0,0,0,0,0,0,0,2,0,1,4,0,0,1,0,0037e400,"INCR",3,ff,0,"Data Secure Unprivileged",0,"4 bytes",0,00000000,"FIXED",0,00,0,"Data Secure Unprivileged",0,"1 byte",0,"OKAY",0,c08d1dae,"OKAY",00000000,4,2,0,1,0,0,0,0,2,0,1,0,2,1,0,2,1,0,c08d1dae,3,f,0,0,0,00000004,3,1,0,0,1,"No Read Addr Cmds","No Read Addr Cmds","No Write Addr Cmds","No Write Addr Cmds","No Write Responses","No Write Responses","_","_","_","_","_","_","_","_","No Write Data Beats","No Write Data Beats"
1435,1435,0,0,1,1,0,0,0,8e5ffe20afb76fe31ba56e5faf65c9d2,0,3b9a3d13b8d6963fae1d8dc05a6037b2,0,1,0,1,ff81e4df,ffffffdb,0,1,0,0,0,00000000,"FIXED",3,00,"Data Secure Unprivileged","1 byte",0,0,00000000,"INCR",3,00,"Data Secure Unprivileged","4 bytes",0,0,ff8127fb,"OKAY",00000000,0,2,1,0,0,0,0,0,0,0,2,0,1,4,0,0,1,0,0037e400,"INCR",3,ff,0,"Data Secure Unprivileged",0,"4 bytes",0,00000000,"FIXED",0,00,0,"Data Secure Unprivileged",0,"1 byte",0,"OKAY",0,c08d1dae,"OKAY",00000000,4,2,0,1,0,0,0,0,2,0,1,0,2,1,0,2,1,0,c08d1dae,3,f,0,0,0,00000004,3,1,0,0,1,"No Read Addr Cmds","No Read Addr Cmds","No Write Addr Cmds","No Write Addr Cmds","No Write Responses","No Write Responses","_","_","_","_","_","_","_","_","No Write Data Beats","No Write Data Beats"
1436,1436,0,0,1,1,0,0,0,8e5ffe20afb76fe31ba56e5faf65c9d2,0,3b9a3d13b8d6963fae1d8dc05a6037b2,0,1,0,1,ff81e4df,ffffffdb,0,1,0,0,0,00000000,"FIXED",3,00,"Data Secure Unprivileged","1 byte",0,0,00000000,"INCR",3,00,"Data Secure Unprivileged","4 bytes",0,0,ff8127fb,"OKAY",00000000,0,2,1,0,0,0,0,0,0,0,2,0,1,4,0,0,1,0,0037e400,"INCR",3,ff,0,"Data Secure Unprivileged",0,"4 bytes",0,00000000,"FIXED",0,00,0,"Data Secure Unprivileged",0,"1 byte",0,"OKAY",0,c08d1dae,"OKAY",00000000,4,2,0,1,0,0,0,0,2,0,1,0,2,1,0,2,1,0,c08d1dae,3,f,0,0,0,00000004,3,1,0,0,1,"No Read Addr Cmds","No Read Addr Cmds","No Write Addr Cmds","No Write Addr Cmds","No Write Responses","No Write Responses","_","_","_","_","_","_","_","_","No Write Data Beats","No Write Data Beats"
1437,1437,0,0,1,1,0,0,0,8e5ffe20afb76fe31ba56e5faf65c9d2,0,3b9a3d13b8d6963fae1d8dc05a6037b2,0,1,0,1,ff81e4df,ffffffdb,0,1,0,0,0,00000000,"FIXED",3,00,"Data Secure Unprivileged","1 byte",0,0,00000000,"INCR",3,00,"Data Secure Unprivileged","4 bytes",0,0,ff8127fb,"OKAY",00000000,0,2,1,0,0,0,0,0,0,0,2,0,1,4,0,0,1,0,0037e400,"INCR",3,ff,0,"Data Secure Unprivileged",0,"4 bytes",0,00000000,"FIXED",0,00,0,"Data Secure Unprivileged",0,"1 byte",0,"OKAY",0,c08d1dae,"OKAY",00000000,4,2,0,1,0,0,0,0,2,0,1,0,2,1,0,2,1,0,c08d1dae,3,f,0,0,0,00000004,3,1,0,0,1,"No Read Addr Cmds","No Read Addr Cmds","No Write Addr Cmds","No Write Addr Cmds","No Write Responses","No Write Responses","_","_","_","_","_","_","_","_","No Write Data Beats","No Write Data Beats"
1438,1438,0,0,1,1,0,0,0,8e5ffe20afb76fe31ba56e5faf65c9d2,0,3b9a3d13b8d6963fae1d8dc05a6037b2,0,1,0,1,ff81e4df,ffffffdb,0,1,0,0,0,00000000,"FIXED",3,00,"Data Secure Unprivileged","1 byte",0,0,00000000,"INCR",3,00,"Data Secure Unprivileged","4 bytes",0,0,ff8127fb,"OKAY",00000000,0,2,1,0,0,0,0,0,0,0,2,0,1,4,0,0,1,0,0037e400,"INCR",3,ff,0,"Data Secure Unprivileged",0,"4 bytes",0,00000000,"FIXED",0,00,0,"Data Secure Unprivileged",0,"1 byte",0,"OKAY",0,c08d1dae,"OKAY",00000000,4,2,0,1,0,0,0,0,2,0,1,0,2,1,0,2,1,0,c08d1dae,3,f,0,0,0,00000004,3,1,0,0,1,"No Read Addr Cmds","No Read Addr Cmds","No Write Addr Cmds","No Write Addr Cmds","No Write Responses","No Write Responses","_","_","_","_","_","_","_","_","No Write Data Beats","No Write Data Beats"
1439,1439,0,0,1,1,0,0,0,8e5ffe20afb76fe31ba56e5faf65c9d2,0,3b9a3d13b8d6963fae1d8dc05a6037b2,0,1,0,1,ff81e4df,ffffffdb,0,1,0,0,0,00000000,"FIXED",3,00,"Data Secure Unprivileged","1 byte",0,0,00000000,"INCR",3,00,"Data Secure Unprivileged","4 bytes",0,0,ff8127fb,"OKAY",00000000,0,2,1,0,0,0,0,0,0,0,2,0,1,4,0,0,1,0,0037e400,"INCR",3,ff,0,"Data Secure Unprivileged",0,"4 bytes",0,00000000,"FIXED",0,00,0,"Data Secure Unprivileged",0,"1 byte",0,"OKAY",0,c08d1dae,"OKAY",00000000,4,2,0,1,0,0,0,0,2,0,1,0,2,1,0,2,1,0,c08d1dae,3,f,0,0,0,00000004,3,1,0,0,1,"No Read Addr Cmds","No Read Addr Cmds","No Write Addr Cmds","No Write Addr Cmds","No Write Responses","No Write Responses","_","_","_","_","_","_","_","_","No Write Data Beats","No Write Data Beats"
1440,1440,0,0,1,1,0,0,0,8e5ffe20afb76fe31ba56e5faf65c9d2,0,3b9a3d13b8d6963fae1d8dc05a6037b2,0,1,0,1,ff81e4df,ffffffdb,0,1,0,0,0,00000000,"FIXED",3,00,"Data Secure Unprivileged","1 byte",0,0,00000000,"INCR",3,00,"Data Secure Unprivileged","4 bytes",0,0,ff8127fb,"OKAY",00000000,0,2,1,0,0,0,0,0,0,0,2,0,1,4,0,0,1,0,0037e400,"INCR",3,ff,0,"Data Secure Unprivileged",0,"4 bytes",0,00000000,"FIXED",0,00,0,"Data Secure Unprivileged",0,"1 byte",0,"OKAY",0,c08d1dae,"OKAY",00000000,4,2,0,1,0,0,0,0,2,0,1,0,2,1,0,2,1,0,c08d1dae,3,f,0,0,0,00000004,3,1,0,0,1,"No Read Addr Cmds","No Read Addr Cmds","No Write Addr Cmds","No Write Addr Cmds","No Write Responses","No Write Responses","_","_","_","_","_","_","_","_","No Write Data Beats","No Write Data Beats"
1441,1441,0,0,1,1,0,0,0,8e5ffe20afb76fe31ba56e5faf65c9d2,0,3b9a3d13b8d6963fae1d8dc05a6037b2,0,1,0,1,ff81e4df,ffffffdb,0,1,0,0,0,00000000,"FIXED",3,00,"Data Secure Unprivileged","1 byte",0,0,00000000,"INCR",3,00,"Data Secure Unprivileged","4 bytes",0,0,ff8127fb,"OKAY",00000000,0,2,1,0,0,0,0,0,0,0,2,0,1,4,0,0,1,0,0037e400,"INCR",3,ff,0,"Data Secure Unprivileged",0,"4 bytes",0,00000000,"FIXED",0,00,0,"Data Secure Unprivileged",0,"1 byte",0,"OKAY",0,c08d1dae,"OKAY",00000000,4,2,0,1,0,0,0,0,2,0,1,0,2,1,0,2,1,0,c08d1dae,3,f,0,0,0,00000004,3,1,0,0,1,"No Read Addr Cmds","No Read Addr Cmds","No Write Addr Cmds","No Write Addr Cmds","No Write Responses","No Write Responses","_","_","_","_","_","_","_","_","No Write Data Beats","No Write Data Beats"
1442,1442,0,0,1,1,0,0,0,8e5ffe20afb76fe31ba56e5faf65c9d2,0,3b9a3d13b8d6963fae1d8dc05a6037b2,0,1,0,1,ff81e4df,ffffffdb,0,1,0,0,0,00000000,"FIXED",3,00,"Data Secure Unprivileged","1 byte",0,0,00000000,"INCR",3,00,"Data Secure Unprivileged","4 bytes",0,0,ff8127fb,"OKAY",00000000,0,2,1,0,0,0,0,0,0,0,2,0,1,4,0,0,1,0,0037e400,"INCR",3,ff,0,"Data Secure Unprivileged",0,"4 bytes",0,00000000,"FIXED",0,00,0,"Data Secure Unprivileged",0,"1 byte",0,"OKAY",0,c08d1dae,"OKAY",00000000,4,2,0,1,0,0,0,0,2,0,1,0,2,1,0,2,1,0,c08d1dae,3,f,0,0,0,00000004,3,1,0,0,1,"No Read Addr Cmds","No Read Addr Cmds","No Write Addr Cmds","No Write Addr Cmds","No Write Responses","No Write Responses","_","_","_","_","_","_","_","_","No Write Data Beats","No Write Data Beats"
1443,1443,0,0,1,1,0,0,0,8e5ffe20afb76fe31ba56e5faf65c9d2,0,3b9a3d13b8d6963fae1d8dc05a6037b2,0,1,0,1,ff81e4df,ffffffdb,0,1,0,0,0,00000000,"FIXED",3,00,"Data Secure Unprivileged","1 byte",0,0,00000000,"INCR",3,00,"Data Secure Unprivileged","4 bytes",0,0,ff8127fb,"OKAY",00000000,0,2,1,0,0,0,0,0,0,0,2,0,1,4,0,0,1,0,0037e400,"INCR",3,ff,0,"Data Secure Unprivileged",0,"4 bytes",0,00000000,"FIXED",0,00,0,"Data Secure Unprivileged",0,"1 byte",0,"OKAY",0,c08d1dae,"OKAY",00000000,4,2,0,1,0,0,0,0,2,0,1,0,2,1,0,2,1,0,c08d1dae,3,f,0,0,0,00000004,3,1,0,0,1,"No Read Addr Cmds","No Read Addr Cmds","No Write Addr Cmds","No Write Addr Cmds","No Write Responses","No Write Responses","_","_","_","_","_","_","_","_","No Write Data Beats","No Write Data Beats"
1444,1444,0,0,1,1,0,0,0,8e5ffe20afb76fe31ba56e5faf65c9d2,0,3b9a3d13b8d6963fae1d8dc05a6037b2,0,1,0,1,ff81e4df,ffffffdb,0,1,0,0,0,00000000,"FIXED",3,00,"Data Secure Unprivileged","1 byte",0,0,00000000,"INCR",3,00,"Data Secure Unprivileged","4 bytes",0,0,ff8127fb,"OKAY",00000000,0,2,1,0,0,0,0,0,0,0,2,0,1,4,0,0,1,0,0037e400,"INCR",3,ff,0,"Data Secure Unprivileged",0,"4 bytes",0,00000000,"FIXED",0,00,0,"Data Secure Unprivileged",0,"1 byte",0,"OKAY",0,c08d1dae,"OKAY",00000000,4,2,0,1,0,0,0,0,2,0,1,0,2,1,0,2,1,0,c08d1dae,3,f,0,0,0,00000004,3,1,0,0,1,"No Read Addr Cmds","No Read Addr Cmds","No Write Addr Cmds","No Write Addr Cmds","No Write Responses","No Write Responses","_","_","_","_","_","_","_","_","No Write Data Beats","No Write Data Beats"
1445,1445,0,0,1,1,0,0,0,8e5ffe20afb76fe31ba56e5faf65c9d2,0,3b9a3d13b8d6963fae1d8dc05a6037b2,0,1,0,1,ff81e4df,ffffffdb,0,1,0,0,0,00000000,"FIXED",3,00,"Data Secure Unprivileged","1 byte",0,0,00000000,"INCR",3,00,"Data Secure Unprivileged","4 bytes",0,0,ff8127fb,"OKAY",00000000,0,2,1,0,0,0,0,0,0,0,2,0,1,4,0,0,1,0,0037e400,"INCR",3,ff,0,"Data Secure Unprivileged",0,"4 bytes",0,00000000,"FIXED",0,00,0,"Data Secure Unprivileged",0,"1 byte",0,"OKAY",0,c08d1dae,"OKAY",00000000,4,2,0,1,0,0,0,0,2,0,1,0,2,1,0,2,1,0,c08d1dae,3,f,0,0,0,00000004,3,1,0,0,1,"No Read Addr Cmds","No Read Addr Cmds","No Write Addr Cmds","No Write Addr Cmds","No Write Responses","No Write Responses","_","_","_","_","_","_","_","_","No Write Data Beats","No Write Data Beats"
1446,1446,0,0,1,1,0,0,0,8e5ffe20afb76fe31ba56e5faf65c9d2,0,3b9a3d13b8d6963fae1d8dc05a6037b2,0,1,0,1,ff81e4df,ffffffdb,0,1,0,0,0,00000000,"FIXED",3,00,"Data Secure Unprivileged","1 byte",0,0,00000000,"INCR",3,00,"Data Secure Unprivileged","4 bytes",0,0,ff8127fb,"OKAY",00000000,0,2,1,0,0,0,0,0,0,0,2,0,1,4,0,0,1,0,0037e400,"INCR",3,ff,0,"Data Secure Unprivileged",0,"4 bytes",0,00000000,"FIXED",0,00,0,"Data Secure Unprivileged",0,"1 byte",0,"OKAY",0,c08d1dae,"OKAY",00000000,4,2,0,1,0,0,0,0,2,0,1,0,2,1,0,2,1,0,c08d1dae,3,f,0,0,0,00000004,3,1,0,0,1,"No Read Addr Cmds","No Read Addr Cmds","No Write Addr Cmds","No Write Addr Cmds","No Write Responses","No Write Responses","_","_","_","_","_","_","_","_","No Write Data Beats","No Write Data Beats"
1447,1447,0,0,1,1,0,0,0,8e5ffe20afb76fe31ba56e5faf65c9d2,0,3b9a3d13b8d6963fae1d8dc05a6037b2,0,1,0,1,ff81e4df,ffffffdb,0,1,0,0,0,00000000,"FIXED",3,00,"Data Secure Unprivileged","1 byte",0,0,00000000,"INCR",3,00,"Data Secure Unprivileged","4 bytes",0,0,ff8127fb,"OKAY",00000000,0,2,1,0,0,0,0,0,0,0,2,0,1,4,0,0,1,0,0037e400,"INCR",3,ff,0,"Data Secure Unprivileged",0,"4 bytes",0,00000000,"FIXED",0,00,0,"Data Secure Unprivileged",0,"1 byte",0,"OKAY",0,c08d1dae,"OKAY",00000000,4,2,0,1,0,0,0,0,2,0,1,0,2,1,0,2,1,0,c08d1dae,3,f,0,0,0,00000004,3,1,0,0,1,"No Read Addr Cmds","No Read Addr Cmds","No Write Addr Cmds","No Write Addr Cmds","No Write Responses","No Write Responses","_","_","_","_","_","_","_","_","No Write Data Beats","No Write Data Beats"
1448,1448,0,0,1,1,0,0,0,8e5ffe20afb76fe31ba56e5faf65c9d2,0,3b9a3d13b8d6963fae1d8dc05a6037b2,0,1,0,1,ff81e4df,ffffffdb,0,1,0,0,0,00000000,"FIXED",3,00,"Data Secure Unprivileged","1 byte",0,0,00000000,"INCR",3,00,"Data Secure Unprivileged","4 bytes",0,0,ff8127fb,"OKAY",00000000,0,2,1,0,0,0,0,0,0,0,2,0,1,4,0,0,1,0,0037e400,"INCR",3,ff,0,"Data Secure Unprivileged",0,"4 bytes",0,00000000,"FIXED",0,00,0,"Data Secure Unprivileged",0,"1 byte",0,"OKAY",0,c08d1dae,"OKAY",00000000,4,2,0,1,0,0,0,0,2,0,1,0,2,1,0,2,1,0,c08d1dae,3,f,0,0,0,00000004,3,1,0,0,1,"No Read Addr Cmds","No Read Addr Cmds","No Write Addr Cmds","No Write Addr Cmds","No Write Responses","No Write Responses","_","_","_","_","_","_","_","_","No Write Data Beats","No Write Data Beats"
1449,1449,0,0,1,1,0,0,0,8e5ffe20afb76fe31ba56e5faf65c9d2,0,3b9a3d13b8d6963fae1d8dc05a6037b2,0,1,0,1,ff81e4df,ffffffdb,0,1,0,0,0,00000000,"FIXED",3,00,"Data Secure Unprivileged","1 byte",0,0,00000000,"INCR",3,00,"Data Secure Unprivileged","4 bytes",0,0,ff8127fb,"OKAY",00000000,0,2,1,0,0,0,0,0,0,0,2,0,1,4,0,0,1,0,0037e400,"INCR",3,ff,0,"Data Secure Unprivileged",0,"4 bytes",0,00000000,"FIXED",0,00,0,"Data Secure Unprivileged",0,"1 byte",0,"OKAY",0,c08d1dae,"OKAY",00000000,4,2,0,1,0,0,0,0,2,0,1,0,2,1,0,2,1,0,c08d1dae,3,f,0,0,0,00000004,3,1,0,0,1,"No Read Addr Cmds","No Read Addr Cmds","No Write Addr Cmds","No Write Addr Cmds","No Write Responses","No Write Responses","_","_","_","_","_","_","_","_","No Write Data Beats","No Write Data Beats"
1450,1450,0,0,1,1,0,0,0,8e5ffe20afb76fe31ba56e5faf65c9d2,0,3b9a3d13b8d6963fae1d8dc05a6037b2,0,1,0,1,ff81e4df,ffffffdb,0,1,0,0,0,00000000,"FIXED",3,00,"Data Secure Unprivileged","1 byte",0,0,00000000,"INCR",3,00,"Data Secure Unprivileged","4 bytes",0,0,ff8127fb,"OKAY",00000000,0,2,1,0,0,0,0,0,0,0,2,0,1,4,0,0,1,0,0037e400,"INCR",3,ff,0,"Data Secure Unprivileged",0,"4 bytes",0,00000000,"FIXED",0,00,0,"Data Secure Unprivileged",0,"1 byte",0,"OKAY",0,c08d1dae,"OKAY",00000000,4,2,0,1,0,0,0,0,2,0,1,0,2,1,0,2,1,0,c08d1dae,3,f,0,0,0,00000004,3,1,0,0,1,"No Read Addr Cmds","No Read Addr Cmds","No Write Addr Cmds","No Write Addr Cmds","No Write Responses","No Write Responses","_","_","_","_","_","_","_","_","No Write Data Beats","No Write Data Beats"
1451,1451,0,0,1,1,0,0,0,8e5ffe20afb76fe31ba56e5faf65c9d2,0,3b9a3d13b8d6963fae1d8dc05a6037b2,0,1,0,1,ff81e4df,ffffffdb,0,1,0,0,0,00000000,"FIXED",3,00,"Data Secure Unprivileged","1 byte",0,0,00000000,"INCR",3,00,"Data Secure Unprivileged","4 bytes",0,0,ff8127fb,"OKAY",00000000,0,2,1,0,0,0,0,0,0,0,2,0,1,4,0,0,1,0,0037e400,"INCR",3,ff,0,"Data Secure Unprivileged",0,"4 bytes",0,00000000,"FIXED",0,00,0,"Data Secure Unprivileged",0,"1 byte",0,"OKAY",0,c08d1dae,"OKAY",00000000,4,2,0,1,0,0,0,0,2,0,1,0,2,1,0,2,1,0,c08d1dae,3,f,0,0,0,00000004,3,1,0,0,1,"No Read Addr Cmds","No Read Addr Cmds","No Write Addr Cmds","No Write Addr Cmds","No Write Responses","No Write Responses","_","_","_","_","_","_","_","_","No Write Data Beats","No Write Data Beats"
1452,1452,0,0,1,1,0,0,0,8e5ffe20afb76fe31ba56e5faf65c9d2,0,3b9a3d13b8d6963fae1d8dc05a6037b2,0,1,0,1,ff81e4df,ffffffdb,0,1,0,0,0,00000000,"FIXED",3,00,"Data Secure Unprivileged","1 byte",0,0,00000000,"INCR",3,00,"Data Secure Unprivileged","4 bytes",0,0,ff8127fb,"OKAY",00000000,0,2,1,0,0,0,0,0,0,0,2,0,1,4,0,0,1,0,0037e400,"INCR",3,ff,0,"Data Secure Unprivileged",0,"4 bytes",0,00000000,"FIXED",0,00,0,"Data Secure Unprivileged",0,"1 byte",0,"OKAY",0,c08d1dae,"OKAY",00000000,4,2,0,1,0,0,0,0,2,0,1,0,2,1,0,2,1,0,c08d1dae,3,f,0,0,0,00000004,3,1,0,0,1,"No Read Addr Cmds","No Read Addr Cmds","No Write Addr Cmds","No Write Addr Cmds","No Write Responses","No Write Responses","_","_","_","_","_","_","_","_","No Write Data Beats","No Write Data Beats"
1453,1453,0,0,1,1,0,0,0,8e5ffe20afb76fe31ba56e5faf65c9d2,0,3b9a3d13b8d6963fae1d8dc05a6037b2,0,1,0,1,ff81e4df,ffffffdb,0,1,0,0,0,00000000,"FIXED",3,00,"Data Secure Unprivileged","1 byte",0,0,00000000,"INCR",3,00,"Data Secure Unprivileged","4 bytes",0,0,ff8127fb,"OKAY",00000000,0,2,1,0,0,0,0,0,0,0,2,0,1,4,0,0,1,0,0037e400,"INCR",3,ff,0,"Data Secure Unprivileged",0,"4 bytes",0,00000000,"FIXED",0,00,0,"Data Secure Unprivileged",0,"1 byte",0,"OKAY",0,c08d1dae,"OKAY",00000000,4,2,0,1,0,0,0,0,2,0,1,0,2,1,0,2,1,0,c08d1dae,3,f,0,0,0,00000004,3,1,0,0,1,"No Read Addr Cmds","No Read Addr Cmds","No Write Addr Cmds","No Write Addr Cmds","No Write Responses","No Write Responses","_","_","_","_","_","_","_","_","No Write Data Beats","No Write Data Beats"
1454,1454,0,0,1,1,0,0,0,8e5ffe20afb76fe31ba56e5faf65c9d2,0,3b9a3d13b8d6963fae1d8dc05a6037b2,0,1,0,1,ff81e4df,ffffffdb,0,1,0,0,0,00000000,"FIXED",3,00,"Data Secure Unprivileged","1 byte",0,0,00000000,"INCR",3,00,"Data Secure Unprivileged","4 bytes",0,0,ff8127fb,"OKAY",00000000,0,2,1,0,0,0,0,0,0,0,2,0,1,4,0,0,1,0,0037e400,"INCR",3,ff,0,"Data Secure Unprivileged",0,"4 bytes",0,00000000,"FIXED",0,00,0,"Data Secure Unprivileged",0,"1 byte",0,"OKAY",0,c08d1dae,"OKAY",00000000,4,2,0,1,0,0,0,0,2,0,1,0,2,1,0,2,1,0,c08d1dae,3,f,0,0,0,00000004,3,1,0,0,1,"No Read Addr Cmds","No Read Addr Cmds","No Write Addr Cmds","No Write Addr Cmds","No Write Responses","No Write Responses","_","_","_","_","_","_","_","_","No Write Data Beats","No Write Data Beats"
1455,1455,0,0,1,1,0,0,0,8e5ffe20afb76fe31ba56e5faf65c9d2,0,3b9a3d13b8d6963fae1d8dc05a6037b2,0,1,0,1,ff81e4df,ffffffdb,0,1,0,0,0,00000000,"FIXED",3,00,"Data Secure Unprivileged","1 byte",0,0,00000000,"INCR",3,00,"Data Secure Unprivileged","4 bytes",0,0,ff8127fb,"OKAY",00000000,0,2,1,0,0,0,0,0,0,0,2,0,1,4,0,0,1,0,0037e400,"INCR",3,ff,0,"Data Secure Unprivileged",0,"4 bytes",0,00000000,"FIXED",0,00,0,"Data Secure Unprivileged",0,"1 byte",0,"OKAY",0,c08d1dae,"OKAY",00000000,4,2,0,1,0,0,0,0,2,0,1,0,2,1,0,2,1,0,c08d1dae,3,f,0,0,0,00000004,3,1,0,0,1,"No Read Addr Cmds","No Read Addr Cmds","No Write Addr Cmds","No Write Addr Cmds","No Write Responses","No Write Responses","_","_","_","_","_","_","_","_","No Write Data Beats","No Write Data Beats"
1456,1456,0,0,1,1,0,0,0,8e5ffe20afb76fe31ba56e5faf65c9d2,0,3b9a3d13b8d6963fae1d8dc05a6037b2,0,1,0,1,ff81e4df,ffffffdb,0,1,0,0,0,00000000,"FIXED",3,00,"Data Secure Unprivileged","1 byte",0,0,00000000,"INCR",3,00,"Data Secure Unprivileged","4 bytes",0,0,ff8127fb,"OKAY",00000000,0,2,1,0,0,0,0,0,0,0,2,0,1,4,0,0,1,0,0037e400,"INCR",3,ff,0,"Data Secure Unprivileged",0,"4 bytes",0,00000000,"FIXED",0,00,0,"Data Secure Unprivileged",0,"1 byte",0,"OKAY",0,c08d1dae,"OKAY",00000000,4,2,0,1,0,0,0,0,2,0,1,0,2,1,0,2,1,0,c08d1dae,3,f,0,0,0,00000004,3,1,0,0,1,"No Read Addr Cmds","No Read Addr Cmds","No Write Addr Cmds","No Write Addr Cmds","No Write Responses","No Write Responses","_","_","_","_","_","_","_","_","No Write Data Beats","No Write Data Beats"
1457,1457,0,0,1,1,0,0,0,8e5ffe20afb76fe31ba56e5faf65c9d2,0,3b9a3d13b8d6963fae1d8dc05a6037b2,0,1,0,1,ff81e4df,ffffffdb,0,1,0,0,0,00000000,"FIXED",3,00,"Data Secure Unprivileged","1 byte",0,0,00000000,"INCR",3,00,"Data Secure Unprivileged","4 bytes",0,0,ff8127fb,"OKAY",00000000,0,2,1,0,0,0,0,0,0,0,2,0,1,4,0,0,1,0,0037e400,"INCR",3,ff,0,"Data Secure Unprivileged",0,"4 bytes",0,00000000,"FIXED",0,00,0,"Data Secure Unprivileged",0,"1 byte",0,"OKAY",0,c08d1dae,"OKAY",00000000,4,2,0,1,0,0,0,0,2,0,1,0,2,1,0,2,1,0,c08d1dae,3,f,0,0,0,00000004,3,1,0,0,1,"No Read Addr Cmds","No Read Addr Cmds","No Write Addr Cmds","No Write Addr Cmds","No Write Responses","No Write Responses","_","_","_","_","_","_","_","_","No Write Data Beats","No Write Data Beats"
1458,1458,0,0,1,1,0,0,0,8e5ffe20afb76fe31ba56e5faf65c9d2,0,3b9a3d13b8d6963fae1d8dc05a6037b2,0,1,0,1,ff81e4df,ffffffdb,0,1,0,0,0,00000000,"FIXED",3,00,"Data Secure Unprivileged","1 byte",0,0,00000000,"INCR",3,00,"Data Secure Unprivileged","4 bytes",0,0,ff8127fb,"OKAY",00000000,0,2,1,0,0,0,0,0,0,0,2,0,1,4,0,0,1,0,0037e400,"INCR",3,ff,0,"Data Secure Unprivileged",0,"4 bytes",0,00000000,"FIXED",0,00,0,"Data Secure Unprivileged",0,"1 byte",0,"OKAY",0,c08d1dae,"OKAY",00000000,4,2,0,1,0,0,0,0,2,0,1,0,2,1,0,2,1,0,c08d1dae,3,f,0,0,0,00000004,3,1,0,0,1,"No Read Addr Cmds","No Read Addr Cmds","No Write Addr Cmds","No Write Addr Cmds","No Write Responses","No Write Responses","_","_","_","_","_","_","_","_","No Write Data Beats","No Write Data Beats"
1459,1459,0,0,1,1,0,0,0,8e5ffe20afb76fe31ba56e5faf65c9d2,0,3b9a3d13b8d6963fae1d8dc05a6037b2,0,1,0,1,ff81e4df,ffffffdb,0,1,0,0,0,00000000,"FIXED",3,00,"Data Secure Unprivileged","1 byte",0,0,00000000,"INCR",3,00,"Data Secure Unprivileged","4 bytes",0,0,ff8127fb,"OKAY",00000000,0,2,1,0,0,0,0,0,0,0,2,0,1,4,0,0,1,0,0037e400,"INCR",3,ff,0,"Data Secure Unprivileged",0,"4 bytes",0,00000000,"FIXED",0,00,0,"Data Secure Unprivileged",0,"1 byte",0,"OKAY",0,c08d1dae,"OKAY",00000000,4,2,0,1,0,0,0,0,2,0,1,0,2,1,0,2,1,0,c08d1dae,3,f,0,0,0,00000004,3,1,0,0,1,"No Read Addr Cmds","No Read Addr Cmds","No Write Addr Cmds","No Write Addr Cmds","No Write Responses","No Write Responses","_","_","_","_","_","_","_","_","No Write Data Beats","No Write Data Beats"
1460,1460,0,0,1,1,0,0,0,8e5ffe20afb76fe31ba56e5faf65c9d2,0,3b9a3d13b8d6963fae1d8dc05a6037b2,0,1,0,1,ff81e4df,ffffffdb,0,1,0,0,0,00000000,"FIXED",3,00,"Data Secure Unprivileged","1 byte",0,0,00000000,"INCR",3,00,"Data Secure Unprivileged","4 bytes",0,0,ff8127fb,"OKAY",00000000,0,2,1,0,0,0,0,0,0,0,2,0,1,4,0,0,1,0,0037e400,"INCR",3,ff,0,"Data Secure Unprivileged",0,"4 bytes",0,00000000,"FIXED",0,00,0,"Data Secure Unprivileged",0,"1 byte",0,"OKAY",0,c08d1dae,"OKAY",00000000,4,2,0,1,0,0,0,0,2,0,1,0,2,1,0,2,1,0,c08d1dae,3,f,0,0,0,00000004,3,1,0,0,1,"No Read Addr Cmds","No Read Addr Cmds","No Write Addr Cmds","No Write Addr Cmds","No Write Responses","No Write Responses","_","_","_","_","_","_","_","_","No Write Data Beats","No Write Data Beats"
1461,1461,0,0,1,1,0,0,0,8e5ffe20afb76fe31ba56e5faf65c9d2,0,3b9a3d13b8d6963fae1d8dc05a6037b2,0,1,0,1,ff81e4df,ffffffdb,0,1,0,0,0,00000000,"FIXED",3,00,"Data Secure Unprivileged","1 byte",0,0,00000000,"INCR",3,00,"Data Secure Unprivileged","4 bytes",0,0,ff8127fb,"OKAY",00000000,0,2,1,0,0,0,0,0,0,0,2,0,1,4,0,0,1,0,0037e400,"INCR",3,ff,0,"Data Secure Unprivileged",0,"4 bytes",0,00000000,"FIXED",0,00,0,"Data Secure Unprivileged",0,"1 byte",0,"OKAY",0,c08d1dae,"OKAY",00000000,4,2,0,1,0,0,0,0,2,0,1,0,2,1,0,2,1,0,c08d1dae,3,f,0,0,0,00000004,3,1,0,0,1,"No Read Addr Cmds","No Read Addr Cmds","No Write Addr Cmds","No Write Addr Cmds","No Write Responses","No Write Responses","_","_","_","_","_","_","_","_","No Write Data Beats","No Write Data Beats"
1462,1462,0,0,1,1,0,0,0,8e5ffe20afb76fe31ba56e5faf65c9d2,0,3b9a3d13b8d6963fae1d8dc05a6037b2,0,1,0,1,ff81e4df,ffffffdb,0,1,0,0,0,00000000,"FIXED",3,00,"Data Secure Unprivileged","1 byte",0,0,00000000,"INCR",3,00,"Data Secure Unprivileged","4 bytes",0,0,ff8127fb,"OKAY",00000000,0,2,1,0,0,0,0,0,0,0,2,0,1,4,0,0,1,0,0037e400,"INCR",3,ff,0,"Data Secure Unprivileged",0,"4 bytes",0,00000000,"FIXED",0,00,0,"Data Secure Unprivileged",0,"1 byte",0,"OKAY",0,c08d1dae,"OKAY",00000000,4,2,0,1,0,0,0,0,2,0,1,0,2,1,0,2,1,0,c08d1dae,3,f,0,0,0,00000004,3,1,0,0,1,"No Read Addr Cmds","No Read Addr Cmds","No Write Addr Cmds","No Write Addr Cmds","No Write Responses","No Write Responses","_","_","_","_","_","_","_","_","No Write Data Beats","No Write Data Beats"
1463,1463,0,0,1,1,0,0,0,8e5ffe20afb76fe31ba56e5faf65c9d2,0,3b9a3d13b8d6963fae1d8dc05a6037b2,0,1,0,1,ff81e4df,ffffffdb,0,1,0,0,0,00000000,"FIXED",3,00,"Data Secure Unprivileged","1 byte",0,0,00000000,"INCR",3,00,"Data Secure Unprivileged","4 bytes",0,0,ff8127fb,"OKAY",00000000,0,2,1,0,0,0,0,0,0,0,2,0,1,4,0,0,1,0,0037e400,"INCR",3,ff,0,"Data Secure Unprivileged",0,"4 bytes",0,00000000,"FIXED",0,00,0,"Data Secure Unprivileged",0,"1 byte",0,"OKAY",0,c08d1dae,"OKAY",00000000,4,2,0,1,0,0,0,0,2,0,1,0,2,1,0,2,1,0,c08d1dae,3,f,0,0,0,00000004,3,1,0,0,1,"No Read Addr Cmds","No Read Addr Cmds","No Write Addr Cmds","No Write Addr Cmds","No Write Responses","No Write Responses","_","_","_","_","_","_","_","_","No Write Data Beats","No Write Data Beats"
1464,1464,0,0,1,1,0,0,0,8e5ffe20afb76fe31ba56e5faf65c9d2,0,3b9a3d13b8d6963fae1d8dc05a6037b2,0,1,0,1,ff81e4df,ffffffdb,0,1,0,0,0,00000000,"FIXED",3,00,"Data Secure Unprivileged","1 byte",0,0,00000000,"INCR",3,00,"Data Secure Unprivileged","4 bytes",0,0,ff8127fb,"OKAY",00000000,0,2,1,0,0,0,0,0,0,0,2,0,1,4,0,0,1,0,0037e400,"INCR",3,ff,0,"Data Secure Unprivileged",0,"4 bytes",0,00000000,"FIXED",0,00,0,"Data Secure Unprivileged",0,"1 byte",0,"OKAY",0,c08d1dae,"OKAY",00000000,4,2,0,1,0,0,0,0,2,0,1,0,2,1,0,2,1,0,c08d1dae,3,f,0,0,0,00000004,3,1,0,0,1,"No Read Addr Cmds","No Read Addr Cmds","No Write Addr Cmds","No Write Addr Cmds","No Write Responses","No Write Responses","_","_","_","_","_","_","_","_","No Write Data Beats","No Write Data Beats"
1465,1465,0,0,1,1,0,0,0,8e5ffe20afb76fe31ba56e5faf65c9d2,0,3b9a3d13b8d6963fae1d8dc05a6037b2,0,1,0,1,ff81e4df,ffffffdb,0,1,0,0,0,00000000,"FIXED",3,00,"Data Secure Unprivileged","1 byte",0,0,00000000,"INCR",3,00,"Data Secure Unprivileged","4 bytes",0,0,ff8127fb,"OKAY",00000000,0,2,1,0,0,0,0,0,0,0,2,0,1,4,0,0,1,0,0037e400,"INCR",3,ff,0,"Data Secure Unprivileged",0,"4 bytes",0,00000000,"FIXED",0,00,0,"Data Secure Unprivileged",0,"1 byte",0,"OKAY",0,c08d1dae,"OKAY",00000000,4,2,0,1,0,0,0,0,2,0,1,0,2,1,0,2,1,0,c08d1dae,3,f,0,0,0,00000004,3,1,0,0,1,"No Read Addr Cmds","No Read Addr Cmds","No Write Addr Cmds","No Write Addr Cmds","No Write Responses","No Write Responses","_","_","_","_","_","_","_","_","No Write Data Beats","No Write Data Beats"
1466,1466,0,0,1,1,0,0,0,8e5ffe20afb76fe31ba56e5faf65c9d2,0,3b9a3d13b8d6963fae1d8dc05a6037b2,0,1,0,1,ff81e4df,ffffffdb,0,1,0,0,0,00000000,"FIXED",3,00,"Data Secure Unprivileged","1 byte",0,0,00000000,"INCR",3,00,"Data Secure Unprivileged","4 bytes",0,0,ff8127fb,"OKAY",00000000,0,2,1,0,0,0,0,0,0,0,2,0,1,4,0,0,1,0,0037e400,"INCR",3,ff,0,"Data Secure Unprivileged",0,"4 bytes",0,00000000,"FIXED",0,00,0,"Data Secure Unprivileged",0,"1 byte",0,"OKAY",0,c08d1dae,"OKAY",00000000,4,2,0,1,0,0,0,0,2,0,1,0,2,1,0,2,1,0,c08d1dae,3,f,0,0,0,00000004,3,1,0,0,1,"No Read Addr Cmds","No Read Addr Cmds","No Write Addr Cmds","No Write Addr Cmds","No Write Responses","No Write Responses","_","_","_","_","_","_","_","_","No Write Data Beats","No Write Data Beats"
1467,1467,0,0,1,1,0,0,0,8e5ffe20afb76fe31ba56e5faf65c9d2,0,3b9a3d13b8d6963fae1d8dc05a6037b2,0,1,0,1,ff81e4df,ffffffdb,0,1,0,0,0,00000000,"FIXED",3,00,"Data Secure Unprivileged","1 byte",0,0,00000000,"INCR",3,00,"Data Secure Unprivileged","4 bytes",0,0,ff8127fb,"OKAY",00000000,0,2,1,0,0,0,0,0,0,0,2,0,1,4,0,0,1,0,0037e400,"INCR",3,ff,0,"Data Secure Unprivileged",0,"4 bytes",0,00000000,"FIXED",0,00,0,"Data Secure Unprivileged",0,"1 byte",0,"OKAY",0,c08d1dae,"OKAY",00000000,4,2,0,1,0,0,0,0,2,0,1,0,2,1,0,2,1,0,c08d1dae,3,f,0,0,0,00000004,3,1,0,0,1,"No Read Addr Cmds","No Read Addr Cmds","No Write Addr Cmds","No Write Addr Cmds","No Write Responses","No Write Responses","_","_","_","_","_","_","_","_","No Write Data Beats","No Write Data Beats"
1468,1468,0,0,1,1,0,0,0,8e5ffe20afb76fe31ba56e5faf65c9d2,0,3b9a3d13b8d6963fae1d8dc05a6037b2,0,1,0,1,ff81e4df,ffffffdb,0,1,0,0,0,00000000,"FIXED",3,00,"Data Secure Unprivileged","1 byte",0,0,00000000,"INCR",3,00,"Data Secure Unprivileged","4 bytes",0,0,ff8127fb,"OKAY",00000000,0,2,1,0,0,0,0,0,0,0,2,0,1,4,0,0,1,0,0037e400,"INCR",3,ff,0,"Data Secure Unprivileged",0,"4 bytes",0,00000000,"FIXED",0,00,0,"Data Secure Unprivileged",0,"1 byte",0,"OKAY",0,c08d1dae,"OKAY",00000000,4,2,0,1,0,0,0,0,2,0,1,0,2,1,0,2,1,0,c08d1dae,3,f,0,0,0,00000004,3,1,0,0,1,"No Read Addr Cmds","No Read Addr Cmds","No Write Addr Cmds","No Write Addr Cmds","No Write Responses","No Write Responses","_","_","_","_","_","_","_","_","No Write Data Beats","No Write Data Beats"
1469,1469,0,0,1,1,0,0,0,8e5ffe20afb76fe31ba56e5faf65c9d2,0,3b9a3d13b8d6963fae1d8dc05a6037b2,0,1,0,1,ff81e4df,ffffffdb,0,1,0,0,0,00000000,"FIXED",3,00,"Data Secure Unprivileged","1 byte",0,0,00000000,"INCR",3,00,"Data Secure Unprivileged","4 bytes",0,0,ff8127fb,"OKAY",00000000,0,2,1,0,0,0,0,0,0,0,2,0,1,4,0,0,1,0,0037e400,"INCR",3,ff,0,"Data Secure Unprivileged",0,"4 bytes",0,00000000,"FIXED",0,00,0,"Data Secure Unprivileged",0,"1 byte",0,"OKAY",0,c08d1dae,"OKAY",00000000,4,2,0,1,0,0,0,0,2,0,1,0,2,1,0,2,1,0,c08d1dae,3,f,0,0,0,00000004,3,1,0,0,1,"No Read Addr Cmds","No Read Addr Cmds","No Write Addr Cmds","No Write Addr Cmds","No Write Responses","No Write Responses","_","_","_","_","_","_","_","_","No Write Data Beats","No Write Data Beats"
1470,1470,0,0,1,1,0,0,0,8e5ffe20afb76fe31ba56e5faf65c9d2,0,3b9a3d13b8d6963fae1d8dc05a6037b2,0,1,0,1,ff81e4df,ffffffdb,0,1,0,0,0,00000000,"FIXED",3,00,"Data Secure Unprivileged","1 byte",0,0,00000000,"INCR",3,00,"Data Secure Unprivileged","4 bytes",0,0,ff8127fb,"OKAY",00000000,0,2,1,0,0,0,0,0,0,0,2,0,1,4,0,0,1,0,0037e400,"INCR",3,ff,0,"Data Secure Unprivileged",0,"4 bytes",0,00000000,"FIXED",0,00,0,"Data Secure Unprivileged",0,"1 byte",0,"OKAY",0,c08d1dae,"OKAY",00000000,4,2,0,1,0,0,0,0,2,0,1,0,2,1,0,2,1,0,c08d1dae,3,f,0,0,0,00000004,3,1,0,0,1,"No Read Addr Cmds","No Read Addr Cmds","No Write Addr Cmds","No Write Addr Cmds","No Write Responses","No Write Responses","_","_","_","_","_","_","_","_","No Write Data Beats","No Write Data Beats"
1471,1471,0,0,1,1,0,0,0,8e5ffe20afb76fe31ba56e5faf65c9d2,0,3b9a3d13b8d6963fae1d8dc05a6037b2,0,1,0,1,ff81e4df,ffffffdb,0,1,0,0,0,00000000,"FIXED",3,00,"Data Secure Unprivileged","1 byte",0,0,00000000,"INCR",3,00,"Data Secure Unprivileged","4 bytes",0,0,ff8127fb,"OKAY",00000000,0,2,1,0,0,0,0,0,0,0,2,0,1,4,0,0,1,0,0037e400,"INCR",3,ff,0,"Data Secure Unprivileged",0,"4 bytes",0,00000000,"FIXED",0,00,0,"Data Secure Unprivileged",0,"1 byte",0,"OKAY",0,c08d1dae,"OKAY",00000000,4,2,0,1,0,0,0,0,2,0,1,0,2,1,0,2,1,0,c08d1dae,3,f,0,0,0,00000004,3,1,0,0,1,"No Read Addr Cmds","No Read Addr Cmds","No Write Addr Cmds","No Write Addr Cmds","No Write Responses","No Write Responses","_","_","_","_","_","_","_","_","No Write Data Beats","No Write Data Beats"
1472,1472,0,0,1,1,0,0,0,8e5ffe20afb76fe31ba56e5faf65c9d2,0,3b9a3d13b8d6963fae1d8dc05a6037b2,0,1,0,1,ff81e4df,ffffffdb,0,1,0,0,0,00000000,"FIXED",3,00,"Data Secure Unprivileged","1 byte",0,0,00000000,"INCR",3,00,"Data Secure Unprivileged","4 bytes",0,0,ff8127fb,"OKAY",00000000,0,2,1,0,0,0,0,0,0,0,2,0,1,4,0,0,1,0,0037e400,"INCR",3,ff,0,"Data Secure Unprivileged",0,"4 bytes",0,00000000,"FIXED",0,00,0,"Data Secure Unprivileged",0,"1 byte",0,"OKAY",0,c08d1dae,"OKAY",00000000,4,2,0,1,0,0,0,0,2,0,1,0,2,1,0,2,1,0,c08d1dae,3,f,0,0,0,00000004,3,1,0,0,1,"No Read Addr Cmds","No Read Addr Cmds","No Write Addr Cmds","No Write Addr Cmds","No Write Responses","No Write Responses","_","_","_","_","_","_","_","_","No Write Data Beats","No Write Data Beats"
1473,1473,0,0,1,1,0,0,0,8e5ffe20afb76fe31ba56e5faf65c9d2,0,3b9a3d13b8d6963fae1d8dc05a6037b2,0,1,0,1,ff81e4df,ffffffdb,0,1,0,0,0,00000000,"FIXED",3,00,"Data Secure Unprivileged","1 byte",0,0,00000000,"INCR",3,00,"Data Secure Unprivileged","4 bytes",0,0,ff8127fb,"OKAY",00000000,0,2,1,0,0,0,0,0,0,0,2,0,1,4,0,0,1,0,0037e400,"INCR",3,ff,0,"Data Secure Unprivileged",0,"4 bytes",0,00000000,"FIXED",0,00,0,"Data Secure Unprivileged",0,"1 byte",0,"OKAY",0,c08d1dae,"OKAY",00000000,4,2,0,1,0,0,0,0,2,0,1,0,2,1,0,2,1,0,c08d1dae,3,f,0,0,0,00000004,3,1,0,0,1,"No Read Addr Cmds","No Read Addr Cmds","No Write Addr Cmds","No Write Addr Cmds","No Write Responses","No Write Responses","_","_","_","_","_","_","_","_","No Write Data Beats","No Write Data Beats"
1474,1474,0,0,1,1,0,0,0,8e5ffe20afb76fe31ba56e5faf65c9d2,0,3b9a3d13b8d6963fae1d8dc05a6037b2,0,1,0,1,ff81e4df,ffffffdb,0,1,0,0,0,00000000,"FIXED",3,00,"Data Secure Unprivileged","1 byte",0,0,00000000,"INCR",3,00,"Data Secure Unprivileged","4 bytes",0,0,ff8127fb,"OKAY",00000000,0,2,1,0,0,0,0,0,0,0,2,0,1,4,0,0,1,0,0037e400,"INCR",3,ff,0,"Data Secure Unprivileged",0,"4 bytes",0,00000000,"FIXED",0,00,0,"Data Secure Unprivileged",0,"1 byte",0,"OKAY",0,c08d1dae,"OKAY",00000000,4,2,0,1,0,0,0,0,2,0,1,0,2,1,0,2,1,0,c08d1dae,3,f,0,0,0,00000004,3,1,0,0,1,"No Read Addr Cmds","No Read Addr Cmds","No Write Addr Cmds","No Write Addr Cmds","No Write Responses","No Write Responses","_","_","_","_","_","_","_","_","No Write Data Beats","No Write Data Beats"
1475,1475,0,0,1,1,0,0,0,8e5ffe20afb76fe31ba56e5faf65c9d2,0,3b9a3d13b8d6963fae1d8dc05a6037b2,0,1,0,1,ff81e4df,ffffffdb,0,1,0,0,0,00000000,"FIXED",3,00,"Data Secure Unprivileged","1 byte",0,0,00000000,"INCR",3,00,"Data Secure Unprivileged","4 bytes",0,0,ff8127fb,"OKAY",00000000,0,2,1,0,0,0,0,0,0,0,2,0,1,4,0,0,1,0,0037e400,"INCR",3,ff,0,"Data Secure Unprivileged",0,"4 bytes",0,00000000,"FIXED",0,00,0,"Data Secure Unprivileged",0,"1 byte",0,"OKAY",0,c08d1dae,"OKAY",00000000,4,2,0,1,0,0,0,0,2,0,1,0,2,1,0,2,1,0,c08d1dae,3,f,0,0,0,00000004,3,1,0,0,1,"No Read Addr Cmds","No Read Addr Cmds","No Write Addr Cmds","No Write Addr Cmds","No Write Responses","No Write Responses","_","_","_","_","_","_","_","_","No Write Data Beats","No Write Data Beats"
1476,1476,0,0,1,1,0,0,0,8e5ffe20afb76fe31ba56e5faf65c9d2,0,3b9a3d13b8d6963fae1d8dc05a6037b2,0,1,0,1,ff81e4df,ffffffdb,0,1,0,0,0,00000000,"FIXED",3,00,"Data Secure Unprivileged","1 byte",0,0,00000000,"INCR",3,00,"Data Secure Unprivileged","4 bytes",0,0,ff8127fb,"OKAY",00000000,0,2,1,0,0,0,0,0,0,0,2,0,1,4,0,0,1,0,0037e400,"INCR",3,ff,0,"Data Secure Unprivileged",0,"4 bytes",0,00000000,"FIXED",0,00,0,"Data Secure Unprivileged",0,"1 byte",0,"OKAY",0,c08d1dae,"OKAY",00000000,4,2,0,1,0,0,0,0,2,0,1,0,2,1,0,2,1,0,c08d1dae,3,f,0,0,0,00000004,3,1,0,0,1,"No Read Addr Cmds","No Read Addr Cmds","No Write Addr Cmds","No Write Addr Cmds","No Write Responses","No Write Responses","_","_","_","_","_","_","_","_","No Write Data Beats","No Write Data Beats"
1477,1477,0,0,1,1,0,0,0,8e5ffe20afb76fe31ba56e5faf65c9d2,0,3b9a3d13b8d6963fae1d8dc05a6037b2,0,1,0,1,ff81e4df,ffffffdb,0,1,0,0,0,00000000,"FIXED",3,00,"Data Secure Unprivileged","1 byte",0,0,00000000,"INCR",3,00,"Data Secure Unprivileged","4 bytes",0,0,ff8127fb,"OKAY",00000000,0,2,1,0,0,0,0,0,0,0,2,0,1,4,0,0,1,0,0037e400,"INCR",3,ff,0,"Data Secure Unprivileged",0,"4 bytes",0,00000000,"FIXED",0,00,0,"Data Secure Unprivileged",0,"1 byte",0,"OKAY",0,c08d1dae,"OKAY",00000000,4,2,0,1,0,0,0,0,2,0,1,0,2,1,0,2,1,0,c08d1dae,3,f,0,0,0,00000004,3,1,0,0,1,"No Read Addr Cmds","No Read Addr Cmds","No Write Addr Cmds","No Write Addr Cmds","No Write Responses","No Write Responses","_","_","_","_","_","_","_","_","No Write Data Beats","No Write Data Beats"
1478,1478,0,0,1,1,0,0,0,8e5ffe20afb76fe31ba56e5faf65c9d2,0,3b9a3d13b8d6963fae1d8dc05a6037b2,0,1,0,1,ff81e4df,ffffffdb,0,1,0,0,0,00000000,"FIXED",3,00,"Data Secure Unprivileged","1 byte",0,0,00000000,"INCR",3,00,"Data Secure Unprivileged","4 bytes",0,0,ff8127fb,"OKAY",00000000,0,2,1,0,0,0,0,0,0,0,2,0,1,4,0,0,1,0,0037e400,"INCR",3,ff,0,"Data Secure Unprivileged",0,"4 bytes",0,00000000,"FIXED",0,00,0,"Data Secure Unprivileged",0,"1 byte",0,"OKAY",0,c08d1dae,"OKAY",00000000,4,2,0,1,0,0,0,0,2,0,1,0,2,1,0,2,1,0,c08d1dae,3,f,0,0,0,00000004,3,1,0,0,1,"No Read Addr Cmds","No Read Addr Cmds","No Write Addr Cmds","No Write Addr Cmds","No Write Responses","No Write Responses","_","_","_","_","_","_","_","_","No Write Data Beats","No Write Data Beats"
1479,1479,0,0,1,1,0,0,0,8e5ffe20afb76fe31ba56e5faf65c9d2,0,3b9a3d13b8d6963fae1d8dc05a6037b2,0,1,0,1,ff81e4df,ffffffdb,0,1,0,0,0,00000000,"FIXED",3,00,"Data Secure Unprivileged","1 byte",0,0,00000000,"INCR",3,00,"Data Secure Unprivileged","4 bytes",0,0,ff8127fb,"OKAY",00000000,0,2,1,0,0,0,0,0,0,0,2,0,1,4,0,0,1,0,0037e400,"INCR",3,ff,0,"Data Secure Unprivileged",0,"4 bytes",0,00000000,"FIXED",0,00,0,"Data Secure Unprivileged",0,"1 byte",0,"OKAY",0,c08d1dae,"OKAY",00000000,4,2,0,1,0,0,0,0,2,0,1,0,2,1,0,2,1,0,c08d1dae,3,f,0,0,0,00000004,3,1,0,0,1,"No Read Addr Cmds","No Read Addr Cmds","No Write Addr Cmds","No Write Addr Cmds","No Write Responses","No Write Responses","_","_","_","_","_","_","_","_","No Write Data Beats","No Write Data Beats"
1480,1480,0,0,1,1,0,0,0,8e5ffe20afb76fe31ba56e5faf65c9d2,0,3b9a3d13b8d6963fae1d8dc05a6037b2,0,1,0,1,ff81e4df,ffffffdb,0,1,0,0,0,00000000,"FIXED",3,00,"Data Secure Unprivileged","1 byte",0,0,00000000,"INCR",3,00,"Data Secure Unprivileged","4 bytes",0,0,ff8127fb,"OKAY",00000000,0,2,1,0,0,0,0,0,0,0,2,0,1,4,0,0,1,0,0037e400,"INCR",3,ff,0,"Data Secure Unprivileged",0,"4 bytes",0,00000000,"FIXED",0,00,0,"Data Secure Unprivileged",0,"1 byte",0,"OKAY",0,c08d1dae,"OKAY",00000000,4,2,0,1,0,0,0,0,2,0,1,0,2,1,0,2,1,0,c08d1dae,3,f,0,0,0,00000004,3,1,0,0,1,"No Read Addr Cmds","No Read Addr Cmds","No Write Addr Cmds","No Write Addr Cmds","No Write Responses","No Write Responses","_","_","_","_","_","_","_","_","No Write Data Beats","No Write Data Beats"
1481,1481,0,0,1,1,0,0,0,8e5ffe20afb76fe31ba56e5faf65c9d2,0,3b9a3d13b8d6963fae1d8dc05a6037b2,0,1,0,1,ff81e4df,ffffffdb,0,1,0,0,0,00000000,"FIXED",3,00,"Data Secure Unprivileged","1 byte",0,0,00000000,"INCR",3,00,"Data Secure Unprivileged","4 bytes",0,0,ff8127fb,"OKAY",00000000,0,2,1,0,0,0,0,0,0,0,2,0,1,4,0,0,1,0,0037e400,"INCR",3,ff,0,"Data Secure Unprivileged",0,"4 bytes",0,00000000,"FIXED",0,00,0,"Data Secure Unprivileged",0,"1 byte",0,"OKAY",0,c08d1dae,"OKAY",00000000,4,2,0,1,0,0,0,0,2,0,1,0,2,1,0,2,1,0,c08d1dae,3,f,0,0,0,00000004,3,1,0,0,1,"No Read Addr Cmds","No Read Addr Cmds","No Write Addr Cmds","No Write Addr Cmds","No Write Responses","No Write Responses","_","_","_","_","_","_","_","_","No Write Data Beats","No Write Data Beats"
1482,1482,0,0,1,1,0,0,0,8e5ffe20afb76fe31ba56e5faf65c9d2,0,3b9a3d13b8d6963fae1d8dc05a6037b2,0,1,0,1,ff81e4df,ffffffdb,0,1,0,0,0,00000000,"FIXED",3,00,"Data Secure Unprivileged","1 byte",0,0,00000000,"INCR",3,00,"Data Secure Unprivileged","4 bytes",0,0,ff8127fb,"OKAY",00000000,0,2,1,0,0,0,0,0,0,0,2,0,1,4,0,0,1,0,0037e400,"INCR",3,ff,0,"Data Secure Unprivileged",0,"4 bytes",0,00000000,"FIXED",0,00,0,"Data Secure Unprivileged",0,"1 byte",0,"OKAY",0,c08d1dae,"OKAY",00000000,4,2,0,1,0,0,0,0,2,0,1,0,2,1,0,2,1,0,c08d1dae,3,f,0,0,0,00000004,3,1,0,0,1,"No Read Addr Cmds","No Read Addr Cmds","No Write Addr Cmds","No Write Addr Cmds","No Write Responses","No Write Responses","_","_","_","_","_","_","_","_","No Write Data Beats","No Write Data Beats"
1483,1483,0,0,1,1,0,0,0,8e5ffe20afb76fe31ba56e5faf65c9d2,0,3b9a3d13b8d6963fae1d8dc05a6037b2,0,1,0,1,ff81e4df,ffffffdb,0,1,0,0,0,00000000,"FIXED",3,00,"Data Secure Unprivileged","1 byte",0,0,00000000,"INCR",3,00,"Data Secure Unprivileged","4 bytes",0,0,ff8127fb,"OKAY",00000000,0,2,1,0,0,0,0,0,0,0,2,0,1,4,0,0,1,0,0037e400,"INCR",3,ff,0,"Data Secure Unprivileged",0,"4 bytes",0,00000000,"FIXED",0,00,0,"Data Secure Unprivileged",0,"1 byte",0,"OKAY",0,c08d1dae,"OKAY",00000000,4,2,0,1,0,0,0,0,2,0,1,0,2,1,0,2,1,0,c08d1dae,3,f,0,0,0,00000004,3,1,0,0,1,"No Read Addr Cmds","No Read Addr Cmds","No Write Addr Cmds","No Write Addr Cmds","No Write Responses","No Write Responses","_","_","_","_","_","_","_","_","No Write Data Beats","No Write Data Beats"
1484,1484,0,0,1,1,0,0,0,8e5ffe20afb76fe31ba56e5faf65c9d2,0,3b9a3d13b8d6963fae1d8dc05a6037b2,0,1,0,1,ff81e4df,ffffffdb,0,1,0,0,0,00000000,"FIXED",3,00,"Data Secure Unprivileged","1 byte",0,0,00000000,"INCR",3,00,"Data Secure Unprivileged","4 bytes",0,0,ff8127fb,"OKAY",00000000,0,2,1,0,0,0,0,0,0,0,2,0,1,4,0,0,1,0,0037e400,"INCR",3,ff,0,"Data Secure Unprivileged",0,"4 bytes",0,00000000,"FIXED",0,00,0,"Data Secure Unprivileged",0,"1 byte",0,"OKAY",0,c08d1dae,"OKAY",00000000,4,2,0,1,0,0,0,0,2,0,1,0,2,1,0,2,1,0,c08d1dae,3,f,0,0,0,00000004,3,1,0,0,1,"No Read Addr Cmds","No Read Addr Cmds","No Write Addr Cmds","No Write Addr Cmds","No Write Responses","No Write Responses","_","_","_","_","_","_","_","_","No Write Data Beats","No Write Data Beats"
1485,1485,0,0,1,1,0,0,0,8e5ffe20afb76fe31ba56e5faf65c9d2,0,3b9a3d13b8d6963fae1d8dc05a6037b2,0,1,0,1,ff81e4df,ffffffdb,0,1,0,0,0,00000000,"FIXED",3,00,"Data Secure Unprivileged","1 byte",0,0,00000000,"INCR",3,00,"Data Secure Unprivileged","4 bytes",0,0,ff8127fb,"OKAY",00000000,0,2,1,0,0,0,0,0,0,0,2,0,1,4,0,0,1,0,0037e400,"INCR",3,ff,0,"Data Secure Unprivileged",0,"4 bytes",0,00000000,"FIXED",0,00,0,"Data Secure Unprivileged",0,"1 byte",0,"OKAY",0,c08d1dae,"OKAY",00000000,4,2,0,1,0,0,0,0,2,0,1,0,2,1,0,2,1,0,c08d1dae,3,f,0,0,0,00000004,3,1,0,0,1,"No Read Addr Cmds","No Read Addr Cmds","No Write Addr Cmds","No Write Addr Cmds","No Write Responses","No Write Responses","_","_","_","_","_","_","_","_","No Write Data Beats","No Write Data Beats"
1486,1486,0,0,1,1,0,0,0,8e5ffe20afb76fe31ba56e5faf65c9d2,0,3b9a3d13b8d6963fae1d8dc05a6037b2,0,1,0,1,ff81e4df,ffffffdb,0,1,0,0,0,00000000,"FIXED",3,00,"Data Secure Unprivileged","1 byte",0,0,00000000,"INCR",3,00,"Data Secure Unprivileged","4 bytes",0,0,ff8127fb,"OKAY",00000000,0,2,1,0,0,0,0,0,0,0,2,0,1,4,0,0,1,0,0037e400,"INCR",3,ff,0,"Data Secure Unprivileged",0,"4 bytes",0,00000000,"FIXED",0,00,0,"Data Secure Unprivileged",0,"1 byte",0,"OKAY",0,c08d1dae,"OKAY",00000000,4,2,0,1,0,0,0,0,2,0,1,0,2,1,0,2,1,0,c08d1dae,3,f,0,0,0,00000004,3,1,0,0,1,"No Read Addr Cmds","No Read Addr Cmds","No Write Addr Cmds","No Write Addr Cmds","No Write Responses","No Write Responses","_","_","_","_","_","_","_","_","No Write Data Beats","No Write Data Beats"
1487,1487,0,0,1,1,0,0,0,8e5ffe20afb76fe31ba56e5faf65c9d2,0,3b9a3d13b8d6963fae1d8dc05a6037b2,0,1,0,1,ff81e4df,ffffffdb,0,1,0,0,0,00000000,"FIXED",3,00,"Data Secure Unprivileged","1 byte",0,0,00000000,"INCR",3,00,"Data Secure Unprivileged","4 bytes",0,0,ff8127fb,"OKAY",00000000,0,2,1,0,0,0,0,0,0,0,2,0,1,4,0,0,1,0,0037e400,"INCR",3,ff,0,"Data Secure Unprivileged",0,"4 bytes",0,00000000,"FIXED",0,00,0,"Data Secure Unprivileged",0,"1 byte",0,"OKAY",0,c08d1dae,"OKAY",00000000,4,2,0,1,0,0,0,0,2,0,1,0,2,1,0,2,1,0,c08d1dae,3,f,0,0,0,00000004,3,1,0,0,1,"No Read Addr Cmds","No Read Addr Cmds","No Write Addr Cmds","No Write Addr Cmds","No Write Responses","No Write Responses","_","_","_","_","_","_","_","_","No Write Data Beats","No Write Data Beats"
1488,1488,0,0,1,1,0,0,0,8e5ffe20afb76fe31ba56e5faf65c9d2,0,3b9a3d13b8d6963fae1d8dc05a6037b2,0,1,0,1,ff81e4df,ffffffdb,0,1,0,0,0,00000000,"FIXED",3,00,"Data Secure Unprivileged","1 byte",0,0,00000000,"INCR",3,00,"Data Secure Unprivileged","4 bytes",0,0,ff8127fb,"OKAY",00000000,0,2,1,0,0,0,0,0,0,0,2,0,1,4,0,0,1,0,0037e400,"INCR",3,ff,0,"Data Secure Unprivileged",0,"4 bytes",0,00000000,"FIXED",0,00,0,"Data Secure Unprivileged",0,"1 byte",0,"OKAY",0,c08d1dae,"OKAY",00000000,4,2,0,1,0,0,0,0,2,0,1,0,2,1,0,2,1,0,c08d1dae,3,f,0,0,0,00000004,3,1,0,0,1,"No Read Addr Cmds","No Read Addr Cmds","No Write Addr Cmds","No Write Addr Cmds","No Write Responses","No Write Responses","_","_","_","_","_","_","_","_","No Write Data Beats","No Write Data Beats"
1489,1489,0,0,1,1,0,0,0,8e5ffe20afb76fe31ba56e5faf65c9d2,0,3b9a3d13b8d6963fae1d8dc05a6037b2,0,1,0,1,ff81e4df,ffffffdb,0,1,0,0,0,00000000,"FIXED",3,00,"Data Secure Unprivileged","1 byte",0,0,00000000,"INCR",3,00,"Data Secure Unprivileged","4 bytes",0,0,ff8127fb,"OKAY",00000000,0,2,1,0,0,0,0,0,0,0,2,0,1,4,0,0,1,0,0037e400,"INCR",3,ff,0,"Data Secure Unprivileged",0,"4 bytes",0,00000000,"FIXED",0,00,0,"Data Secure Unprivileged",0,"1 byte",0,"OKAY",0,c08d1dae,"OKAY",00000000,4,2,0,1,0,0,0,0,2,0,1,0,2,1,0,2,1,0,c08d1dae,3,f,0,0,0,00000004,3,1,0,0,1,"No Read Addr Cmds","No Read Addr Cmds","No Write Addr Cmds","No Write Addr Cmds","No Write Responses","No Write Responses","_","_","_","_","_","_","_","_","No Write Data Beats","No Write Data Beats"
1490,1490,0,0,1,1,0,0,0,8e5ffe20afb76fe31ba56e5faf65c9d2,0,3b9a3d13b8d6963fae1d8dc05a6037b2,0,1,0,1,ff81e4df,ffffffdb,0,1,0,0,0,00000000,"FIXED",3,00,"Data Secure Unprivileged","1 byte",0,0,00000000,"INCR",3,00,"Data Secure Unprivileged","4 bytes",0,0,ff8127fb,"OKAY",00000000,0,2,1,0,0,0,0,0,0,0,2,0,1,4,0,0,1,0,0037e400,"INCR",3,ff,0,"Data Secure Unprivileged",0,"4 bytes",0,00000000,"FIXED",0,00,0,"Data Secure Unprivileged",0,"1 byte",0,"OKAY",0,c08d1dae,"OKAY",00000000,4,2,0,1,0,0,0,0,2,0,1,0,2,1,0,2,1,0,c08d1dae,3,f,0,0,0,00000004,3,1,0,0,1,"No Read Addr Cmds","No Read Addr Cmds","No Write Addr Cmds","No Write Addr Cmds","No Write Responses","No Write Responses","_","_","_","_","_","_","_","_","No Write Data Beats","No Write Data Beats"
1491,1491,0,0,1,1,0,0,0,8e5ffe20afb76fe31ba56e5faf65c9d2,0,3b9a3d13b8d6963fae1d8dc05a6037b2,0,1,0,1,ff81e4df,ffffffdb,0,1,0,0,0,00000000,"FIXED",3,00,"Data Secure Unprivileged","1 byte",0,0,00000000,"INCR",3,00,"Data Secure Unprivileged","4 bytes",0,0,ff8127fb,"OKAY",00000000,0,2,1,0,0,0,0,0,0,0,2,0,1,4,0,0,1,0,0037e400,"INCR",3,ff,0,"Data Secure Unprivileged",0,"4 bytes",0,00000000,"FIXED",0,00,0,"Data Secure Unprivileged",0,"1 byte",0,"OKAY",0,c08d1dae,"OKAY",00000000,4,2,0,1,0,0,0,0,2,0,1,0,2,1,0,2,1,0,c08d1dae,3,f,0,0,0,00000004,3,1,0,0,1,"No Read Addr Cmds","No Read Addr Cmds","No Write Addr Cmds","No Write Addr Cmds","No Write Responses","No Write Responses","_","_","_","_","_","_","_","_","No Write Data Beats","No Write Data Beats"
1492,1492,0,0,1,1,0,0,0,8e5ffe20afb76fe31ba56e5faf65c9d2,0,3b9a3d13b8d6963fae1d8dc05a6037b2,0,1,0,1,ff81e4df,ffffffdb,0,1,0,0,0,00000000,"FIXED",3,00,"Data Secure Unprivileged","1 byte",0,0,00000000,"INCR",3,00,"Data Secure Unprivileged","4 bytes",0,0,ff8127fb,"OKAY",00000000,0,2,1,0,0,0,0,0,0,0,2,0,1,4,0,0,1,0,0037e400,"INCR",3,ff,0,"Data Secure Unprivileged",0,"4 bytes",0,00000000,"FIXED",0,00,0,"Data Secure Unprivileged",0,"1 byte",0,"OKAY",0,c08d1dae,"OKAY",00000000,4,2,0,1,0,0,0,0,2,0,1,0,2,1,0,2,1,0,c08d1dae,3,f,0,0,0,00000004,3,1,0,0,1,"No Read Addr Cmds","No Read Addr Cmds","No Write Addr Cmds","No Write Addr Cmds","No Write Responses","No Write Responses","_","_","_","_","_","_","_","_","No Write Data Beats","No Write Data Beats"
1493,1493,0,0,1,1,0,0,0,8e5ffe20afb76fe31ba56e5faf65c9d2,0,3b9a3d13b8d6963fae1d8dc05a6037b2,0,1,0,1,ff81e4df,ffffffdb,0,1,0,0,0,00000000,"FIXED",3,00,"Data Secure Unprivileged","1 byte",0,0,00000000,"INCR",3,00,"Data Secure Unprivileged","4 bytes",0,0,ff8127fb,"OKAY",00000000,0,2,1,0,0,0,0,0,0,0,2,0,1,4,0,0,1,0,0037e400,"INCR",3,ff,0,"Data Secure Unprivileged",0,"4 bytes",0,00000000,"FIXED",0,00,0,"Data Secure Unprivileged",0,"1 byte",0,"OKAY",0,c08d1dae,"OKAY",00000000,4,2,0,1,0,0,0,0,2,0,1,0,2,1,0,2,1,0,c08d1dae,3,f,0,0,0,00000004,3,1,0,0,1,"No Read Addr Cmds","No Read Addr Cmds","No Write Addr Cmds","No Write Addr Cmds","No Write Responses","No Write Responses","_","_","_","_","_","_","_","_","No Write Data Beats","No Write Data Beats"
1494,1494,0,0,1,1,0,0,0,8e5ffe20afb76fe31ba56e5faf65c9d2,0,3b9a3d13b8d6963fae1d8dc05a6037b2,0,1,0,1,ff81e4df,ffffffdb,0,1,0,0,0,00000000,"FIXED",3,00,"Data Secure Unprivileged","1 byte",0,0,00000000,"INCR",3,00,"Data Secure Unprivileged","4 bytes",0,0,ff8127fb,"OKAY",00000000,0,2,1,0,0,0,0,0,0,0,2,0,1,4,0,0,1,0,0037e400,"INCR",3,ff,0,"Data Secure Unprivileged",0,"4 bytes",0,00000000,"FIXED",0,00,0,"Data Secure Unprivileged",0,"1 byte",0,"OKAY",0,c08d1dae,"OKAY",00000000,4,2,0,1,0,0,0,0,2,0,1,0,2,1,0,2,1,0,c08d1dae,3,f,0,0,0,00000004,3,1,0,0,1,"No Read Addr Cmds","No Read Addr Cmds","No Write Addr Cmds","No Write Addr Cmds","No Write Responses","No Write Responses","_","_","_","_","_","_","_","_","No Write Data Beats","No Write Data Beats"
1495,1495,0,0,1,1,0,0,0,8e5ffe20afb76fe31ba56e5faf65c9d2,0,3b9a3d13b8d6963fae1d8dc05a6037b2,0,1,0,1,ff81e4df,ffffffdb,0,1,0,0,0,00000000,"FIXED",3,00,"Data Secure Unprivileged","1 byte",0,0,00000000,"INCR",3,00,"Data Secure Unprivileged","4 bytes",0,0,ff8127fb,"OKAY",00000000,0,2,1,0,0,0,0,0,0,0,2,0,1,4,0,0,1,0,0037e400,"INCR",3,ff,0,"Data Secure Unprivileged",0,"4 bytes",0,00000000,"FIXED",0,00,0,"Data Secure Unprivileged",0,"1 byte",0,"OKAY",0,c08d1dae,"OKAY",00000000,4,2,0,1,0,0,0,0,2,0,1,0,2,1,0,2,1,0,c08d1dae,3,f,0,0,0,00000004,3,1,0,0,1,"No Read Addr Cmds","No Read Addr Cmds","No Write Addr Cmds","No Write Addr Cmds","No Write Responses","No Write Responses","_","_","_","_","_","_","_","_","No Write Data Beats","No Write Data Beats"
1496,1496,0,0,1,1,0,0,0,8e5ffe20afb76fe31ba56e5faf65c9d2,0,3b9a3d13b8d6963fae1d8dc05a6037b2,0,1,0,1,ff81e4df,ffffffdb,0,1,0,0,0,00000000,"FIXED",3,00,"Data Secure Unprivileged","1 byte",0,0,00000000,"INCR",3,00,"Data Secure Unprivileged","4 bytes",0,0,ff8127fb,"OKAY",00000000,0,2,1,0,0,0,0,0,0,0,2,0,1,4,0,0,1,0,0037e400,"INCR",3,ff,0,"Data Secure Unprivileged",0,"4 bytes",0,00000000,"FIXED",0,00,0,"Data Secure Unprivileged",0,"1 byte",0,"OKAY",0,c08d1dae,"OKAY",00000000,4,2,0,1,0,0,0,0,2,0,1,0,2,1,0,2,1,0,c08d1dae,3,f,0,0,0,00000004,3,1,0,0,1,"No Read Addr Cmds","No Read Addr Cmds","No Write Addr Cmds","No Write Addr Cmds","No Write Responses","No Write Responses","_","_","_","_","_","_","_","_","No Write Data Beats","No Write Data Beats"
1497,1497,0,0,1,1,0,0,0,8e5ffe20afb76fe31ba56e5faf65c9d2,0,3b9a3d13b8d6963fae1d8dc05a6037b2,0,1,0,1,ff81e4df,ffffffdb,0,1,0,0,0,00000000,"FIXED",3,00,"Data Secure Unprivileged","1 byte",0,0,00000000,"INCR",3,00,"Data Secure Unprivileged","4 bytes",0,0,ff8127fb,"OKAY",00000000,0,2,1,0,0,0,0,0,0,0,2,0,1,4,0,0,1,0,0037e400,"INCR",3,ff,0,"Data Secure Unprivileged",0,"4 bytes",0,00000000,"FIXED",0,00,0,"Data Secure Unprivileged",0,"1 byte",0,"OKAY",0,c08d1dae,"OKAY",00000000,4,2,0,1,0,0,0,0,2,0,1,0,2,1,0,2,1,0,c08d1dae,3,f,0,0,0,00000004,3,1,0,0,1,"No Read Addr Cmds","No Read Addr Cmds","No Write Addr Cmds","No Write Addr Cmds","No Write Responses","No Write Responses","_","_","_","_","_","_","_","_","No Write Data Beats","No Write Data Beats"
1498,1498,0,0,1,1,0,0,0,8e5ffe20afb76fe31ba56e5faf65c9d2,0,3b9a3d13b8d6963fae1d8dc05a6037b2,0,1,0,1,ff81e4df,ffffffdb,0,1,0,0,0,00000000,"FIXED",3,00,"Data Secure Unprivileged","1 byte",0,0,00000000,"INCR",3,00,"Data Secure Unprivileged","4 bytes",0,0,ff8127fb,"OKAY",00000000,0,2,1,0,0,0,0,0,0,0,2,0,1,4,0,0,1,0,0037e400,"INCR",3,ff,0,"Data Secure Unprivileged",0,"4 bytes",0,00000000,"FIXED",0,00,0,"Data Secure Unprivileged",0,"1 byte",0,"OKAY",0,c08d1dae,"OKAY",00000000,4,2,0,1,0,0,0,0,2,0,1,0,2,1,0,2,1,0,c08d1dae,3,f,0,0,0,00000004,3,1,0,0,1,"No Read Addr Cmds","No Read Addr Cmds","No Write Addr Cmds","No Write Addr Cmds","No Write Responses","No Write Responses","_","_","_","_","_","_","_","_","No Write Data Beats","No Write Data Beats"
1499,1499,0,0,1,1,0,0,0,8e5ffe20afb76fe31ba56e5faf65c9d2,0,3b9a3d13b8d6963fae1d8dc05a6037b2,0,1,0,1,ff81e4df,ffffffdb,0,1,0,0,0,00000000,"FIXED",3,00,"Data Secure Unprivileged","1 byte",0,0,00000000,"INCR",3,00,"Data Secure Unprivileged","4 bytes",0,0,ff8127fb,"OKAY",00000000,0,2,1,0,0,0,0,0,0,0,2,0,1,4,0,0,1,0,0037e400,"INCR",3,ff,0,"Data Secure Unprivileged",0,"4 bytes",0,00000000,"FIXED",0,00,0,"Data Secure Unprivileged",0,"1 byte",0,"OKAY",0,c08d1dae,"OKAY",00000000,4,2,0,1,0,0,0,0,2,0,1,0,2,1,0,2,1,0,c08d1dae,3,f,0,0,0,00000004,3,1,0,0,1,"No Read Addr Cmds","No Read Addr Cmds","No Write Addr Cmds","No Write Addr Cmds","No Write Responses","No Write Responses","_","_","_","_","_","_","_","_","No Write Data Beats","No Write Data Beats"
1500,1500,0,0,1,1,0,0,0,8e5ffe20afb76fe31ba56e5faf65c9d2,0,3b9a3d13b8d6963fae1d8dc05a6037b2,0,1,0,1,ff81e4df,ffffffdb,0,1,0,0,0,00000000,"FIXED",3,00,"Data Secure Unprivileged","1 byte",0,0,00000000,"INCR",3,00,"Data Secure Unprivileged","4 bytes",0,0,ff8127fb,"OKAY",00000000,0,2,1,0,0,0,0,0,0,0,2,0,1,4,0,0,1,0,0037e400,"INCR",3,ff,0,"Data Secure Unprivileged",0,"4 bytes",0,00000000,"FIXED",0,00,0,"Data Secure Unprivileged",0,"1 byte",0,"OKAY",0,c08d1dae,"OKAY",00000000,4,2,0,1,0,0,0,0,2,0,1,0,2,1,0,2,1,0,c08d1dae,3,f,0,0,0,00000004,3,1,0,0,1,"No Read Addr Cmds","No Read Addr Cmds","No Write Addr Cmds","No Write Addr Cmds","No Write Responses","No Write Responses","_","_","_","_","_","_","_","_","No Write Data Beats","No Write Data Beats"
1501,1501,0,0,1,1,0,0,0,8e5ffe20afb76fe31ba56e5faf65c9d2,0,3b9a3d13b8d6963fae1d8dc05a6037b2,0,1,0,1,ff81e4df,ffffffdb,0,1,0,0,0,00000000,"FIXED",3,00,"Data Secure Unprivileged","1 byte",0,0,00000000,"INCR",3,00,"Data Secure Unprivileged","4 bytes",0,0,ff8127fb,"OKAY",00000000,0,2,1,0,0,0,0,0,0,0,2,0,1,4,0,0,1,0,0037e400,"INCR",3,ff,0,"Data Secure Unprivileged",0,"4 bytes",0,00000000,"FIXED",0,00,0,"Data Secure Unprivileged",0,"1 byte",0,"OKAY",0,c08d1dae,"OKAY",00000000,4,2,0,1,0,0,0,0,2,0,1,0,2,1,0,2,1,0,c08d1dae,3,f,0,0,0,00000004,3,1,0,0,1,"No Read Addr Cmds","No Read Addr Cmds","No Write Addr Cmds","No Write Addr Cmds","No Write Responses","No Write Responses","_","_","_","_","_","_","_","_","No Write Data Beats","No Write Data Beats"
1502,1502,0,0,1,1,0,0,0,8e5ffe20afb76fe31ba56e5faf65c9d2,0,3b9a3d13b8d6963fae1d8dc05a6037b2,0,1,0,1,ff81e4df,ffffffdb,0,1,0,0,0,00000000,"FIXED",3,00,"Data Secure Unprivileged","1 byte",0,0,00000000,"INCR",3,00,"Data Secure Unprivileged","4 bytes",0,0,ff8127fb,"OKAY",00000000,0,2,1,0,0,0,0,0,0,0,2,0,1,4,0,0,1,0,0037e400,"INCR",3,ff,0,"Data Secure Unprivileged",0,"4 bytes",0,00000000,"FIXED",0,00,0,"Data Secure Unprivileged",0,"1 byte",0,"OKAY",0,c08d1dae,"OKAY",00000000,4,2,0,1,0,0,0,0,2,0,1,0,2,1,0,2,1,0,c08d1dae,3,f,0,0,0,00000004,3,1,0,0,1,"No Read Addr Cmds","No Read Addr Cmds","No Write Addr Cmds","No Write Addr Cmds","No Write Responses","No Write Responses","_","_","_","_","_","_","_","_","No Write Data Beats","No Write Data Beats"
1503,1503,0,0,1,1,0,0,0,8e5ffe20afb76fe31ba56e5faf65c9d2,0,3b9a3d13b8d6963fae1d8dc05a6037b2,0,1,0,1,ff81e4df,ffffffdb,0,1,0,0,0,00000000,"FIXED",3,00,"Data Secure Unprivileged","1 byte",0,0,00000000,"INCR",3,00,"Data Secure Unprivileged","4 bytes",0,0,ff8127fb,"OKAY",00000000,0,2,1,0,0,0,0,0,0,0,2,0,1,4,0,0,1,0,0037e400,"INCR",3,ff,0,"Data Secure Unprivileged",0,"4 bytes",0,00000000,"FIXED",0,00,0,"Data Secure Unprivileged",0,"1 byte",0,"OKAY",0,c08d1dae,"OKAY",00000000,4,2,0,1,0,0,0,0,2,0,1,0,2,1,0,2,1,0,c08d1dae,3,f,0,0,0,00000004,3,1,0,0,1,"No Read Addr Cmds","No Read Addr Cmds","No Write Addr Cmds","No Write Addr Cmds","No Write Responses","No Write Responses","_","_","_","_","_","_","_","_","No Write Data Beats","No Write Data Beats"
1504,1504,0,0,1,1,0,0,0,8e5ffe20afb76fe31ba56e5faf65c9d2,0,3b9a3d13b8d6963fae1d8dc05a6037b2,0,1,0,1,ff81e4df,ffffffdb,0,1,0,0,0,00000000,"FIXED",3,00,"Data Secure Unprivileged","1 byte",0,0,00000000,"INCR",3,00,"Data Secure Unprivileged","4 bytes",0,0,ff8127fb,"OKAY",00000000,0,2,1,0,0,0,0,0,0,0,2,0,1,4,0,0,1,0,0037e400,"INCR",3,ff,0,"Data Secure Unprivileged",0,"4 bytes",0,00000000,"FIXED",0,00,0,"Data Secure Unprivileged",0,"1 byte",0,"OKAY",0,c08d1dae,"OKAY",00000000,4,2,0,1,0,0,0,0,2,0,1,0,2,1,0,2,1,0,c08d1dae,3,f,0,0,0,00000004,3,1,0,0,1,"No Read Addr Cmds","No Read Addr Cmds","No Write Addr Cmds","No Write Addr Cmds","No Write Responses","No Write Responses","_","_","_","_","_","_","_","_","No Write Data Beats","No Write Data Beats"
1505,1505,0,0,1,1,0,0,0,8e5ffe20afb76fe31ba56e5faf65c9d2,0,3b9a3d13b8d6963fae1d8dc05a6037b2,0,1,0,1,ff81e4df,ffffffdb,0,1,0,0,0,00000000,"FIXED",3,00,"Data Secure Unprivileged","1 byte",0,0,00000000,"INCR",3,00,"Data Secure Unprivileged","4 bytes",0,0,ff8127fb,"OKAY",00000000,0,2,1,0,0,0,0,0,0,0,2,0,1,4,0,0,1,0,0037e400,"INCR",3,ff,0,"Data Secure Unprivileged",0,"4 bytes",0,00000000,"FIXED",0,00,0,"Data Secure Unprivileged",0,"1 byte",0,"OKAY",0,c08d1dae,"OKAY",00000000,4,2,0,1,0,0,0,0,2,0,1,0,2,1,0,2,1,0,c08d1dae,3,f,0,0,0,00000004,3,1,0,0,1,"No Read Addr Cmds","No Read Addr Cmds","No Write Addr Cmds","No Write Addr Cmds","No Write Responses","No Write Responses","_","_","_","_","_","_","_","_","No Write Data Beats","No Write Data Beats"
1506,1506,0,0,1,1,0,0,0,8e5ffe20afb76fe31ba56e5faf65c9d2,0,3b9a3d13b8d6963fae1d8dc05a6037b2,0,1,0,1,ff81e4df,ffffffdb,0,1,0,0,0,00000000,"FIXED",3,00,"Data Secure Unprivileged","1 byte",0,0,00000000,"INCR",3,00,"Data Secure Unprivileged","4 bytes",0,0,ff8127fb,"OKAY",00000000,0,2,1,0,0,0,0,0,0,0,2,0,1,4,0,0,1,0,0037e400,"INCR",3,ff,0,"Data Secure Unprivileged",0,"4 bytes",0,00000000,"FIXED",0,00,0,"Data Secure Unprivileged",0,"1 byte",0,"OKAY",0,c08d1dae,"OKAY",00000000,4,2,0,1,0,0,0,0,2,0,1,0,2,1,0,2,1,0,c08d1dae,3,f,0,0,0,00000004,3,1,0,0,1,"No Read Addr Cmds","No Read Addr Cmds","No Write Addr Cmds","No Write Addr Cmds","No Write Responses","No Write Responses","_","_","_","_","_","_","_","_","No Write Data Beats","No Write Data Beats"
1507,1507,0,0,1,1,0,0,0,8e5ffe20afb76fe31ba56e5faf65c9d2,0,3b9a3d13b8d6963fae1d8dc05a6037b2,0,1,0,1,ff81e4df,ffffffdb,0,1,0,0,0,00000000,"FIXED",3,00,"Data Secure Unprivileged","1 byte",0,0,00000000,"INCR",3,00,"Data Secure Unprivileged","4 bytes",0,0,ff8127fb,"OKAY",00000000,0,2,1,0,0,0,0,0,0,0,2,0,1,4,0,0,1,0,0037e400,"INCR",3,ff,0,"Data Secure Unprivileged",0,"4 bytes",0,00000000,"FIXED",0,00,0,"Data Secure Unprivileged",0,"1 byte",0,"OKAY",0,c08d1dae,"OKAY",00000000,4,2,0,1,0,0,0,0,2,0,1,0,2,1,0,2,1,0,c08d1dae,3,f,0,0,0,00000004,3,1,0,0,1,"No Read Addr Cmds","No Read Addr Cmds","No Write Addr Cmds","No Write Addr Cmds","No Write Responses","No Write Responses","_","_","_","_","_","_","_","_","No Write Data Beats","No Write Data Beats"
1508,1508,0,0,1,1,0,0,0,8e5ffe20afb76fe31ba56e5faf65c9d2,0,3b9a3d13b8d6963fae1d8dc05a6037b2,0,1,0,1,ff81e4df,ffffffdb,0,1,0,0,0,00000000,"FIXED",3,00,"Data Secure Unprivileged","1 byte",0,0,00000000,"INCR",3,00,"Data Secure Unprivileged","4 bytes",0,0,ff8127fb,"OKAY",00000000,0,2,1,0,0,0,0,0,0,0,2,0,1,4,0,0,1,0,0037e400,"INCR",3,ff,0,"Data Secure Unprivileged",0,"4 bytes",0,00000000,"FIXED",0,00,0,"Data Secure Unprivileged",0,"1 byte",0,"OKAY",0,c08d1dae,"OKAY",00000000,4,2,0,1,0,0,0,0,2,0,1,0,2,1,0,2,1,0,c08d1dae,3,f,0,0,0,00000004,3,1,0,0,1,"No Read Addr Cmds","No Read Addr Cmds","No Write Addr Cmds","No Write Addr Cmds","No Write Responses","No Write Responses","_","_","_","_","_","_","_","_","No Write Data Beats","No Write Data Beats"
1509,1509,0,0,1,1,0,0,0,8e5ffe20afb76fe31ba56e5faf65c9d2,0,3b9a3d13b8d6963fae1d8dc05a6037b2,0,1,0,1,ff81e4df,ffffffdb,0,1,0,0,0,00000000,"FIXED",3,00,"Data Secure Unprivileged","1 byte",0,0,00000000,"INCR",3,00,"Data Secure Unprivileged","4 bytes",0,0,ff8127fb,"OKAY",00000000,0,2,1,0,0,0,0,0,0,0,2,0,1,4,0,0,1,0,0037e400,"INCR",3,ff,0,"Data Secure Unprivileged",0,"4 bytes",0,00000000,"FIXED",0,00,0,"Data Secure Unprivileged",0,"1 byte",0,"OKAY",0,c08d1dae,"OKAY",00000000,4,2,0,1,0,0,0,0,2,0,1,0,2,1,0,2,1,0,c08d1dae,3,f,0,0,0,00000004,3,1,0,0,1,"No Read Addr Cmds","No Read Addr Cmds","No Write Addr Cmds","No Write Addr Cmds","No Write Responses","No Write Responses","_","_","_","_","_","_","_","_","No Write Data Beats","No Write Data Beats"
1510,1510,0,0,1,1,0,0,0,8e5ffe20afb76fe31ba56e5faf65c9d2,0,3b9a3d13b8d6963fae1d8dc05a6037b2,0,1,0,1,ff81e4df,ffffffdb,0,1,0,0,0,00000000,"FIXED",3,00,"Data Secure Unprivileged","1 byte",0,0,00000000,"INCR",3,00,"Data Secure Unprivileged","4 bytes",0,0,ff8127fb,"OKAY",00000000,0,2,1,0,0,0,0,0,0,0,2,0,1,4,0,0,1,0,0037e400,"INCR",3,ff,0,"Data Secure Unprivileged",0,"4 bytes",0,00000000,"FIXED",0,00,0,"Data Secure Unprivileged",0,"1 byte",0,"OKAY",0,c08d1dae,"OKAY",00000000,4,2,0,1,0,0,0,0,2,0,1,0,2,1,0,2,1,0,c08d1dae,3,f,0,0,0,00000004,3,1,0,0,1,"No Read Addr Cmds","No Read Addr Cmds","No Write Addr Cmds","No Write Addr Cmds","No Write Responses","No Write Responses","_","_","_","_","_","_","_","_","No Write Data Beats","No Write Data Beats"
1511,1511,0,0,1,1,0,0,0,8e5ffe20afb76fe31ba56e5faf65c9d2,0,3b9a3d13b8d6963fae1d8dc05a6037b2,0,1,0,1,ff81e4df,ffffffdb,0,1,0,0,0,00000000,"FIXED",3,00,"Data Secure Unprivileged","1 byte",0,0,00000000,"INCR",3,00,"Data Secure Unprivileged","4 bytes",0,0,ff8127fb,"OKAY",00000000,0,2,1,0,0,0,0,0,0,0,2,0,1,4,0,0,1,0,0037e400,"INCR",3,ff,0,"Data Secure Unprivileged",0,"4 bytes",0,00000000,"FIXED",0,00,0,"Data Secure Unprivileged",0,"1 byte",0,"OKAY",0,c08d1dae,"OKAY",00000000,4,2,0,1,0,0,0,0,2,0,1,0,2,1,0,2,1,0,c08d1dae,3,f,0,0,0,00000004,3,1,0,0,1,"No Read Addr Cmds","No Read Addr Cmds","No Write Addr Cmds","No Write Addr Cmds","No Write Responses","No Write Responses","_","_","_","_","_","_","_","_","No Write Data Beats","No Write Data Beats"
1512,1512,0,0,1,1,0,0,0,8e5ffe20afb76fe31ba56e5faf65c9d2,0,3b9a3d13b8d6963fae1d8dc05a6037b2,0,1,0,1,ff81e4df,ffffffdb,0,1,0,0,0,00000000,"FIXED",3,00,"Data Secure Unprivileged","1 byte",0,0,00000000,"INCR",3,00,"Data Secure Unprivileged","4 bytes",0,0,ff8127fb,"OKAY",00000000,0,2,1,0,0,0,0,0,0,0,2,0,1,4,0,0,1,0,0037e400,"INCR",3,ff,0,"Data Secure Unprivileged",0,"4 bytes",0,00000000,"FIXED",0,00,0,"Data Secure Unprivileged",0,"1 byte",0,"OKAY",0,c08d1dae,"OKAY",00000000,4,2,0,1,0,0,0,0,2,0,1,0,2,1,0,2,1,0,c08d1dae,3,f,0,0,0,00000004,3,1,0,0,1,"No Read Addr Cmds","No Read Addr Cmds","No Write Addr Cmds","No Write Addr Cmds","No Write Responses","No Write Responses","_","_","_","_","_","_","_","_","No Write Data Beats","No Write Data Beats"
1513,1513,0,0,1,1,0,0,0,8e5ffe20afb76fe31ba56e5faf65c9d2,0,3b9a3d13b8d6963fae1d8dc05a6037b2,0,1,0,1,ff81e4df,ffffffdb,0,1,0,0,0,00000000,"FIXED",3,00,"Data Secure Unprivileged","1 byte",0,0,00000000,"INCR",3,00,"Data Secure Unprivileged","4 bytes",0,0,ff8127fb,"OKAY",00000000,0,2,1,0,0,0,0,0,0,0,2,0,1,4,0,0,1,0,0037e400,"INCR",3,ff,0,"Data Secure Unprivileged",0,"4 bytes",0,00000000,"FIXED",0,00,0,"Data Secure Unprivileged",0,"1 byte",0,"OKAY",0,c08d1dae,"OKAY",00000000,4,2,0,1,0,0,0,0,2,0,1,0,2,1,0,2,1,0,c08d1dae,3,f,0,0,0,00000004,3,1,0,0,1,"No Read Addr Cmds","No Read Addr Cmds","No Write Addr Cmds","No Write Addr Cmds","No Write Responses","No Write Responses","_","_","_","_","_","_","_","_","No Write Data Beats","No Write Data Beats"
1514,1514,0,0,1,1,0,0,0,8e5ffe20afb76fe31ba56e5faf65c9d2,0,3b9a3d13b8d6963fae1d8dc05a6037b2,0,1,0,1,ff81e4df,ffffffdb,0,1,0,0,0,00000000,"FIXED",3,00,"Data Secure Unprivileged","1 byte",0,0,00000000,"INCR",3,00,"Data Secure Unprivileged","4 bytes",0,0,ff8127fb,"OKAY",00000000,0,2,1,0,0,0,0,0,0,0,2,0,1,4,0,0,1,0,0037e400,"INCR",3,ff,0,"Data Secure Unprivileged",0,"4 bytes",0,00000000,"FIXED",0,00,0,"Data Secure Unprivileged",0,"1 byte",0,"OKAY",0,c08d1dae,"OKAY",00000000,4,2,0,1,0,0,0,0,2,0,1,0,2,1,0,2,1,0,c08d1dae,3,f,0,0,0,00000004,3,1,0,0,1,"No Read Addr Cmds","No Read Addr Cmds","No Write Addr Cmds","No Write Addr Cmds","No Write Responses","No Write Responses","_","_","_","_","_","_","_","_","No Write Data Beats","No Write Data Beats"
1515,1515,0,0,1,1,0,0,0,8e5ffe20afb76fe31ba56e5faf65c9d2,0,3b9a3d13b8d6963fae1d8dc05a6037b2,0,1,0,1,ff81e4df,ffffffdb,0,1,0,0,0,00000000,"FIXED",3,00,"Data Secure Unprivileged","1 byte",0,0,00000000,"INCR",3,00,"Data Secure Unprivileged","4 bytes",0,0,ff8127fb,"OKAY",00000000,0,2,1,0,0,0,0,0,0,0,2,0,1,4,0,0,1,0,0037e400,"INCR",3,ff,0,"Data Secure Unprivileged",0,"4 bytes",0,00000000,"FIXED",0,00,0,"Data Secure Unprivileged",0,"1 byte",0,"OKAY",0,c08d1dae,"OKAY",00000000,4,2,0,1,0,0,0,0,2,0,1,0,2,1,0,2,1,0,c08d1dae,3,f,0,0,0,00000004,3,1,0,0,1,"No Read Addr Cmds","No Read Addr Cmds","No Write Addr Cmds","No Write Addr Cmds","No Write Responses","No Write Responses","_","_","_","_","_","_","_","_","No Write Data Beats","No Write Data Beats"
1516,1516,0,0,1,1,0,0,0,8e5ffe20afb76fe31ba56e5faf65c9d2,0,3b9a3d13b8d6963fae1d8dc05a6037b2,0,1,0,1,ff81e4df,ffffffdb,0,1,0,0,0,00000000,"FIXED",3,00,"Data Secure Unprivileged","1 byte",0,0,00000000,"INCR",3,00,"Data Secure Unprivileged","4 bytes",0,0,ff8127fb,"OKAY",00000000,0,2,1,0,0,0,0,0,0,0,2,0,1,4,0,0,1,0,0037e400,"INCR",3,ff,0,"Data Secure Unprivileged",0,"4 bytes",0,00000000,"FIXED",0,00,0,"Data Secure Unprivileged",0,"1 byte",0,"OKAY",0,c08d1dae,"OKAY",00000000,4,2,0,1,0,0,0,0,2,0,1,0,2,1,0,2,1,0,c08d1dae,3,f,0,0,0,00000004,3,1,0,0,1,"No Read Addr Cmds","No Read Addr Cmds","No Write Addr Cmds","No Write Addr Cmds","No Write Responses","No Write Responses","_","_","_","_","_","_","_","_","No Write Data Beats","No Write Data Beats"
1517,1517,0,0,1,1,0,0,0,8e5ffe20afb76fe31ba56e5faf65c9d2,0,3b9a3d13b8d6963fae1d8dc05a6037b2,0,1,0,1,ff81e4df,ffffffdb,0,1,0,0,0,00000000,"FIXED",3,00,"Data Secure Unprivileged","1 byte",0,0,00000000,"INCR",3,00,"Data Secure Unprivileged","4 bytes",0,0,ff8127fb,"OKAY",00000000,0,2,1,0,0,0,0,0,0,0,2,0,1,4,0,0,1,0,0037e400,"INCR",3,ff,0,"Data Secure Unprivileged",0,"4 bytes",0,00000000,"FIXED",0,00,0,"Data Secure Unprivileged",0,"1 byte",0,"OKAY",0,c08d1dae,"OKAY",00000000,4,2,0,1,0,0,0,0,2,0,1,0,2,1,0,2,1,0,c08d1dae,3,f,0,0,0,00000004,3,1,0,0,1,"No Read Addr Cmds","No Read Addr Cmds","No Write Addr Cmds","No Write Addr Cmds","No Write Responses","No Write Responses","_","_","_","_","_","_","_","_","No Write Data Beats","No Write Data Beats"
1518,1518,0,0,1,1,0,0,0,8e5ffe20afb76fe31ba56e5faf65c9d2,0,3b9a3d13b8d6963fae1d8dc05a6037b2,0,1,0,1,ff81e4df,ffffffdb,0,1,0,0,0,00000000,"FIXED",3,00,"Data Secure Unprivileged","1 byte",0,0,00000000,"INCR",3,00,"Data Secure Unprivileged","4 bytes",0,0,ff8127fb,"OKAY",00000000,0,2,1,0,0,0,0,0,0,0,2,0,1,4,0,0,1,0,0037e400,"INCR",3,ff,0,"Data Secure Unprivileged",0,"4 bytes",0,00000000,"FIXED",0,00,0,"Data Secure Unprivileged",0,"1 byte",0,"OKAY",0,c08d1dae,"OKAY",00000000,4,2,0,1,0,0,0,0,2,0,1,0,2,1,0,2,1,0,c08d1dae,3,f,0,0,0,00000004,3,1,0,0,1,"No Read Addr Cmds","No Read Addr Cmds","No Write Addr Cmds","No Write Addr Cmds","No Write Responses","No Write Responses","_","_","_","_","_","_","_","_","No Write Data Beats","No Write Data Beats"
1519,1519,0,0,1,1,0,0,0,8e5ffe20afb76fe31ba56e5faf65c9d2,0,3b9a3d13b8d6963fae1d8dc05a6037b2,0,1,0,1,ff81e4df,ffffffdb,0,1,0,0,0,00000000,"FIXED",3,00,"Data Secure Unprivileged","1 byte",0,0,00000000,"INCR",3,00,"Data Secure Unprivileged","4 bytes",0,0,ff8127fb,"OKAY",00000000,0,2,1,0,0,0,0,0,0,0,2,0,1,4,0,0,1,0,0037e400,"INCR",3,ff,0,"Data Secure Unprivileged",0,"4 bytes",0,00000000,"FIXED",0,00,0,"Data Secure Unprivileged",0,"1 byte",0,"OKAY",0,c08d1dae,"OKAY",00000000,4,2,0,1,0,0,0,0,2,0,1,0,2,1,0,2,1,0,c08d1dae,3,f,0,0,0,00000004,3,1,0,0,1,"No Read Addr Cmds","No Read Addr Cmds","No Write Addr Cmds","No Write Addr Cmds","No Write Responses","No Write Responses","_","_","_","_","_","_","_","_","No Write Data Beats","No Write Data Beats"
1520,1520,0,0,1,1,0,0,0,8e5ffe20afb76fe31ba56e5faf65c9d2,0,3b9a3d13b8d6963fae1d8dc05a6037b2,0,1,0,1,ff81e4df,ffffffdb,0,1,0,0,0,00000000,"FIXED",3,00,"Data Secure Unprivileged","1 byte",0,0,00000000,"INCR",3,00,"Data Secure Unprivileged","4 bytes",0,0,ff8127fb,"OKAY",00000000,0,2,1,0,0,0,0,0,0,0,2,0,1,4,0,0,1,0,0037e400,"INCR",3,ff,0,"Data Secure Unprivileged",0,"4 bytes",0,00000000,"FIXED",0,00,0,"Data Secure Unprivileged",0,"1 byte",0,"OKAY",0,c08d1dae,"OKAY",00000000,4,2,0,1,0,0,0,0,2,0,1,0,2,1,0,2,1,0,c08d1dae,3,f,0,0,0,00000004,3,1,0,0,1,"No Read Addr Cmds","No Read Addr Cmds","No Write Addr Cmds","No Write Addr Cmds","No Write Responses","No Write Responses","_","_","_","_","_","_","_","_","No Write Data Beats","No Write Data Beats"
1521,1521,0,0,1,1,0,0,0,8e5ffe20afb76fe31ba56e5faf65c9d2,0,3b9a3d13b8d6963fae1d8dc05a6037b2,0,1,0,1,ff81e4df,ffffffdb,0,1,0,0,0,00000000,"FIXED",3,00,"Data Secure Unprivileged","1 byte",0,0,00000000,"INCR",3,00,"Data Secure Unprivileged","4 bytes",0,0,ff8127fb,"OKAY",00000000,0,2,1,0,0,0,0,0,0,0,2,0,1,4,0,0,1,0,0037e400,"INCR",3,ff,0,"Data Secure Unprivileged",0,"4 bytes",0,00000000,"FIXED",0,00,0,"Data Secure Unprivileged",0,"1 byte",0,"OKAY",0,c08d1dae,"OKAY",00000000,4,2,0,1,0,0,0,0,2,0,1,0,2,1,0,2,1,0,c08d1dae,3,f,0,0,0,00000004,3,1,0,0,1,"No Read Addr Cmds","No Read Addr Cmds","No Write Addr Cmds","No Write Addr Cmds","No Write Responses","No Write Responses","_","_","_","_","_","_","_","_","No Write Data Beats","No Write Data Beats"
1522,1522,0,0,1,1,0,0,0,8e5ffe20afb76fe31ba56e5faf65c9d2,0,3b9a3d13b8d6963fae1d8dc05a6037b2,0,1,0,1,ff81e4df,ffffffdb,0,1,0,0,0,00000000,"FIXED",3,00,"Data Secure Unprivileged","1 byte",0,0,00000000,"INCR",3,00,"Data Secure Unprivileged","4 bytes",0,0,ff8127fb,"OKAY",00000000,0,2,1,0,0,0,0,0,0,0,2,0,1,4,0,0,1,0,0037e400,"INCR",3,ff,0,"Data Secure Unprivileged",0,"4 bytes",0,00000000,"FIXED",0,00,0,"Data Secure Unprivileged",0,"1 byte",0,"OKAY",0,c08d1dae,"OKAY",00000000,4,2,0,1,0,0,0,0,2,0,1,0,2,1,0,2,1,0,c08d1dae,3,f,0,0,0,00000004,3,1,0,0,1,"No Read Addr Cmds","No Read Addr Cmds","No Write Addr Cmds","No Write Addr Cmds","No Write Responses","No Write Responses","_","_","_","_","_","_","_","_","No Write Data Beats","No Write Data Beats"
1523,1523,0,0,1,1,0,0,0,8e5ffe20afb76fe31ba56e5faf65c9d2,0,3b9a3d13b8d6963fae1d8dc05a6037b2,0,1,0,1,ff81e4df,ffffffdb,0,1,0,0,0,00000000,"FIXED",3,00,"Data Secure Unprivileged","1 byte",0,0,00000000,"INCR",3,00,"Data Secure Unprivileged","4 bytes",0,0,ff8127fb,"OKAY",00000000,0,2,1,0,0,0,0,0,0,0,2,0,1,4,0,0,1,0,0037e400,"INCR",3,ff,0,"Data Secure Unprivileged",0,"4 bytes",0,00000000,"FIXED",0,00,0,"Data Secure Unprivileged",0,"1 byte",0,"OKAY",0,c08d1dae,"OKAY",00000000,4,2,0,1,0,0,0,0,2,0,1,0,2,1,0,2,1,0,c08d1dae,3,f,0,0,0,00000004,3,1,0,0,1,"No Read Addr Cmds","No Read Addr Cmds","No Write Addr Cmds","No Write Addr Cmds","No Write Responses","No Write Responses","_","_","_","_","_","_","_","_","No Write Data Beats","No Write Data Beats"
1524,1524,0,0,1,1,0,0,0,8e5ffe20afb76fe31ba56e5faf65c9d2,0,3b9a3d13b8d6963fae1d8dc05a6037b2,0,1,0,1,ff81e4df,ffffffdb,0,1,0,0,0,00000000,"FIXED",3,00,"Data Secure Unprivileged","1 byte",0,0,00000000,"INCR",3,00,"Data Secure Unprivileged","4 bytes",0,0,ff8127fb,"OKAY",00000000,0,2,1,0,0,0,0,0,0,0,2,0,1,4,0,0,1,0,0037e400,"INCR",3,ff,0,"Data Secure Unprivileged",0,"4 bytes",0,00000000,"FIXED",0,00,0,"Data Secure Unprivileged",0,"1 byte",0,"OKAY",0,c08d1dae,"OKAY",00000000,4,2,0,1,0,0,0,0,2,0,1,0,2,1,0,2,1,0,c08d1dae,3,f,0,0,0,00000004,3,1,0,0,1,"No Read Addr Cmds","No Read Addr Cmds","No Write Addr Cmds","No Write Addr Cmds","No Write Responses","No Write Responses","_","_","_","_","_","_","_","_","No Write Data Beats","No Write Data Beats"
1525,1525,0,0,1,1,0,0,0,8e5ffe20afb76fe31ba56e5faf65c9d2,0,3b9a3d13b8d6963fae1d8dc05a6037b2,0,1,0,1,ff81e4df,ffffffdb,0,1,0,0,0,00000000,"FIXED",3,00,"Data Secure Unprivileged","1 byte",0,0,00000000,"INCR",3,00,"Data Secure Unprivileged","4 bytes",0,0,ff8127fb,"OKAY",00000000,0,2,1,0,0,0,0,0,0,0,2,0,1,4,0,0,1,0,0037e400,"INCR",3,ff,0,"Data Secure Unprivileged",0,"4 bytes",0,00000000,"FIXED",0,00,0,"Data Secure Unprivileged",0,"1 byte",0,"OKAY",0,c08d1dae,"OKAY",00000000,4,2,0,1,0,0,0,0,2,0,1,0,2,1,0,2,1,0,c08d1dae,3,f,0,0,0,00000004,3,1,0,0,1,"No Read Addr Cmds","No Read Addr Cmds","No Write Addr Cmds","No Write Addr Cmds","No Write Responses","No Write Responses","_","_","_","_","_","_","_","_","No Write Data Beats","No Write Data Beats"
1526,1526,0,0,1,1,0,0,0,8e5ffe20afb76fe31ba56e5faf65c9d2,0,3b9a3d13b8d6963fae1d8dc05a6037b2,0,1,0,1,ff81e4df,ffffffdb,0,1,0,0,0,00000000,"FIXED",3,00,"Data Secure Unprivileged","1 byte",0,0,00000000,"INCR",3,00,"Data Secure Unprivileged","4 bytes",0,0,ff8127fb,"OKAY",00000000,0,2,1,0,0,0,0,0,0,0,2,0,1,4,0,0,1,0,0037e400,"INCR",3,ff,0,"Data Secure Unprivileged",0,"4 bytes",0,00000000,"FIXED",0,00,0,"Data Secure Unprivileged",0,"1 byte",0,"OKAY",0,c08d1dae,"OKAY",00000000,4,2,0,1,0,0,0,0,2,0,1,0,2,1,0,2,1,0,c08d1dae,3,f,0,0,0,00000004,3,1,0,0,1,"No Read Addr Cmds","No Read Addr Cmds","No Write Addr Cmds","No Write Addr Cmds","No Write Responses","No Write Responses","_","_","_","_","_","_","_","_","No Write Data Beats","No Write Data Beats"
1527,1527,0,0,1,1,0,0,0,8e5ffe20afb76fe31ba56e5faf65c9d2,0,3b9a3d13b8d6963fae1d8dc05a6037b2,0,1,0,1,ff81e4df,ffffffdb,0,1,0,0,0,00000000,"FIXED",3,00,"Data Secure Unprivileged","1 byte",0,0,00000000,"INCR",3,00,"Data Secure Unprivileged","4 bytes",0,0,ff8127fb,"OKAY",00000000,0,2,1,0,0,0,0,0,0,0,2,0,1,4,0,0,1,0,0037e400,"INCR",3,ff,0,"Data Secure Unprivileged",0,"4 bytes",0,00000000,"FIXED",0,00,0,"Data Secure Unprivileged",0,"1 byte",0,"OKAY",0,c08d1dae,"OKAY",00000000,4,2,0,1,0,0,0,0,2,0,1,0,2,1,0,2,1,0,c08d1dae,3,f,0,0,0,00000004,3,1,0,0,1,"No Read Addr Cmds","No Read Addr Cmds","No Write Addr Cmds","No Write Addr Cmds","No Write Responses","No Write Responses","_","_","_","_","_","_","_","_","No Write Data Beats","No Write Data Beats"
1528,1528,0,0,1,1,0,0,0,8e5ffe20afb76fe31ba56e5faf65c9d2,0,3b9a3d13b8d6963fae1d8dc05a6037b2,0,1,0,1,ff81e4df,ffffffdb,0,1,0,0,0,00000000,"FIXED",3,00,"Data Secure Unprivileged","1 byte",0,0,00000000,"INCR",3,00,"Data Secure Unprivileged","4 bytes",0,0,ff8127fb,"OKAY",00000000,0,2,1,0,0,0,0,0,0,0,2,0,1,4,0,0,1,0,0037e400,"INCR",3,ff,0,"Data Secure Unprivileged",0,"4 bytes",0,00000000,"FIXED",0,00,0,"Data Secure Unprivileged",0,"1 byte",0,"OKAY",0,c08d1dae,"OKAY",00000000,4,2,0,1,0,0,0,0,2,0,1,0,2,1,0,2,1,0,c08d1dae,3,f,0,0,0,00000004,3,1,0,0,1,"No Read Addr Cmds","No Read Addr Cmds","No Write Addr Cmds","No Write Addr Cmds","No Write Responses","No Write Responses","_","_","_","_","_","_","_","_","No Write Data Beats","No Write Data Beats"
1529,1529,0,0,1,1,0,0,0,8e5ffe20afb76fe31ba56e5faf65c9d2,0,3b9a3d13b8d6963fae1d8dc05a6037b2,0,1,0,1,ff81e4df,ffffffdb,0,1,0,0,0,00000000,"FIXED",3,00,"Data Secure Unprivileged","1 byte",0,0,00000000,"INCR",3,00,"Data Secure Unprivileged","4 bytes",0,0,ff8127fb,"OKAY",00000000,0,2,1,0,0,0,0,0,0,0,2,0,1,4,0,0,1,0,0037e400,"INCR",3,ff,0,"Data Secure Unprivileged",0,"4 bytes",0,00000000,"FIXED",0,00,0,"Data Secure Unprivileged",0,"1 byte",0,"OKAY",0,c08d1dae,"OKAY",00000000,4,2,0,1,0,0,0,0,2,0,1,0,2,1,0,2,1,0,c08d1dae,3,f,0,0,0,00000004,3,1,0,0,1,"No Read Addr Cmds","No Read Addr Cmds","No Write Addr Cmds","No Write Addr Cmds","No Write Responses","No Write Responses","_","_","_","_","_","_","_","_","No Write Data Beats","No Write Data Beats"
1530,1530,0,0,1,1,0,0,0,8e5ffe20afb76fe31ba56e5faf65c9d2,0,3b9a3d13b8d6963fae1d8dc05a6037b2,0,1,0,1,ff81e4df,ffffffdb,0,1,0,0,0,00000000,"FIXED",3,00,"Data Secure Unprivileged","1 byte",0,0,00000000,"INCR",3,00,"Data Secure Unprivileged","4 bytes",0,0,ff8127fb,"OKAY",00000000,0,2,1,0,0,0,0,0,0,0,2,0,1,4,0,0,1,0,0037e400,"INCR",3,ff,0,"Data Secure Unprivileged",0,"4 bytes",0,00000000,"FIXED",0,00,0,"Data Secure Unprivileged",0,"1 byte",0,"OKAY",0,c08d1dae,"OKAY",00000000,4,2,0,1,0,0,0,0,2,0,1,0,2,1,0,2,1,0,c08d1dae,3,f,0,0,0,00000004,3,1,0,0,1,"No Read Addr Cmds","No Read Addr Cmds","No Write Addr Cmds","No Write Addr Cmds","No Write Responses","No Write Responses","_","_","_","_","_","_","_","_","No Write Data Beats","No Write Data Beats"
1531,1531,0,0,1,1,0,0,0,8e5ffe20afb76fe31ba56e5faf65c9d2,0,3b9a3d13b8d6963fae1d8dc05a6037b2,0,1,0,1,ff81e4df,ffffffdb,0,1,0,0,0,00000000,"FIXED",3,00,"Data Secure Unprivileged","1 byte",0,0,00000000,"INCR",3,00,"Data Secure Unprivileged","4 bytes",0,0,ff8127fb,"OKAY",00000000,0,2,1,0,0,0,0,0,0,0,2,0,1,4,0,0,1,0,0037e400,"INCR",3,ff,0,"Data Secure Unprivileged",0,"4 bytes",0,00000000,"FIXED",0,00,0,"Data Secure Unprivileged",0,"1 byte",0,"OKAY",0,c08d1dae,"OKAY",00000000,4,2,0,1,0,0,0,0,2,0,1,0,2,1,0,2,1,0,c08d1dae,3,f,0,0,0,00000004,3,1,0,0,1,"No Read Addr Cmds","No Read Addr Cmds","No Write Addr Cmds","No Write Addr Cmds","No Write Responses","No Write Responses","_","_","_","_","_","_","_","_","No Write Data Beats","No Write Data Beats"
1532,1532,0,0,1,1,0,0,0,8e5ffe20afb76fe31ba56e5faf65c9d2,0,3b9a3d13b8d6963fae1d8dc05a6037b2,0,1,0,1,ff81e4df,ffffffdb,0,1,0,0,0,00000000,"FIXED",3,00,"Data Secure Unprivileged","1 byte",0,0,00000000,"INCR",3,00,"Data Secure Unprivileged","4 bytes",0,0,ff8127fb,"OKAY",00000000,0,2,1,0,0,0,0,0,0,0,2,0,1,4,0,0,1,0,0037e400,"INCR",3,ff,0,"Data Secure Unprivileged",0,"4 bytes",0,00000000,"FIXED",0,00,0,"Data Secure Unprivileged",0,"1 byte",0,"OKAY",0,c08d1dae,"OKAY",00000000,4,2,0,1,0,0,0,0,2,0,1,0,2,1,0,2,1,0,c08d1dae,3,f,0,0,0,00000004,3,1,0,0,1,"No Read Addr Cmds","No Read Addr Cmds","No Write Addr Cmds","No Write Addr Cmds","No Write Responses","No Write Responses","_","_","_","_","_","_","_","_","No Write Data Beats","No Write Data Beats"
1533,1533,0,0,1,1,0,0,0,8e5ffe20afb76fe31ba56e5faf65c9d2,0,3b9a3d13b8d6963fae1d8dc05a6037b2,0,1,0,1,ff81e4df,ffffffdb,0,1,0,0,0,00000000,"FIXED",3,00,"Data Secure Unprivileged","1 byte",0,0,00000000,"INCR",3,00,"Data Secure Unprivileged","4 bytes",0,0,ff8127fb,"OKAY",00000000,0,2,1,0,0,0,0,0,0,0,2,0,1,4,0,0,1,0,0037e400,"INCR",3,ff,0,"Data Secure Unprivileged",0,"4 bytes",0,00000000,"FIXED",0,00,0,"Data Secure Unprivileged",0,"1 byte",0,"OKAY",0,c08d1dae,"OKAY",00000000,4,2,0,1,0,0,0,0,2,0,1,0,2,1,0,2,1,0,c08d1dae,3,f,0,0,0,00000004,3,1,0,0,1,"No Read Addr Cmds","No Read Addr Cmds","No Write Addr Cmds","No Write Addr Cmds","No Write Responses","No Write Responses","_","_","_","_","_","_","_","_","No Write Data Beats","No Write Data Beats"
1534,1534,0,0,1,1,0,0,0,8e5ffe20afb76fe31ba56e5faf65c9d2,0,3b9a3d13b8d6963fae1d8dc05a6037b2,0,1,0,1,ff81e4df,ffffffdb,0,1,0,0,0,00000000,"FIXED",3,00,"Data Secure Unprivileged","1 byte",0,0,00000000,"INCR",3,00,"Data Secure Unprivileged","4 bytes",0,0,ff8127fb,"OKAY",00000000,0,2,1,0,0,0,0,0,0,0,2,0,1,4,0,0,1,0,0037e400,"INCR",3,ff,0,"Data Secure Unprivileged",0,"4 bytes",0,00000000,"FIXED",0,00,0,"Data Secure Unprivileged",0,"1 byte",0,"OKAY",0,c08d1dae,"OKAY",00000000,4,2,0,1,0,0,0,0,2,0,1,0,2,1,0,2,1,0,c08d1dae,3,f,0,0,0,00000004,3,1,0,0,1,"No Read Addr Cmds","No Read Addr Cmds","No Write Addr Cmds","No Write Addr Cmds","No Write Responses","No Write Responses","_","_","_","_","_","_","_","_","No Write Data Beats","No Write Data Beats"
1535,1535,0,0,1,1,0,0,0,8e5ffe20afb76fe31ba56e5faf65c9d2,0,3b9a3d13b8d6963fae1d8dc05a6037b2,0,1,0,1,ff81e4df,ffffffdb,0,1,0,0,0,00000000,"FIXED",3,00,"Data Secure Unprivileged","1 byte",0,0,00000000,"INCR",3,00,"Data Secure Unprivileged","4 bytes",0,0,ff8127fb,"OKAY",00000000,0,2,1,0,0,0,0,0,0,0,2,0,1,4,0,0,1,0,0037e400,"INCR",3,ff,0,"Data Secure Unprivileged",0,"4 bytes",0,00000000,"FIXED",0,00,0,"Data Secure Unprivileged",0,"1 byte",0,"OKAY",0,c08d1dae,"OKAY",00000000,4,2,0,1,0,0,0,0,2,0,1,0,2,1,0,2,1,0,c08d1dae,3,f,0,0,0,00000004,3,1,0,0,1,"No Read Addr Cmds","No Read Addr Cmds","No Write Addr Cmds","No Write Addr Cmds","No Write Responses","No Write Responses","_","_","_","_","_","_","_","_","No Write Data Beats","No Write Data Beats"
1536,1536,0,0,1,1,0,0,0,8e5ffe20afb76fe31ba56e5faf65c9d2,0,3b9a3d13b8d6963fae1d8dc05a6037b2,0,1,0,1,ff81e4df,ffffffdb,0,1,0,0,0,00000000,"FIXED",3,00,"Data Secure Unprivileged","1 byte",0,0,00000000,"INCR",3,00,"Data Secure Unprivileged","4 bytes",0,0,ff8127fb,"OKAY",00000000,0,2,1,0,0,0,0,0,0,0,2,0,1,4,0,0,1,0,0037e400,"INCR",3,ff,0,"Data Secure Unprivileged",0,"4 bytes",0,00000000,"FIXED",0,00,0,"Data Secure Unprivileged",0,"1 byte",0,"OKAY",0,c08d1dae,"OKAY",00000000,4,2,0,1,0,0,0,0,2,0,1,0,2,1,0,2,1,0,c08d1dae,3,f,0,0,0,00000004,3,1,0,0,1,"No Read Addr Cmds","No Read Addr Cmds","No Write Addr Cmds","No Write Addr Cmds","No Write Responses","No Write Responses","_","_","_","_","_","_","_","_","No Write Data Beats","No Write Data Beats"
1537,1537,0,0,1,1,0,0,0,8e5ffe20afb76fe31ba56e5faf65c9d2,0,3b9a3d13b8d6963fae1d8dc05a6037b2,0,1,0,1,ff81e4df,ffffffdb,0,1,0,0,0,00000000,"FIXED",3,00,"Data Secure Unprivileged","1 byte",0,0,00000000,"INCR",3,00,"Data Secure Unprivileged","4 bytes",0,0,ff8127fb,"OKAY",00000000,0,2,1,0,0,0,0,0,0,0,2,0,1,4,0,0,1,0,0037e400,"INCR",3,ff,0,"Data Secure Unprivileged",0,"4 bytes",0,00000000,"FIXED",0,00,0,"Data Secure Unprivileged",0,"1 byte",0,"OKAY",0,c08d1dae,"OKAY",00000000,4,2,0,1,0,0,0,0,2,0,1,0,2,1,0,2,1,0,c08d1dae,3,f,0,0,0,00000004,3,1,0,0,1,"No Read Addr Cmds","No Read Addr Cmds","No Write Addr Cmds","No Write Addr Cmds","No Write Responses","No Write Responses","_","_","_","_","_","_","_","_","No Write Data Beats","No Write Data Beats"
1538,1538,0,0,1,1,0,0,0,8e5ffe20afb76fe31ba56e5faf65c9d2,0,3b9a3d13b8d6963fae1d8dc05a6037b2,0,1,0,1,ff81e4df,ffffffdb,0,1,0,0,0,00000000,"FIXED",3,00,"Data Secure Unprivileged","1 byte",0,0,00000000,"INCR",3,00,"Data Secure Unprivileged","4 bytes",0,0,ff8127fb,"OKAY",00000000,0,2,1,0,0,0,0,0,0,0,2,0,1,4,0,0,1,0,0037e400,"INCR",3,ff,0,"Data Secure Unprivileged",0,"4 bytes",0,00000000,"FIXED",0,00,0,"Data Secure Unprivileged",0,"1 byte",0,"OKAY",0,c08d1dae,"OKAY",00000000,4,2,0,1,0,0,0,0,2,0,1,0,2,1,0,2,1,0,c08d1dae,3,f,0,0,0,00000004,3,1,0,0,1,"No Read Addr Cmds","No Read Addr Cmds","No Write Addr Cmds","No Write Addr Cmds","No Write Responses","No Write Responses","_","_","_","_","_","_","_","_","No Write Data Beats","No Write Data Beats"
1539,1539,0,0,1,1,0,0,0,8e5ffe20afb76fe31ba56e5faf65c9d2,0,3b9a3d13b8d6963fae1d8dc05a6037b2,0,1,0,1,ff81e4df,ffffffdb,0,1,0,0,0,00000000,"FIXED",3,00,"Data Secure Unprivileged","1 byte",0,0,00000000,"INCR",3,00,"Data Secure Unprivileged","4 bytes",0,0,ff8127fb,"OKAY",00000000,0,2,1,0,0,0,0,0,0,0,2,0,1,4,0,0,1,0,0037e400,"INCR",3,ff,0,"Data Secure Unprivileged",0,"4 bytes",0,00000000,"FIXED",0,00,0,"Data Secure Unprivileged",0,"1 byte",0,"OKAY",0,c08d1dae,"OKAY",00000000,4,2,0,1,0,0,0,0,2,0,1,0,2,1,0,2,1,0,c08d1dae,3,f,0,0,0,00000004,3,1,0,0,1,"No Read Addr Cmds","No Read Addr Cmds","No Write Addr Cmds","No Write Addr Cmds","No Write Responses","No Write Responses","_","_","_","_","_","_","_","_","No Write Data Beats","No Write Data Beats"
1540,1540,0,0,1,1,0,0,0,8e5ffe20afb76fe31ba56e5faf65c9d2,0,3b9a3d13b8d6963fae1d8dc05a6037b2,0,1,0,1,ff81e4df,ffffffdb,0,1,0,0,0,00000000,"FIXED",3,00,"Data Secure Unprivileged","1 byte",0,0,00000000,"INCR",3,00,"Data Secure Unprivileged","4 bytes",0,0,ff8127fb,"OKAY",00000000,0,2,1,0,0,0,0,0,0,0,2,0,1,4,0,0,1,0,0037e400,"INCR",3,ff,0,"Data Secure Unprivileged",0,"4 bytes",0,00000000,"FIXED",0,00,0,"Data Secure Unprivileged",0,"1 byte",0,"OKAY",0,c08d1dae,"OKAY",00000000,4,2,0,1,0,0,0,0,2,0,1,0,2,1,0,2,1,0,c08d1dae,3,f,0,0,0,00000004,3,1,0,0,1,"No Read Addr Cmds","No Read Addr Cmds","No Write Addr Cmds","No Write Addr Cmds","No Write Responses","No Write Responses","_","_","_","_","_","_","_","_","No Write Data Beats","No Write Data Beats"
1541,1541,0,0,1,1,0,0,0,8e5ffe20afb76fe31ba56e5faf65c9d2,0,3b9a3d13b8d6963fae1d8dc05a6037b2,0,1,0,1,ff81e4df,ffffffdb,0,1,0,0,0,00000000,"FIXED",3,00,"Data Secure Unprivileged","1 byte",0,0,00000000,"INCR",3,00,"Data Secure Unprivileged","4 bytes",0,0,ff8127fb,"OKAY",00000000,0,2,1,0,0,0,0,0,0,0,2,0,1,4,0,0,1,0,0037e400,"INCR",3,ff,0,"Data Secure Unprivileged",0,"4 bytes",0,00000000,"FIXED",0,00,0,"Data Secure Unprivileged",0,"1 byte",0,"OKAY",0,c08d1dae,"OKAY",00000000,4,2,0,1,0,0,0,0,2,0,1,0,2,1,0,2,1,0,c08d1dae,3,f,0,0,0,00000004,3,1,0,0,1,"No Read Addr Cmds","No Read Addr Cmds","No Write Addr Cmds","No Write Addr Cmds","No Write Responses","No Write Responses","_","_","_","_","_","_","_","_","No Write Data Beats","No Write Data Beats"
1542,1542,0,0,1,1,0,0,0,8e5ffe20afb76fe31ba56e5faf65c9d2,0,3b9a3d13b8d6963fae1d8dc05a6037b2,0,1,0,1,ff81e4df,ffffffdb,0,1,0,0,0,00000000,"FIXED",3,00,"Data Secure Unprivileged","1 byte",0,0,00000000,"INCR",3,00,"Data Secure Unprivileged","4 bytes",0,0,ff8127fb,"OKAY",00000000,0,2,1,0,0,0,0,0,0,0,2,0,1,4,0,0,1,0,0037e400,"INCR",3,ff,0,"Data Secure Unprivileged",0,"4 bytes",0,00000000,"FIXED",0,00,0,"Data Secure Unprivileged",0,"1 byte",0,"OKAY",0,c08d1dae,"OKAY",00000000,4,2,0,1,0,0,0,0,2,0,1,0,2,1,0,2,1,0,c08d1dae,3,f,0,0,0,00000004,3,1,0,0,1,"No Read Addr Cmds","No Read Addr Cmds","No Write Addr Cmds","No Write Addr Cmds","No Write Responses","No Write Responses","_","_","_","_","_","_","_","_","No Write Data Beats","No Write Data Beats"
1543,1543,0,0,1,1,0,0,0,8e5ffe20afb76fe31ba56e5faf65c9d2,0,3b9a3d13b8d6963fae1d8dc05a6037b2,0,1,0,1,ff81e4df,ffffffdb,0,1,0,0,0,00000000,"FIXED",3,00,"Data Secure Unprivileged","1 byte",0,0,00000000,"INCR",3,00,"Data Secure Unprivileged","4 bytes",0,0,ff8127fb,"OKAY",00000000,0,2,1,0,0,0,0,0,0,0,2,0,1,4,0,0,1,0,0037e400,"INCR",3,ff,0,"Data Secure Unprivileged",0,"4 bytes",0,00000000,"FIXED",0,00,0,"Data Secure Unprivileged",0,"1 byte",0,"OKAY",0,c08d1dae,"OKAY",00000000,4,2,0,1,0,0,0,0,2,0,1,0,2,1,0,2,1,0,c08d1dae,3,f,0,0,0,00000004,3,1,0,0,1,"No Read Addr Cmds","No Read Addr Cmds","No Write Addr Cmds","No Write Addr Cmds","No Write Responses","No Write Responses","_","_","_","_","_","_","_","_","No Write Data Beats","No Write Data Beats"
1544,1544,0,0,1,1,0,0,0,8e5ffe20afb76fe31ba56e5faf65c9d2,0,3b9a3d13b8d6963fae1d8dc05a6037b2,0,1,0,1,ff81e4df,ffffffdb,0,1,0,0,0,00000000,"FIXED",3,00,"Data Secure Unprivileged","1 byte",0,0,00000000,"INCR",3,00,"Data Secure Unprivileged","4 bytes",0,0,ff8127fb,"OKAY",00000000,0,2,1,0,0,0,0,0,0,0,2,0,1,4,0,0,1,0,0037e400,"INCR",3,ff,0,"Data Secure Unprivileged",0,"4 bytes",0,00000000,"FIXED",0,00,0,"Data Secure Unprivileged",0,"1 byte",0,"OKAY",0,c08d1dae,"OKAY",00000000,4,2,0,1,0,0,0,0,2,0,1,0,2,1,0,2,1,0,c08d1dae,3,f,0,0,0,00000004,3,1,0,0,1,"No Read Addr Cmds","No Read Addr Cmds","No Write Addr Cmds","No Write Addr Cmds","No Write Responses","No Write Responses","_","_","_","_","_","_","_","_","No Write Data Beats","No Write Data Beats"
1545,1545,0,0,1,1,0,0,0,8e5ffe20afb76fe31ba56e5faf65c9d2,0,3b9a3d13b8d6963fae1d8dc05a6037b2,0,1,0,1,ff81e4df,ffffffdb,0,1,0,0,0,00000000,"FIXED",3,00,"Data Secure Unprivileged","1 byte",0,0,00000000,"INCR",3,00,"Data Secure Unprivileged","4 bytes",0,0,ff8127fb,"OKAY",00000000,0,2,1,0,0,0,0,0,0,0,2,0,1,4,0,0,1,0,0037e400,"INCR",3,ff,0,"Data Secure Unprivileged",0,"4 bytes",0,00000000,"FIXED",0,00,0,"Data Secure Unprivileged",0,"1 byte",0,"OKAY",0,c08d1dae,"OKAY",00000000,4,2,0,1,0,0,0,0,2,0,1,0,2,1,0,2,1,0,c08d1dae,3,f,0,0,0,00000004,3,1,0,0,1,"No Read Addr Cmds","No Read Addr Cmds","No Write Addr Cmds","No Write Addr Cmds","No Write Responses","No Write Responses","_","_","_","_","_","_","_","_","No Write Data Beats","No Write Data Beats"
1546,1546,0,0,1,1,0,0,0,8e5ffe20afb76fe31ba56e5faf65c9d2,0,3b9a3d13b8d6963fae1d8dc05a6037b2,0,1,0,1,ff81e4df,ffffffdb,0,1,0,0,0,00000000,"FIXED",3,00,"Data Secure Unprivileged","1 byte",0,0,00000000,"INCR",3,00,"Data Secure Unprivileged","4 bytes",0,0,ff8127fb,"OKAY",00000000,0,2,1,0,0,0,0,0,0,0,2,0,1,4,0,0,1,0,0037e400,"INCR",3,ff,0,"Data Secure Unprivileged",0,"4 bytes",0,00000000,"FIXED",0,00,0,"Data Secure Unprivileged",0,"1 byte",0,"OKAY",0,c08d1dae,"OKAY",00000000,4,2,0,1,0,0,0,0,2,0,1,0,2,1,0,2,1,0,c08d1dae,3,f,0,0,0,00000004,3,1,0,0,1,"No Read Addr Cmds","No Read Addr Cmds","No Write Addr Cmds","No Write Addr Cmds","No Write Responses","No Write Responses","_","_","_","_","_","_","_","_","No Write Data Beats","No Write Data Beats"
1547,1547,0,0,1,1,0,0,0,8e5ffe20afb76fe31ba56e5faf65c9d2,0,3b9a3d13b8d6963fae1d8dc05a6037b2,0,1,0,1,ff81e4df,ffffffdb,0,1,0,0,0,00000000,"FIXED",3,00,"Data Secure Unprivileged","1 byte",0,0,00000000,"INCR",3,00,"Data Secure Unprivileged","4 bytes",0,0,ff8127fb,"OKAY",00000000,0,2,1,0,0,0,0,0,0,0,2,0,1,4,0,0,1,0,0037e400,"INCR",3,ff,0,"Data Secure Unprivileged",0,"4 bytes",0,00000000,"FIXED",0,00,0,"Data Secure Unprivileged",0,"1 byte",0,"OKAY",0,c08d1dae,"OKAY",00000000,4,2,0,1,0,0,0,0,2,0,1,0,2,1,0,2,1,0,c08d1dae,3,f,0,0,0,00000004,3,1,0,0,1,"No Read Addr Cmds","No Read Addr Cmds","No Write Addr Cmds","No Write Addr Cmds","No Write Responses","No Write Responses","_","_","_","_","_","_","_","_","No Write Data Beats","No Write Data Beats"
1548,1548,0,0,1,1,0,0,0,8e5ffe20afb76fe31ba56e5faf65c9d2,0,3b9a3d13b8d6963fae1d8dc05a6037b2,0,1,0,1,ff81e4df,ffffffdb,0,1,0,0,0,00000000,"FIXED",3,00,"Data Secure Unprivileged","1 byte",0,0,00000000,"INCR",3,00,"Data Secure Unprivileged","4 bytes",0,0,ff8127fb,"OKAY",00000000,0,2,1,0,0,0,0,0,0,0,2,0,1,4,0,0,1,0,0037e400,"INCR",3,ff,0,"Data Secure Unprivileged",0,"4 bytes",0,00000000,"FIXED",0,00,0,"Data Secure Unprivileged",0,"1 byte",0,"OKAY",0,c08d1dae,"OKAY",00000000,4,2,0,1,0,0,0,0,2,0,1,0,2,1,0,2,1,0,c08d1dae,3,f,0,0,0,00000004,3,1,0,0,1,"No Read Addr Cmds","No Read Addr Cmds","No Write Addr Cmds","No Write Addr Cmds","No Write Responses","No Write Responses","_","_","_","_","_","_","_","_","No Write Data Beats","No Write Data Beats"
1549,1549,0,0,1,1,0,0,0,8e5ffe20afb76fe31ba56e5faf65c9d2,0,3b9a3d13b8d6963fae1d8dc05a6037b2,0,1,0,1,ff81e4df,ffffffdb,0,1,0,0,0,00000000,"FIXED",3,00,"Data Secure Unprivileged","1 byte",0,0,00000000,"INCR",3,00,"Data Secure Unprivileged","4 bytes",0,0,ff8127fb,"OKAY",00000000,0,2,1,0,0,0,0,0,0,0,2,0,1,4,0,0,1,0,0037e400,"INCR",3,ff,0,"Data Secure Unprivileged",0,"4 bytes",0,00000000,"FIXED",0,00,0,"Data Secure Unprivileged",0,"1 byte",0,"OKAY",0,c08d1dae,"OKAY",00000000,4,2,0,1,0,0,0,0,2,0,1,0,2,1,0,2,1,0,c08d1dae,3,f,0,0,0,00000004,3,1,0,0,1,"No Read Addr Cmds","No Read Addr Cmds","No Write Addr Cmds","No Write Addr Cmds","No Write Responses","No Write Responses","_","_","_","_","_","_","_","_","No Write Data Beats","No Write Data Beats"
1550,1550,0,0,1,1,0,0,0,8e5ffe20afb76fe31ba56e5faf65c9d2,0,3b9a3d13b8d6963fae1d8dc05a6037b2,0,1,0,1,ff81e4df,ffffffdb,0,1,0,0,0,00000000,"FIXED",3,00,"Data Secure Unprivileged","1 byte",0,0,00000000,"INCR",3,00,"Data Secure Unprivileged","4 bytes",0,0,ff8127fb,"OKAY",00000000,0,2,1,0,0,0,0,0,0,0,2,0,1,4,0,0,1,0,0037e400,"INCR",3,ff,0,"Data Secure Unprivileged",0,"4 bytes",0,00000000,"FIXED",0,00,0,"Data Secure Unprivileged",0,"1 byte",0,"OKAY",0,c08d1dae,"OKAY",00000000,4,2,0,1,0,0,0,0,2,0,1,0,2,1,0,2,1,0,c08d1dae,3,f,0,0,0,00000004,3,1,0,0,1,"No Read Addr Cmds","No Read Addr Cmds","No Write Addr Cmds","No Write Addr Cmds","No Write Responses","No Write Responses","_","_","_","_","_","_","_","_","No Write Data Beats","No Write Data Beats"
1551,1551,0,0,1,1,0,0,0,8e5ffe20afb76fe31ba56e5faf65c9d2,0,3b9a3d13b8d6963fae1d8dc05a6037b2,0,1,0,1,ff81e4df,ffffffdb,0,1,0,0,0,00000000,"FIXED",3,00,"Data Secure Unprivileged","1 byte",0,0,00000000,"INCR",3,00,"Data Secure Unprivileged","4 bytes",0,0,ff8127fb,"OKAY",00000000,0,2,1,0,0,0,0,0,0,0,2,0,1,4,0,0,1,0,0037e400,"INCR",3,ff,0,"Data Secure Unprivileged",0,"4 bytes",0,00000000,"FIXED",0,00,0,"Data Secure Unprivileged",0,"1 byte",0,"OKAY",0,c08d1dae,"OKAY",00000000,4,2,0,1,0,0,0,0,2,0,1,0,2,1,0,2,1,0,c08d1dae,3,f,0,0,0,00000004,3,1,0,0,1,"No Read Addr Cmds","No Read Addr Cmds","No Write Addr Cmds","No Write Addr Cmds","No Write Responses","No Write Responses","_","_","_","_","_","_","_","_","No Write Data Beats","No Write Data Beats"
1552,1552,0,0,1,1,0,0,0,8e5ffe20afb76fe31ba56e5faf65c9d2,0,3b9a3d13b8d6963fae1d8dc05a6037b2,0,1,0,1,ff81e4df,ffffffdb,0,1,0,0,0,00000000,"FIXED",3,00,"Data Secure Unprivileged","1 byte",0,0,00000000,"INCR",3,00,"Data Secure Unprivileged","4 bytes",0,0,ff8127fb,"OKAY",00000000,0,2,1,0,0,0,0,0,0,0,2,0,1,4,0,0,1,0,0037e400,"INCR",3,ff,0,"Data Secure Unprivileged",0,"4 bytes",0,00000000,"FIXED",0,00,0,"Data Secure Unprivileged",0,"1 byte",0,"OKAY",0,c08d1dae,"OKAY",00000000,4,2,0,1,0,0,0,0,2,0,1,0,2,1,0,2,1,0,c08d1dae,3,f,0,0,0,00000004,3,1,0,0,1,"No Read Addr Cmds","No Read Addr Cmds","No Write Addr Cmds","No Write Addr Cmds","No Write Responses","No Write Responses","_","_","_","_","_","_","_","_","No Write Data Beats","No Write Data Beats"
1553,1553,0,0,1,1,0,0,0,8e5ffe20afb76fe31ba56e5faf65c9d2,0,3b9a3d13b8d6963fae1d8dc05a6037b2,0,1,0,1,ff81e4df,ffffffdb,0,1,0,0,0,00000000,"FIXED",3,00,"Data Secure Unprivileged","1 byte",0,0,00000000,"INCR",3,00,"Data Secure Unprivileged","4 bytes",0,0,ff8127fb,"OKAY",00000000,0,2,1,0,0,0,0,0,0,0,2,0,1,4,0,0,1,0,0037e400,"INCR",3,ff,0,"Data Secure Unprivileged",0,"4 bytes",0,00000000,"FIXED",0,00,0,"Data Secure Unprivileged",0,"1 byte",0,"OKAY",0,c08d1dae,"OKAY",00000000,4,2,0,1,0,0,0,0,2,0,1,0,2,1,0,2,1,0,c08d1dae,3,f,0,0,0,00000004,3,1,0,0,1,"No Read Addr Cmds","No Read Addr Cmds","No Write Addr Cmds","No Write Addr Cmds","No Write Responses","No Write Responses","_","_","_","_","_","_","_","_","No Write Data Beats","No Write Data Beats"
1554,1554,0,0,1,1,0,0,0,8e5ffe20afb76fe31ba56e5faf65c9d2,0,3b9a3d13b8d6963fae1d8dc05a6037b2,0,1,0,1,ff81e4df,ffffffdb,0,1,0,0,0,00000000,"FIXED",3,00,"Data Secure Unprivileged","1 byte",0,0,00000000,"INCR",3,00,"Data Secure Unprivileged","4 bytes",0,0,ff8127fb,"OKAY",00000000,0,2,1,0,0,0,0,0,0,0,2,0,1,4,0,0,1,0,0037e400,"INCR",3,ff,0,"Data Secure Unprivileged",0,"4 bytes",0,00000000,"FIXED",0,00,0,"Data Secure Unprivileged",0,"1 byte",0,"OKAY",0,c08d1dae,"OKAY",00000000,4,2,0,1,0,0,0,0,2,0,1,0,2,1,0,2,1,0,c08d1dae,3,f,0,0,0,00000004,3,1,0,0,1,"No Read Addr Cmds","No Read Addr Cmds","No Write Addr Cmds","No Write Addr Cmds","No Write Responses","No Write Responses","_","_","_","_","_","_","_","_","No Write Data Beats","No Write Data Beats"
1555,1555,0,0,1,1,0,0,0,8e5ffe20afb76fe31ba56e5faf65c9d2,0,3b9a3d13b8d6963fae1d8dc05a6037b2,0,1,0,1,ff81e4df,ffffffdb,0,1,0,0,0,00000000,"FIXED",3,00,"Data Secure Unprivileged","1 byte",0,0,00000000,"INCR",3,00,"Data Secure Unprivileged","4 bytes",0,0,ff8127fb,"OKAY",00000000,0,2,1,0,0,0,0,0,0,0,2,0,1,4,0,0,1,0,0037e400,"INCR",3,ff,0,"Data Secure Unprivileged",0,"4 bytes",0,00000000,"FIXED",0,00,0,"Data Secure Unprivileged",0,"1 byte",0,"OKAY",0,c08d1dae,"OKAY",00000000,4,2,0,1,0,0,0,0,2,0,1,0,2,1,0,2,1,0,c08d1dae,3,f,0,0,0,00000004,3,1,0,0,1,"No Read Addr Cmds","No Read Addr Cmds","No Write Addr Cmds","No Write Addr Cmds","No Write Responses","No Write Responses","_","_","_","_","_","_","_","_","No Write Data Beats","No Write Data Beats"
1556,1556,0,0,1,1,0,0,0,8e5ffe20afb76fe31ba56e5faf65c9d2,0,3b9a3d13b8d6963fae1d8dc05a6037b2,0,1,0,1,ff81e4df,ffffffdb,0,1,0,0,0,00000000,"FIXED",3,00,"Data Secure Unprivileged","1 byte",0,0,00000000,"INCR",3,00,"Data Secure Unprivileged","4 bytes",0,0,ff8127fb,"OKAY",00000000,0,2,1,0,0,0,0,0,0,0,2,0,1,4,0,0,1,0,0037e400,"INCR",3,ff,0,"Data Secure Unprivileged",0,"4 bytes",0,00000000,"FIXED",0,00,0,"Data Secure Unprivileged",0,"1 byte",0,"OKAY",0,c08d1dae,"OKAY",00000000,4,2,0,1,0,0,0,0,2,0,1,0,2,1,0,2,1,0,c08d1dae,3,f,0,0,0,00000004,3,1,0,0,1,"No Read Addr Cmds","No Read Addr Cmds","No Write Addr Cmds","No Write Addr Cmds","No Write Responses","No Write Responses","_","_","_","_","_","_","_","_","No Write Data Beats","No Write Data Beats"
1557,1557,0,0,1,1,0,0,0,8e5ffe20afb76fe31ba56e5faf65c9d2,0,3b9a3d13b8d6963fae1d8dc05a6037b2,0,1,0,1,ff81e4df,ffffffdb,0,1,0,0,0,00000000,"FIXED",3,00,"Data Secure Unprivileged","1 byte",0,0,00000000,"INCR",3,00,"Data Secure Unprivileged","4 bytes",0,0,ff8127fb,"OKAY",00000000,0,2,1,0,0,0,0,0,0,0,2,0,1,4,0,0,1,0,0037e400,"INCR",3,ff,0,"Data Secure Unprivileged",0,"4 bytes",0,00000000,"FIXED",0,00,0,"Data Secure Unprivileged",0,"1 byte",0,"OKAY",0,c08d1dae,"OKAY",00000000,4,2,0,1,0,0,0,0,2,0,1,0,2,1,0,2,1,0,c08d1dae,3,f,0,0,0,00000004,3,1,0,0,1,"No Read Addr Cmds","No Read Addr Cmds","No Write Addr Cmds","No Write Addr Cmds","No Write Responses","No Write Responses","_","_","_","_","_","_","_","_","No Write Data Beats","No Write Data Beats"
1558,1558,0,0,1,1,0,0,0,8e5ffe20afb76fe31ba56e5faf65c9d2,0,3b9a3d13b8d6963fae1d8dc05a6037b2,0,1,0,1,ff81e4df,ffffffdb,0,1,0,0,0,00000000,"FIXED",3,00,"Data Secure Unprivileged","1 byte",0,0,00000000,"INCR",3,00,"Data Secure Unprivileged","4 bytes",0,0,ff8127fb,"OKAY",00000000,0,2,1,0,0,0,0,0,0,0,2,0,1,4,0,0,1,0,0037e400,"INCR",3,ff,0,"Data Secure Unprivileged",0,"4 bytes",0,00000000,"FIXED",0,00,0,"Data Secure Unprivileged",0,"1 byte",0,"OKAY",0,c08d1dae,"OKAY",00000000,4,2,0,1,0,0,0,0,2,0,1,0,2,1,0,2,1,0,c08d1dae,3,f,0,0,0,00000004,3,1,0,0,1,"No Read Addr Cmds","No Read Addr Cmds","No Write Addr Cmds","No Write Addr Cmds","No Write Responses","No Write Responses","_","_","_","_","_","_","_","_","No Write Data Beats","No Write Data Beats"
1559,1559,0,0,1,1,0,0,0,8e5ffe20afb76fe31ba56e5faf65c9d2,0,3b9a3d13b8d6963fae1d8dc05a6037b2,0,1,0,1,ff81e4df,ffffffdb,0,1,0,0,0,00000000,"FIXED",3,00,"Data Secure Unprivileged","1 byte",0,0,00000000,"INCR",3,00,"Data Secure Unprivileged","4 bytes",0,0,ff8127fb,"OKAY",00000000,0,2,1,0,0,0,0,0,0,0,2,0,1,4,0,0,1,0,0037e400,"INCR",3,ff,0,"Data Secure Unprivileged",0,"4 bytes",0,00000000,"FIXED",0,00,0,"Data Secure Unprivileged",0,"1 byte",0,"OKAY",0,c08d1dae,"OKAY",00000000,4,2,0,1,0,0,0,0,2,0,1,0,2,1,0,2,1,0,c08d1dae,3,f,0,0,0,00000004,3,1,0,0,1,"No Read Addr Cmds","No Read Addr Cmds","No Write Addr Cmds","No Write Addr Cmds","No Write Responses","No Write Responses","_","_","_","_","_","_","_","_","No Write Data Beats","No Write Data Beats"
1560,1560,0,0,1,1,0,0,0,8e5ffe20afb76fe31ba56e5faf65c9d2,0,3b9a3d13b8d6963fae1d8dc05a6037b2,0,1,0,1,ff81e4df,ffffffdb,0,1,0,0,0,00000000,"FIXED",3,00,"Data Secure Unprivileged","1 byte",0,0,00000000,"INCR",3,00,"Data Secure Unprivileged","4 bytes",0,0,ff8127fb,"OKAY",00000000,0,2,1,0,0,0,0,0,0,0,2,0,1,4,0,0,1,0,0037e400,"INCR",3,ff,0,"Data Secure Unprivileged",0,"4 bytes",0,00000000,"FIXED",0,00,0,"Data Secure Unprivileged",0,"1 byte",0,"OKAY",0,c08d1dae,"OKAY",00000000,4,2,0,1,0,0,0,0,2,0,1,0,2,1,0,2,1,0,c08d1dae,3,f,0,0,0,00000004,3,1,0,0,1,"No Read Addr Cmds","No Read Addr Cmds","No Write Addr Cmds","No Write Addr Cmds","No Write Responses","No Write Responses","_","_","_","_","_","_","_","_","No Write Data Beats","No Write Data Beats"
1561,1561,0,0,1,1,0,0,0,8e5ffe20afb76fe31ba56e5faf65c9d2,0,3b9a3d13b8d6963fae1d8dc05a6037b2,0,1,0,1,ff81e4df,ffffffdb,0,1,0,0,0,00000000,"FIXED",3,00,"Data Secure Unprivileged","1 byte",0,0,00000000,"INCR",3,00,"Data Secure Unprivileged","4 bytes",0,0,ff8127fb,"OKAY",00000000,0,2,1,0,0,0,0,0,0,0,2,0,1,4,0,0,1,0,0037e400,"INCR",3,ff,0,"Data Secure Unprivileged",0,"4 bytes",0,00000000,"FIXED",0,00,0,"Data Secure Unprivileged",0,"1 byte",0,"OKAY",0,c08d1dae,"OKAY",00000000,4,2,0,1,0,0,0,0,2,0,1,0,2,1,0,2,1,0,c08d1dae,3,f,0,0,0,00000004,3,1,0,0,1,"No Read Addr Cmds","No Read Addr Cmds","No Write Addr Cmds","No Write Addr Cmds","No Write Responses","No Write Responses","_","_","_","_","_","_","_","_","No Write Data Beats","No Write Data Beats"
1562,1562,0,0,1,1,0,0,0,8e5ffe20afb76fe31ba56e5faf65c9d2,0,3b9a3d13b8d6963fae1d8dc05a6037b2,0,1,0,1,ff81e4df,ffffffdb,0,1,0,0,0,00000000,"FIXED",3,00,"Data Secure Unprivileged","1 byte",0,0,00000000,"INCR",3,00,"Data Secure Unprivileged","4 bytes",0,0,ff8127fb,"OKAY",00000000,0,2,1,0,0,0,0,0,0,0,2,0,1,4,0,0,1,0,0037e400,"INCR",3,ff,0,"Data Secure Unprivileged",0,"4 bytes",0,00000000,"FIXED",0,00,0,"Data Secure Unprivileged",0,"1 byte",0,"OKAY",0,c08d1dae,"OKAY",00000000,4,2,0,1,0,0,0,0,2,0,1,0,2,1,0,2,1,0,c08d1dae,3,f,0,0,0,00000004,3,1,0,0,1,"No Read Addr Cmds","No Read Addr Cmds","No Write Addr Cmds","No Write Addr Cmds","No Write Responses","No Write Responses","_","_","_","_","_","_","_","_","No Write Data Beats","No Write Data Beats"
1563,1563,0,0,1,1,0,0,0,8e5ffe20afb76fe31ba56e5faf65c9d2,0,3b9a3d13b8d6963fae1d8dc05a6037b2,0,1,0,1,ff81e4df,ffffffdb,0,1,0,0,0,00000000,"FIXED",3,00,"Data Secure Unprivileged","1 byte",0,0,00000000,"INCR",3,00,"Data Secure Unprivileged","4 bytes",0,0,ff8127fb,"OKAY",00000000,0,2,1,0,0,0,0,0,0,0,2,0,1,4,0,0,1,0,0037e400,"INCR",3,ff,0,"Data Secure Unprivileged",0,"4 bytes",0,00000000,"FIXED",0,00,0,"Data Secure Unprivileged",0,"1 byte",0,"OKAY",0,c08d1dae,"OKAY",00000000,4,2,0,1,0,0,0,0,2,0,1,0,2,1,0,2,1,0,c08d1dae,3,f,0,0,0,00000004,3,1,0,0,1,"No Read Addr Cmds","No Read Addr Cmds","No Write Addr Cmds","No Write Addr Cmds","No Write Responses","No Write Responses","_","_","_","_","_","_","_","_","No Write Data Beats","No Write Data Beats"
1564,1564,0,0,1,1,0,0,0,8e5ffe20afb76fe31ba56e5faf65c9d2,0,3b9a3d13b8d6963fae1d8dc05a6037b2,0,1,0,1,ff81e4df,ffffffdb,0,1,0,0,0,00000000,"FIXED",3,00,"Data Secure Unprivileged","1 byte",0,0,00000000,"INCR",3,00,"Data Secure Unprivileged","4 bytes",0,0,ff8127fb,"OKAY",00000000,0,2,1,0,0,0,0,0,0,0,2,0,1,4,0,0,1,0,0037e400,"INCR",3,ff,0,"Data Secure Unprivileged",0,"4 bytes",0,00000000,"FIXED",0,00,0,"Data Secure Unprivileged",0,"1 byte",0,"OKAY",0,c08d1dae,"OKAY",00000000,4,2,0,1,0,0,0,0,2,0,1,0,2,1,0,2,1,0,c08d1dae,3,f,0,0,0,00000004,3,1,0,0,1,"No Read Addr Cmds","No Read Addr Cmds","No Write Addr Cmds","No Write Addr Cmds","No Write Responses","No Write Responses","_","_","_","_","_","_","_","_","No Write Data Beats","No Write Data Beats"
1565,1565,0,0,1,1,0,0,0,8e5ffe20afb76fe31ba56e5faf65c9d2,0,3b9a3d13b8d6963fae1d8dc05a6037b2,0,1,0,1,ff81e4df,ffffffdb,0,1,0,0,0,00000000,"FIXED",3,00,"Data Secure Unprivileged","1 byte",0,0,00000000,"INCR",3,00,"Data Secure Unprivileged","4 bytes",0,0,ff8127fb,"OKAY",00000000,0,2,1,0,0,0,0,0,0,0,2,0,1,4,0,0,1,0,0037e400,"INCR",3,ff,0,"Data Secure Unprivileged",0,"4 bytes",0,00000000,"FIXED",0,00,0,"Data Secure Unprivileged",0,"1 byte",0,"OKAY",0,c08d1dae,"OKAY",00000000,4,2,0,1,0,0,0,0,2,0,1,0,2,1,0,2,1,0,c08d1dae,3,f,0,0,0,00000004,3,1,0,0,1,"No Read Addr Cmds","No Read Addr Cmds","No Write Addr Cmds","No Write Addr Cmds","No Write Responses","No Write Responses","_","_","_","_","_","_","_","_","No Write Data Beats","No Write Data Beats"
1566,1566,0,0,1,1,0,0,0,8e5ffe20afb76fe31ba56e5faf65c9d2,0,3b9a3d13b8d6963fae1d8dc05a6037b2,0,1,0,1,ff81e4df,ffffffdb,0,1,0,0,0,00000000,"FIXED",3,00,"Data Secure Unprivileged","1 byte",0,0,00000000,"INCR",3,00,"Data Secure Unprivileged","4 bytes",0,0,ff8127fb,"OKAY",00000000,0,2,1,0,0,0,0,0,0,0,2,0,1,4,0,0,1,0,0037e400,"INCR",3,ff,0,"Data Secure Unprivileged",0,"4 bytes",0,00000000,"FIXED",0,00,0,"Data Secure Unprivileged",0,"1 byte",0,"OKAY",0,c08d1dae,"OKAY",00000000,4,2,0,1,0,0,0,0,2,0,1,0,2,1,0,2,1,0,c08d1dae,3,f,0,0,0,00000004,3,1,0,0,1,"No Read Addr Cmds","No Read Addr Cmds","No Write Addr Cmds","No Write Addr Cmds","No Write Responses","No Write Responses","_","_","_","_","_","_","_","_","No Write Data Beats","No Write Data Beats"
1567,1567,0,0,1,1,0,0,0,8e5ffe20afb76fe31ba56e5faf65c9d2,0,3b9a3d13b8d6963fae1d8dc05a6037b2,0,1,0,1,ff81e4df,ffffffdb,0,1,0,0,0,00000000,"FIXED",3,00,"Data Secure Unprivileged","1 byte",0,0,00000000,"INCR",3,00,"Data Secure Unprivileged","4 bytes",0,0,ff8127fb,"OKAY",00000000,0,2,1,0,0,0,0,0,0,0,2,0,1,4,0,0,1,0,0037e400,"INCR",3,ff,0,"Data Secure Unprivileged",0,"4 bytes",0,00000000,"FIXED",0,00,0,"Data Secure Unprivileged",0,"1 byte",0,"OKAY",0,c08d1dae,"OKAY",00000000,4,2,0,1,0,0,0,0,2,0,1,0,2,1,0,2,1,0,c08d1dae,3,f,0,0,0,00000004,3,1,0,0,1,"No Read Addr Cmds","No Read Addr Cmds","No Write Addr Cmds","No Write Addr Cmds","No Write Responses","No Write Responses","_","_","_","_","_","_","_","_","No Write Data Beats","No Write Data Beats"
1568,1568,0,0,1,1,0,0,0,8e5ffe20afb76fe31ba56e5faf65c9d2,0,3b9a3d13b8d6963fae1d8dc05a6037b2,0,1,0,1,ff81e4df,ffffffdb,0,1,0,0,0,00000000,"FIXED",3,00,"Data Secure Unprivileged","1 byte",0,0,00000000,"INCR",3,00,"Data Secure Unprivileged","4 bytes",0,0,ff8127fb,"OKAY",00000000,0,2,1,0,0,0,0,0,0,0,2,0,1,4,0,0,1,0,0037e400,"INCR",3,ff,0,"Data Secure Unprivileged",0,"4 bytes",0,00000000,"FIXED",0,00,0,"Data Secure Unprivileged",0,"1 byte",0,"OKAY",0,c08d1dae,"OKAY",00000000,4,2,0,1,0,0,0,0,2,0,1,0,2,1,0,2,1,0,c08d1dae,3,f,0,0,0,00000004,3,1,0,0,1,"No Read Addr Cmds","No Read Addr Cmds","No Write Addr Cmds","No Write Addr Cmds","No Write Responses","No Write Responses","_","_","_","_","_","_","_","_","No Write Data Beats","No Write Data Beats"
1569,1569,0,0,1,1,0,0,0,8e5ffe20afb76fe31ba56e5faf65c9d2,0,3b9a3d13b8d6963fae1d8dc05a6037b2,0,1,0,1,ff81e4df,ffffffdb,0,1,0,0,0,00000000,"FIXED",3,00,"Data Secure Unprivileged","1 byte",0,0,00000000,"INCR",3,00,"Data Secure Unprivileged","4 bytes",0,0,ff8127fb,"OKAY",00000000,0,2,1,0,0,0,0,0,0,0,2,0,1,4,0,0,1,0,0037e400,"INCR",3,ff,0,"Data Secure Unprivileged",0,"4 bytes",0,00000000,"FIXED",0,00,0,"Data Secure Unprivileged",0,"1 byte",0,"OKAY",0,c08d1dae,"OKAY",00000000,4,2,0,1,0,0,0,0,2,0,1,0,2,1,0,2,1,0,c08d1dae,3,f,0,0,0,00000004,3,1,0,0,1,"No Read Addr Cmds","No Read Addr Cmds","No Write Addr Cmds","No Write Addr Cmds","No Write Responses","No Write Responses","_","_","_","_","_","_","_","_","No Write Data Beats","No Write Data Beats"
1570,1570,0,0,1,1,0,0,0,8e5ffe20afb76fe31ba56e5faf65c9d2,0,3b9a3d13b8d6963fae1d8dc05a6037b2,0,1,0,1,ff81e4df,ffffffdb,0,1,0,0,0,00000000,"FIXED",3,00,"Data Secure Unprivileged","1 byte",0,0,00000000,"INCR",3,00,"Data Secure Unprivileged","4 bytes",0,0,ff8127fb,"OKAY",00000000,0,2,1,0,0,0,0,0,0,0,2,0,1,4,0,0,1,0,0037e400,"INCR",3,ff,0,"Data Secure Unprivileged",0,"4 bytes",0,00000000,"FIXED",0,00,0,"Data Secure Unprivileged",0,"1 byte",0,"OKAY",0,c08d1dae,"OKAY",00000000,4,2,0,1,0,0,0,0,2,0,1,0,2,1,0,2,1,0,c08d1dae,3,f,0,0,0,00000004,3,1,0,0,1,"No Read Addr Cmds","No Read Addr Cmds","No Write Addr Cmds","No Write Addr Cmds","No Write Responses","No Write Responses","_","_","_","_","_","_","_","_","No Write Data Beats","No Write Data Beats"
1571,1571,0,0,1,1,0,0,0,8e5ffe20afb76fe31ba56e5faf65c9d2,0,3b9a3d13b8d6963fae1d8dc05a6037b2,0,1,0,1,ff81e4df,ffffffdb,0,1,0,0,0,00000000,"FIXED",3,00,"Data Secure Unprivileged","1 byte",0,0,00000000,"INCR",3,00,"Data Secure Unprivileged","4 bytes",0,0,ff8127fb,"OKAY",00000000,0,2,1,0,0,0,0,0,0,0,2,0,1,4,0,0,1,0,0037e400,"INCR",3,ff,0,"Data Secure Unprivileged",0,"4 bytes",0,00000000,"FIXED",0,00,0,"Data Secure Unprivileged",0,"1 byte",0,"OKAY",0,c08d1dae,"OKAY",00000000,4,2,0,1,0,0,0,0,2,0,1,0,2,1,0,2,1,0,c08d1dae,3,f,0,0,0,00000004,3,1,0,0,1,"No Read Addr Cmds","No Read Addr Cmds","No Write Addr Cmds","No Write Addr Cmds","No Write Responses","No Write Responses","_","_","_","_","_","_","_","_","No Write Data Beats","No Write Data Beats"
1572,1572,0,0,1,1,0,0,0,8e5ffe20afb76fe31ba56e5faf65c9d2,0,3b9a3d13b8d6963fae1d8dc05a6037b2,0,1,0,1,ff81e4df,ffffffdb,0,1,0,0,0,00000000,"FIXED",3,00,"Data Secure Unprivileged","1 byte",0,0,00000000,"INCR",3,00,"Data Secure Unprivileged","4 bytes",0,0,ff8127fb,"OKAY",00000000,0,2,1,0,0,0,0,0,0,0,2,0,1,4,0,0,1,0,0037e400,"INCR",3,ff,0,"Data Secure Unprivileged",0,"4 bytes",0,00000000,"FIXED",0,00,0,"Data Secure Unprivileged",0,"1 byte",0,"OKAY",0,c08d1dae,"OKAY",00000000,4,2,0,1,0,0,0,0,2,0,1,0,2,1,0,2,1,0,c08d1dae,3,f,0,0,0,00000004,3,1,0,0,1,"No Read Addr Cmds","No Read Addr Cmds","No Write Addr Cmds","No Write Addr Cmds","No Write Responses","No Write Responses","_","_","_","_","_","_","_","_","No Write Data Beats","No Write Data Beats"
1573,1573,0,0,1,1,0,0,0,8e5ffe20afb76fe31ba56e5faf65c9d2,0,3b9a3d13b8d6963fae1d8dc05a6037b2,0,1,0,1,ff81e4df,ffffffdb,0,1,0,0,0,00000000,"FIXED",3,00,"Data Secure Unprivileged","1 byte",0,0,00000000,"INCR",3,00,"Data Secure Unprivileged","4 bytes",0,0,ff8127fb,"OKAY",00000000,0,2,1,0,0,0,0,0,0,0,2,0,1,4,0,0,1,0,0037e400,"INCR",3,ff,0,"Data Secure Unprivileged",0,"4 bytes",0,00000000,"FIXED",0,00,0,"Data Secure Unprivileged",0,"1 byte",0,"OKAY",0,c08d1dae,"OKAY",00000000,4,2,0,1,0,0,0,0,2,0,1,0,2,1,0,2,1,0,c08d1dae,3,f,0,0,0,00000004,3,1,0,0,1,"No Read Addr Cmds","No Read Addr Cmds","No Write Addr Cmds","No Write Addr Cmds","No Write Responses","No Write Responses","_","_","_","_","_","_","_","_","No Write Data Beats","No Write Data Beats"
1574,1574,0,0,1,1,0,0,0,8e5ffe20afb76fe31ba56e5faf65c9d2,0,3b9a3d13b8d6963fae1d8dc05a6037b2,0,1,0,1,ff81e4df,ffffffdb,0,1,0,0,0,00000000,"FIXED",3,00,"Data Secure Unprivileged","1 byte",0,0,00000000,"INCR",3,00,"Data Secure Unprivileged","4 bytes",0,0,ff8127fb,"OKAY",00000000,0,2,1,0,0,0,0,0,0,0,2,0,1,4,0,0,1,0,0037e400,"INCR",3,ff,0,"Data Secure Unprivileged",0,"4 bytes",0,00000000,"FIXED",0,00,0,"Data Secure Unprivileged",0,"1 byte",0,"OKAY",0,c08d1dae,"OKAY",00000000,4,2,0,1,0,0,0,0,2,0,1,0,2,1,0,2,1,0,c08d1dae,3,f,0,0,0,00000004,3,1,0,0,1,"No Read Addr Cmds","No Read Addr Cmds","No Write Addr Cmds","No Write Addr Cmds","No Write Responses","No Write Responses","_","_","_","_","_","_","_","_","No Write Data Beats","No Write Data Beats"
1575,1575,0,0,1,1,0,0,0,8e5ffe20afb76fe31ba56e5faf65c9d2,0,3b9a3d13b8d6963fae1d8dc05a6037b2,0,1,0,1,ff81e4df,ffffffdb,0,1,0,0,0,00000000,"FIXED",3,00,"Data Secure Unprivileged","1 byte",0,0,00000000,"INCR",3,00,"Data Secure Unprivileged","4 bytes",0,0,ff8127fb,"OKAY",00000000,0,2,1,0,0,0,0,0,0,0,2,0,1,4,0,0,1,0,0037e400,"INCR",3,ff,0,"Data Secure Unprivileged",0,"4 bytes",0,00000000,"FIXED",0,00,0,"Data Secure Unprivileged",0,"1 byte",0,"OKAY",0,c08d1dae,"OKAY",00000000,4,2,0,1,0,0,0,0,2,0,1,0,2,1,0,2,1,0,c08d1dae,3,f,0,0,0,00000004,3,1,0,0,1,"No Read Addr Cmds","No Read Addr Cmds","No Write Addr Cmds","No Write Addr Cmds","No Write Responses","No Write Responses","_","_","_","_","_","_","_","_","No Write Data Beats","No Write Data Beats"
1576,1576,0,0,1,1,0,0,0,8e5ffe20afb76fe31ba56e5faf65c9d2,0,3b9a3d13b8d6963fae1d8dc05a6037b2,0,1,0,1,ff81e4df,ffffffdb,0,1,0,0,0,00000000,"FIXED",3,00,"Data Secure Unprivileged","1 byte",0,0,00000000,"INCR",3,00,"Data Secure Unprivileged","4 bytes",0,0,ff8127fb,"OKAY",00000000,0,2,1,0,0,0,0,0,0,0,2,0,1,4,0,0,1,0,0037e400,"INCR",3,ff,0,"Data Secure Unprivileged",0,"4 bytes",0,00000000,"FIXED",0,00,0,"Data Secure Unprivileged",0,"1 byte",0,"OKAY",0,c08d1dae,"OKAY",00000000,4,2,0,1,0,0,0,0,2,0,1,0,2,1,0,2,1,0,c08d1dae,3,f,0,0,0,00000004,3,1,0,0,1,"No Read Addr Cmds","No Read Addr Cmds","No Write Addr Cmds","No Write Addr Cmds","No Write Responses","No Write Responses","_","_","_","_","_","_","_","_","No Write Data Beats","No Write Data Beats"
1577,1577,0,0,1,1,0,0,0,8e5ffe20afb76fe31ba56e5faf65c9d2,0,3b9a3d13b8d6963fae1d8dc05a6037b2,0,1,0,1,ff81e4df,ffffffdb,0,1,0,0,0,00000000,"FIXED",3,00,"Data Secure Unprivileged","1 byte",0,0,00000000,"INCR",3,00,"Data Secure Unprivileged","4 bytes",0,0,ff8127fb,"OKAY",00000000,0,2,1,0,0,0,0,0,0,0,2,0,1,4,0,0,1,0,0037e400,"INCR",3,ff,0,"Data Secure Unprivileged",0,"4 bytes",0,00000000,"FIXED",0,00,0,"Data Secure Unprivileged",0,"1 byte",0,"OKAY",0,c08d1dae,"OKAY",00000000,4,2,0,1,0,0,0,0,2,0,1,0,2,1,0,2,1,0,c08d1dae,3,f,0,0,0,00000004,3,1,0,0,1,"No Read Addr Cmds","No Read Addr Cmds","No Write Addr Cmds","No Write Addr Cmds","No Write Responses","No Write Responses","_","_","_","_","_","_","_","_","No Write Data Beats","No Write Data Beats"
1578,1578,0,0,1,1,0,0,0,8e5ffe20afb76fe31ba56e5faf65c9d2,0,3b9a3d13b8d6963fae1d8dc05a6037b2,0,1,0,1,ff81e4df,ffffffdb,0,1,0,0,0,00000000,"FIXED",3,00,"Data Secure Unprivileged","1 byte",0,0,00000000,"INCR",3,00,"Data Secure Unprivileged","4 bytes",0,0,ff8127fb,"OKAY",00000000,0,2,1,0,0,0,0,0,0,0,2,0,1,4,0,0,1,0,0037e400,"INCR",3,ff,0,"Data Secure Unprivileged",0,"4 bytes",0,00000000,"FIXED",0,00,0,"Data Secure Unprivileged",0,"1 byte",0,"OKAY",0,c08d1dae,"OKAY",00000000,4,2,0,1,0,0,0,0,2,0,1,0,2,1,0,2,1,0,c08d1dae,3,f,0,0,0,00000004,3,1,0,0,1,"No Read Addr Cmds","No Read Addr Cmds","No Write Addr Cmds","No Write Addr Cmds","No Write Responses","No Write Responses","_","_","_","_","_","_","_","_","No Write Data Beats","No Write Data Beats"
1579,1579,0,0,1,1,0,0,0,8e5ffe20afb76fe31ba56e5faf65c9d2,0,3b9a3d13b8d6963fae1d8dc05a6037b2,0,1,0,1,ff81e4df,ffffffdb,0,1,0,0,0,00000000,"FIXED",3,00,"Data Secure Unprivileged","1 byte",0,0,00000000,"INCR",3,00,"Data Secure Unprivileged","4 bytes",0,0,ff8127fb,"OKAY",00000000,0,2,1,0,0,0,0,0,0,0,2,0,1,4,0,0,1,0,0037e400,"INCR",3,ff,0,"Data Secure Unprivileged",0,"4 bytes",0,00000000,"FIXED",0,00,0,"Data Secure Unprivileged",0,"1 byte",0,"OKAY",0,c08d1dae,"OKAY",00000000,4,2,0,1,0,0,0,0,2,0,1,0,2,1,0,2,1,0,c08d1dae,3,f,0,0,0,00000004,3,1,0,0,1,"No Read Addr Cmds","No Read Addr Cmds","No Write Addr Cmds","No Write Addr Cmds","No Write Responses","No Write Responses","_","_","_","_","_","_","_","_","No Write Data Beats","No Write Data Beats"
1580,1580,0,0,1,1,0,0,0,8e5ffe20afb76fe31ba56e5faf65c9d2,0,3b9a3d13b8d6963fae1d8dc05a6037b2,0,1,0,1,ff81e4df,ffffffdb,0,1,0,0,0,00000000,"FIXED",3,00,"Data Secure Unprivileged","1 byte",0,0,00000000,"INCR",3,00,"Data Secure Unprivileged","4 bytes",0,0,ff8127fb,"OKAY",00000000,0,2,1,0,0,0,0,0,0,0,2,0,1,4,0,0,1,0,0037e400,"INCR",3,ff,0,"Data Secure Unprivileged",0,"4 bytes",0,00000000,"FIXED",0,00,0,"Data Secure Unprivileged",0,"1 byte",0,"OKAY",0,c08d1dae,"OKAY",00000000,4,2,0,1,0,0,0,0,2,0,1,0,2,1,0,2,1,0,c08d1dae,3,f,0,0,0,00000004,3,1,0,0,1,"No Read Addr Cmds","No Read Addr Cmds","No Write Addr Cmds","No Write Addr Cmds","No Write Responses","No Write Responses","_","_","_","_","_","_","_","_","No Write Data Beats","No Write Data Beats"
1581,1581,0,0,1,1,0,0,0,8e5ffe20afb76fe31ba56e5faf65c9d2,0,3b9a3d13b8d6963fae1d8dc05a6037b2,0,1,0,1,ff81e4df,ffffffdb,0,1,0,0,0,00000000,"FIXED",3,00,"Data Secure Unprivileged","1 byte",0,0,00000000,"INCR",3,00,"Data Secure Unprivileged","4 bytes",0,0,ff8127fb,"OKAY",00000000,0,2,1,0,0,0,0,0,0,0,2,0,1,4,0,0,1,0,0037e400,"INCR",3,ff,0,"Data Secure Unprivileged",0,"4 bytes",0,00000000,"FIXED",0,00,0,"Data Secure Unprivileged",0,"1 byte",0,"OKAY",0,c08d1dae,"OKAY",00000000,4,2,0,1,0,0,0,0,2,0,1,0,2,1,0,2,1,0,c08d1dae,3,f,0,0,0,00000004,3,1,0,0,1,"No Read Addr Cmds","No Read Addr Cmds","No Write Addr Cmds","No Write Addr Cmds","No Write Responses","No Write Responses","_","_","_","_","_","_","_","_","No Write Data Beats","No Write Data Beats"
1582,1582,0,0,1,1,0,0,0,8e5ffe20afb76fe31ba56e5faf65c9d2,0,3b9a3d13b8d6963fae1d8dc05a6037b2,0,1,0,1,ff81e4df,ffffffdb,0,1,0,0,0,00000000,"FIXED",3,00,"Data Secure Unprivileged","1 byte",0,0,00000000,"INCR",3,00,"Data Secure Unprivileged","4 bytes",0,0,ff8127fb,"OKAY",00000000,0,2,1,0,0,0,0,0,0,0,2,0,1,4,0,0,1,0,0037e400,"INCR",3,ff,0,"Data Secure Unprivileged",0,"4 bytes",0,00000000,"FIXED",0,00,0,"Data Secure Unprivileged",0,"1 byte",0,"OKAY",0,c08d1dae,"OKAY",00000000,4,2,0,1,0,0,0,0,2,0,1,0,2,1,0,2,1,0,c08d1dae,3,f,0,0,0,00000004,3,1,0,0,1,"No Read Addr Cmds","No Read Addr Cmds","No Write Addr Cmds","No Write Addr Cmds","No Write Responses","No Write Responses","_","_","_","_","_","_","_","_","No Write Data Beats","No Write Data Beats"
1583,1583,0,0,1,1,0,0,0,8e5ffe20afb76fe31ba56e5faf65c9d2,0,3b9a3d13b8d6963fae1d8dc05a6037b2,0,1,0,1,ff81e4df,ffffffdb,0,1,0,0,0,00000000,"FIXED",3,00,"Data Secure Unprivileged","1 byte",0,0,00000000,"INCR",3,00,"Data Secure Unprivileged","4 bytes",0,0,ff8127fb,"OKAY",00000000,0,2,1,0,0,0,0,0,0,0,2,0,1,4,0,0,1,0,0037e400,"INCR",3,ff,0,"Data Secure Unprivileged",0,"4 bytes",0,00000000,"FIXED",0,00,0,"Data Secure Unprivileged",0,"1 byte",0,"OKAY",0,c08d1dae,"OKAY",00000000,4,2,0,1,0,0,0,0,2,0,1,0,2,1,0,2,1,0,c08d1dae,3,f,0,0,0,00000004,3,1,0,0,1,"No Read Addr Cmds","No Read Addr Cmds","No Write Addr Cmds","No Write Addr Cmds","No Write Responses","No Write Responses","_","_","_","_","_","_","_","_","No Write Data Beats","No Write Data Beats"
1584,1584,0,0,1,1,0,0,0,8e5ffe20afb76fe31ba56e5faf65c9d2,0,3b9a3d13b8d6963fae1d8dc05a6037b2,0,1,0,1,ff81e4df,ffffffdb,0,1,0,0,0,00000000,"FIXED",3,00,"Data Secure Unprivileged","1 byte",0,0,00000000,"INCR",3,00,"Data Secure Unprivileged","4 bytes",0,0,ff8127fb,"OKAY",00000000,0,2,1,0,0,0,0,0,0,0,2,0,1,4,0,0,1,0,0037e400,"INCR",3,ff,0,"Data Secure Unprivileged",0,"4 bytes",0,00000000,"FIXED",0,00,0,"Data Secure Unprivileged",0,"1 byte",0,"OKAY",0,c08d1dae,"OKAY",00000000,4,2,0,1,0,0,0,0,2,0,1,0,2,1,0,2,1,0,c08d1dae,3,f,0,0,0,00000004,3,1,0,0,1,"No Read Addr Cmds","No Read Addr Cmds","No Write Addr Cmds","No Write Addr Cmds","No Write Responses","No Write Responses","_","_","_","_","_","_","_","_","No Write Data Beats","No Write Data Beats"
1585,1585,0,0,1,1,0,0,0,8e5ffe20afb76fe31ba56e5faf65c9d2,0,3b9a3d13b8d6963fae1d8dc05a6037b2,0,1,0,1,ff81e4df,ffffffdb,0,1,0,0,0,00000000,"FIXED",3,00,"Data Secure Unprivileged","1 byte",0,0,00000000,"INCR",3,00,"Data Secure Unprivileged","4 bytes",0,0,ff8127fb,"OKAY",00000000,0,2,1,0,0,0,0,0,0,0,2,0,1,4,0,0,1,0,0037e400,"INCR",3,ff,0,"Data Secure Unprivileged",0,"4 bytes",0,00000000,"FIXED",0,00,0,"Data Secure Unprivileged",0,"1 byte",0,"OKAY",0,c08d1dae,"OKAY",00000000,4,2,0,1,0,0,0,0,2,0,1,0,2,1,0,2,1,0,c08d1dae,3,f,0,0,0,00000004,3,1,0,0,1,"No Read Addr Cmds","No Read Addr Cmds","No Write Addr Cmds","No Write Addr Cmds","No Write Responses","No Write Responses","_","_","_","_","_","_","_","_","No Write Data Beats","No Write Data Beats"
1586,1586,0,0,1,1,0,0,0,8e5ffe20afb76fe31ba56e5faf65c9d2,0,3b9a3d13b8d6963fae1d8dc05a6037b2,0,1,0,1,ff81e4df,ffffffdb,0,1,0,0,0,00000000,"FIXED",3,00,"Data Secure Unprivileged","1 byte",0,0,00000000,"INCR",3,00,"Data Secure Unprivileged","4 bytes",0,0,ff8127fb,"OKAY",00000000,0,2,1,0,0,0,0,0,0,0,2,0,1,4,0,0,1,0,0037e400,"INCR",3,ff,0,"Data Secure Unprivileged",0,"4 bytes",0,00000000,"FIXED",0,00,0,"Data Secure Unprivileged",0,"1 byte",0,"OKAY",0,c08d1dae,"OKAY",00000000,4,2,0,1,0,0,0,0,2,0,1,0,2,1,0,2,1,0,c08d1dae,3,f,0,0,0,00000004,3,1,0,0,1,"No Read Addr Cmds","No Read Addr Cmds","No Write Addr Cmds","No Write Addr Cmds","No Write Responses","No Write Responses","_","_","_","_","_","_","_","_","No Write Data Beats","No Write Data Beats"
1587,1587,0,0,1,1,0,0,0,8e5ffe20afb76fe31ba56e5faf65c9d2,0,3b9a3d13b8d6963fae1d8dc05a6037b2,0,1,0,1,ff81e4df,ffffffdb,0,1,0,0,0,00000000,"FIXED",3,00,"Data Secure Unprivileged","1 byte",0,0,00000000,"INCR",3,00,"Data Secure Unprivileged","4 bytes",0,0,ff8127fb,"OKAY",00000000,0,2,1,0,0,0,0,0,0,0,2,0,1,4,0,0,1,0,0037e400,"INCR",3,ff,0,"Data Secure Unprivileged",0,"4 bytes",0,00000000,"FIXED",0,00,0,"Data Secure Unprivileged",0,"1 byte",0,"OKAY",0,c08d1dae,"OKAY",00000000,4,2,0,1,0,0,0,0,2,0,1,0,2,1,0,2,1,0,c08d1dae,3,f,0,0,0,00000004,3,1,0,0,1,"No Read Addr Cmds","No Read Addr Cmds","No Write Addr Cmds","No Write Addr Cmds","No Write Responses","No Write Responses","_","_","_","_","_","_","_","_","No Write Data Beats","No Write Data Beats"
1588,1588,0,0,1,1,0,0,0,8e5ffe20afb76fe31ba56e5faf65c9d2,0,3b9a3d13b8d6963fae1d8dc05a6037b2,0,1,0,1,ff81e4df,ffffffdb,0,1,0,0,0,00000000,"FIXED",3,00,"Data Secure Unprivileged","1 byte",0,0,00000000,"INCR",3,00,"Data Secure Unprivileged","4 bytes",0,0,ff8127fb,"OKAY",00000000,0,2,1,0,0,0,0,0,0,0,2,0,1,4,0,0,1,0,0037e400,"INCR",3,ff,0,"Data Secure Unprivileged",0,"4 bytes",0,00000000,"FIXED",0,00,0,"Data Secure Unprivileged",0,"1 byte",0,"OKAY",0,c08d1dae,"OKAY",00000000,4,2,0,1,0,0,0,0,2,0,1,0,2,1,0,2,1,0,c08d1dae,3,f,0,0,0,00000004,3,1,0,0,1,"No Read Addr Cmds","No Read Addr Cmds","No Write Addr Cmds","No Write Addr Cmds","No Write Responses","No Write Responses","_","_","_","_","_","_","_","_","No Write Data Beats","No Write Data Beats"
1589,1589,0,0,1,1,0,0,0,8e5ffe20afb76fe31ba56e5faf65c9d2,0,3b9a3d13b8d6963fae1d8dc05a6037b2,0,1,0,1,ff81e4df,ffffffdb,0,1,0,0,0,00000000,"FIXED",3,00,"Data Secure Unprivileged","1 byte",0,0,00000000,"INCR",3,00,"Data Secure Unprivileged","4 bytes",0,0,ff8127fb,"OKAY",00000000,0,2,1,0,0,0,0,0,0,0,2,0,1,4,0,0,1,0,0037e400,"INCR",3,ff,0,"Data Secure Unprivileged",0,"4 bytes",0,00000000,"FIXED",0,00,0,"Data Secure Unprivileged",0,"1 byte",0,"OKAY",0,c08d1dae,"OKAY",00000000,4,2,0,1,0,0,0,0,2,0,1,0,2,1,0,2,1,0,c08d1dae,3,f,0,0,0,00000004,3,1,0,0,1,"No Read Addr Cmds","No Read Addr Cmds","No Write Addr Cmds","No Write Addr Cmds","No Write Responses","No Write Responses","_","_","_","_","_","_","_","_","No Write Data Beats","No Write Data Beats"
1590,1590,0,0,1,1,0,0,0,8e5ffe20afb76fe31ba56e5faf65c9d2,0,3b9a3d13b8d6963fae1d8dc05a6037b2,0,1,0,1,ff81e4df,ffffffdb,0,1,0,0,0,00000000,"FIXED",3,00,"Data Secure Unprivileged","1 byte",0,0,00000000,"INCR",3,00,"Data Secure Unprivileged","4 bytes",0,0,ff8127fb,"OKAY",00000000,0,2,1,0,0,0,0,0,0,0,2,0,1,4,0,0,1,0,0037e400,"INCR",3,ff,0,"Data Secure Unprivileged",0,"4 bytes",0,00000000,"FIXED",0,00,0,"Data Secure Unprivileged",0,"1 byte",0,"OKAY",0,c08d1dae,"OKAY",00000000,4,2,0,1,0,0,0,0,2,0,1,0,2,1,0,2,1,0,c08d1dae,3,f,0,0,0,00000004,3,1,0,0,1,"No Read Addr Cmds","No Read Addr Cmds","No Write Addr Cmds","No Write Addr Cmds","No Write Responses","No Write Responses","_","_","_","_","_","_","_","_","No Write Data Beats","No Write Data Beats"
1591,1591,0,0,1,1,0,0,0,8e5ffe20afb76fe31ba56e5faf65c9d2,0,3b9a3d13b8d6963fae1d8dc05a6037b2,0,1,0,1,ff81e4df,ffffffdb,0,1,0,0,0,00000000,"FIXED",3,00,"Data Secure Unprivileged","1 byte",0,0,00000000,"INCR",3,00,"Data Secure Unprivileged","4 bytes",0,0,ff8127fb,"OKAY",00000000,0,2,1,0,0,0,0,0,0,0,2,0,1,4,0,0,1,0,0037e400,"INCR",3,ff,0,"Data Secure Unprivileged",0,"4 bytes",0,00000000,"FIXED",0,00,0,"Data Secure Unprivileged",0,"1 byte",0,"OKAY",0,c08d1dae,"OKAY",00000000,4,2,0,1,0,0,0,0,2,0,1,0,2,1,0,2,1,0,c08d1dae,3,f,0,0,0,00000004,3,1,0,0,1,"No Read Addr Cmds","No Read Addr Cmds","No Write Addr Cmds","No Write Addr Cmds","No Write Responses","No Write Responses","_","_","_","_","_","_","_","_","No Write Data Beats","No Write Data Beats"
1592,1592,0,0,1,1,0,0,0,8e5ffe20afb76fe31ba56e5faf65c9d2,0,3b9a3d13b8d6963fae1d8dc05a6037b2,0,1,0,1,ff81e4df,ffffffdb,0,1,0,0,0,00000000,"FIXED",3,00,"Data Secure Unprivileged","1 byte",0,0,00000000,"INCR",3,00,"Data Secure Unprivileged","4 bytes",0,0,ff8127fb,"OKAY",00000000,0,2,1,0,0,0,0,0,0,0,2,0,1,4,0,0,1,0,0037e400,"INCR",3,ff,0,"Data Secure Unprivileged",0,"4 bytes",0,00000000,"FIXED",0,00,0,"Data Secure Unprivileged",0,"1 byte",0,"OKAY",0,c08d1dae,"OKAY",00000000,4,2,0,1,0,0,0,0,2,0,1,0,2,1,0,2,1,0,c08d1dae,3,f,0,0,0,00000004,3,1,0,0,1,"No Read Addr Cmds","No Read Addr Cmds","No Write Addr Cmds","No Write Addr Cmds","No Write Responses","No Write Responses","_","_","_","_","_","_","_","_","No Write Data Beats","No Write Data Beats"
1593,1593,0,0,1,1,0,0,0,8e5ffe20afb76fe31ba56e5faf65c9d2,0,3b9a3d13b8d6963fae1d8dc05a6037b2,0,1,0,1,ff81e4df,ffffffdb,0,1,0,0,0,00000000,"FIXED",3,00,"Data Secure Unprivileged","1 byte",0,0,00000000,"INCR",3,00,"Data Secure Unprivileged","4 bytes",0,0,ff8127fb,"OKAY",00000000,0,2,1,0,0,0,0,0,0,0,2,0,1,4,0,0,1,0,0037e400,"INCR",3,ff,0,"Data Secure Unprivileged",0,"4 bytes",0,00000000,"FIXED",0,00,0,"Data Secure Unprivileged",0,"1 byte",0,"OKAY",0,c08d1dae,"OKAY",00000000,4,2,0,1,0,0,0,0,2,0,1,0,2,1,0,2,1,0,c08d1dae,3,f,0,0,0,00000004,3,1,0,0,1,"No Read Addr Cmds","No Read Addr Cmds","No Write Addr Cmds","No Write Addr Cmds","No Write Responses","No Write Responses","_","_","_","_","_","_","_","_","No Write Data Beats","No Write Data Beats"
1594,1594,0,0,1,1,0,0,0,8e5ffe20afb76fe31ba56e5faf65c9d2,0,3b9a3d13b8d6963fae1d8dc05a6037b2,0,1,0,1,ff81e4df,ffffffdb,0,1,0,0,0,00000000,"FIXED",3,00,"Data Secure Unprivileged","1 byte",0,0,00000000,"INCR",3,00,"Data Secure Unprivileged","4 bytes",0,0,ff8127fb,"OKAY",00000000,0,2,1,0,0,0,0,0,0,0,2,0,1,4,0,0,1,0,0037e400,"INCR",3,ff,0,"Data Secure Unprivileged",0,"4 bytes",0,00000000,"FIXED",0,00,0,"Data Secure Unprivileged",0,"1 byte",0,"OKAY",0,c08d1dae,"OKAY",00000000,4,2,0,1,0,0,0,0,2,0,1,0,2,1,0,2,1,0,c08d1dae,3,f,0,0,0,00000004,3,1,0,0,1,"No Read Addr Cmds","No Read Addr Cmds","No Write Addr Cmds","No Write Addr Cmds","No Write Responses","No Write Responses","_","_","_","_","_","_","_","_","No Write Data Beats","No Write Data Beats"
1595,1595,0,0,1,1,0,0,0,8e5ffe20afb76fe31ba56e5faf65c9d2,0,3b9a3d13b8d6963fae1d8dc05a6037b2,0,1,0,1,ff81e4df,ffffffdb,0,1,0,0,0,00000000,"FIXED",3,00,"Data Secure Unprivileged","1 byte",0,0,00000000,"INCR",3,00,"Data Secure Unprivileged","4 bytes",0,0,ff8127fb,"OKAY",00000000,0,2,1,0,0,0,0,0,0,0,2,0,1,4,0,0,1,0,0037e400,"INCR",3,ff,0,"Data Secure Unprivileged",0,"4 bytes",0,00000000,"FIXED",0,00,0,"Data Secure Unprivileged",0,"1 byte",0,"OKAY",0,c08d1dae,"OKAY",00000000,4,2,0,1,0,0,0,0,2,0,1,0,2,1,0,2,1,0,c08d1dae,3,f,0,0,0,00000004,3,1,0,0,1,"No Read Addr Cmds","No Read Addr Cmds","No Write Addr Cmds","No Write Addr Cmds","No Write Responses","No Write Responses","_","_","_","_","_","_","_","_","No Write Data Beats","No Write Data Beats"
1596,1596,0,0,1,1,0,0,0,8e5ffe20afb76fe31ba56e5faf65c9d2,0,3b9a3d13b8d6963fae1d8dc05a6037b2,0,1,0,1,ff81e4df,ffffffdb,0,1,0,0,0,00000000,"FIXED",3,00,"Data Secure Unprivileged","1 byte",0,0,00000000,"INCR",3,00,"Data Secure Unprivileged","4 bytes",0,0,ff8127fb,"OKAY",00000000,0,2,1,0,0,0,0,0,0,0,2,0,1,4,0,0,1,0,0037e400,"INCR",3,ff,0,"Data Secure Unprivileged",0,"4 bytes",0,00000000,"FIXED",0,00,0,"Data Secure Unprivileged",0,"1 byte",0,"OKAY",0,c08d1dae,"OKAY",00000000,4,2,0,1,0,0,0,0,2,0,1,0,2,1,0,2,1,0,c08d1dae,3,f,0,0,0,00000004,3,1,0,0,1,"No Read Addr Cmds","No Read Addr Cmds","No Write Addr Cmds","No Write Addr Cmds","No Write Responses","No Write Responses","_","_","_","_","_","_","_","_","No Write Data Beats","No Write Data Beats"
1597,1597,0,0,1,1,0,0,0,8e5ffe20afb76fe31ba56e5faf65c9d2,0,3b9a3d13b8d6963fae1d8dc05a6037b2,0,1,0,1,ff81e4df,ffffffdb,0,1,0,0,0,00000000,"FIXED",3,00,"Data Secure Unprivileged","1 byte",0,0,00000000,"INCR",3,00,"Data Secure Unprivileged","4 bytes",0,0,ff8127fb,"OKAY",00000000,0,2,1,0,0,0,0,0,0,0,2,0,1,4,0,0,1,0,0037e400,"INCR",3,ff,0,"Data Secure Unprivileged",0,"4 bytes",0,00000000,"FIXED",0,00,0,"Data Secure Unprivileged",0,"1 byte",0,"OKAY",0,c08d1dae,"OKAY",00000000,4,2,0,1,0,0,0,0,2,0,1,0,2,1,0,2,1,0,c08d1dae,3,f,0,0,0,00000004,3,1,0,0,1,"No Read Addr Cmds","No Read Addr Cmds","No Write Addr Cmds","No Write Addr Cmds","No Write Responses","No Write Responses","_","_","_","_","_","_","_","_","No Write Data Beats","No Write Data Beats"
1598,1598,0,0,1,1,0,0,0,8e5ffe20afb76fe31ba56e5faf65c9d2,0,3b9a3d13b8d6963fae1d8dc05a6037b2,0,1,0,1,ff81e4df,ffffffdb,0,1,0,0,0,00000000,"FIXED",3,00,"Data Secure Unprivileged","1 byte",0,0,00000000,"INCR",3,00,"Data Secure Unprivileged","4 bytes",0,0,ff8127fb,"OKAY",00000000,0,2,1,0,0,0,0,0,0,0,2,0,1,4,0,0,1,0,0037e400,"INCR",3,ff,0,"Data Secure Unprivileged",0,"4 bytes",0,00000000,"FIXED",0,00,0,"Data Secure Unprivileged",0,"1 byte",0,"OKAY",0,c08d1dae,"OKAY",00000000,4,2,0,1,0,0,0,0,2,0,1,0,2,1,0,2,1,0,c08d1dae,3,f,0,0,0,00000004,3,1,0,0,1,"No Read Addr Cmds","No Read Addr Cmds","No Write Addr Cmds","No Write Addr Cmds","No Write Responses","No Write Responses","_","_","_","_","_","_","_","_","No Write Data Beats","No Write Data Beats"
1599,1599,0,0,1,1,0,0,0,8e5ffe20afb76fe31ba56e5faf65c9d2,0,3b9a3d13b8d6963fae1d8dc05a6037b2,0,1,0,1,ff81e4df,ffffffdb,0,1,0,0,0,00000000,"FIXED",3,00,"Data Secure Unprivileged","1 byte",0,0,00000000,"INCR",3,00,"Data Secure Unprivileged","4 bytes",0,0,ff8127fb,"OKAY",00000000,0,2,1,0,0,0,0,0,0,0,2,0,1,4,0,0,1,0,0037e400,"INCR",3,ff,0,"Data Secure Unprivileged",0,"4 bytes",0,00000000,"FIXED",0,00,0,"Data Secure Unprivileged",0,"1 byte",0,"OKAY",0,c08d1dae,"OKAY",00000000,4,2,0,1,0,0,0,0,2,0,1,0,2,1,0,2,1,0,c08d1dae,3,f,0,0,0,00000004,3,1,0,0,1,"No Read Addr Cmds","No Read Addr Cmds","No Write Addr Cmds","No Write Addr Cmds","No Write Responses","No Write Responses","_","_","_","_","_","_","_","_","No Write Data Beats","No Write Data Beats"
1600,1600,0,0,1,1,0,0,0,8e5ffe20afb76fe31ba56e5faf65c9d2,0,3b9a3d13b8d6963fae1d8dc05a6037b2,0,1,0,1,ff81e4df,ffffffdb,0,1,0,0,0,00000000,"FIXED",3,00,"Data Secure Unprivileged","1 byte",0,0,00000000,"INCR",3,00,"Data Secure Unprivileged","4 bytes",0,0,ff8127fb,"OKAY",00000000,0,2,1,0,0,0,0,0,0,0,2,0,1,4,0,0,1,0,0037e400,"INCR",3,ff,0,"Data Secure Unprivileged",0,"4 bytes",0,00000000,"FIXED",0,00,0,"Data Secure Unprivileged",0,"1 byte",0,"OKAY",0,c08d1dae,"OKAY",00000000,4,2,0,1,0,0,0,0,2,0,1,0,2,1,0,2,1,0,c08d1dae,3,f,0,0,0,00000004,3,1,0,0,1,"No Read Addr Cmds","No Read Addr Cmds","No Write Addr Cmds","No Write Addr Cmds","No Write Responses","No Write Responses","_","_","_","_","_","_","_","_","No Write Data Beats","No Write Data Beats"
1601,1601,0,0,1,1,0,0,0,8e5ffe20afb76fe31ba56e5faf65c9d2,0,3b9a3d13b8d6963fae1d8dc05a6037b2,0,1,0,1,ff81e4df,ffffffdb,0,1,0,0,0,00000000,"FIXED",3,00,"Data Secure Unprivileged","1 byte",0,0,00000000,"INCR",3,00,"Data Secure Unprivileged","4 bytes",0,0,ff8127fb,"OKAY",00000000,0,2,1,0,0,0,0,0,0,0,2,0,1,4,0,0,1,0,0037e400,"INCR",3,ff,0,"Data Secure Unprivileged",0,"4 bytes",0,00000000,"FIXED",0,00,0,"Data Secure Unprivileged",0,"1 byte",0,"OKAY",0,c08d1dae,"OKAY",00000000,4,2,0,1,0,0,0,0,2,0,1,0,2,1,0,2,1,0,c08d1dae,3,f,0,0,0,00000004,3,1,0,0,1,"No Read Addr Cmds","No Read Addr Cmds","No Write Addr Cmds","No Write Addr Cmds","No Write Responses","No Write Responses","_","_","_","_","_","_","_","_","No Write Data Beats","No Write Data Beats"
1602,1602,0,0,1,1,0,0,0,8e5ffe20afb76fe31ba56e5faf65c9d2,0,3b9a3d13b8d6963fae1d8dc05a6037b2,0,1,0,1,ff81e4df,ffffffdb,0,1,0,0,0,00000000,"FIXED",3,00,"Data Secure Unprivileged","1 byte",0,0,00000000,"INCR",3,00,"Data Secure Unprivileged","4 bytes",0,0,ff8127fb,"OKAY",00000000,0,2,1,0,0,0,0,0,0,0,2,0,1,4,0,0,1,0,0037e400,"INCR",3,ff,0,"Data Secure Unprivileged",0,"4 bytes",0,00000000,"FIXED",0,00,0,"Data Secure Unprivileged",0,"1 byte",0,"OKAY",0,c08d1dae,"OKAY",00000000,4,2,0,1,0,0,0,0,2,0,1,0,2,1,0,2,1,0,c08d1dae,3,f,0,0,0,00000004,3,1,0,0,1,"No Read Addr Cmds","No Read Addr Cmds","No Write Addr Cmds","No Write Addr Cmds","No Write Responses","No Write Responses","_","_","_","_","_","_","_","_","No Write Data Beats","No Write Data Beats"
1603,1603,0,0,1,1,0,0,0,8e5ffe20afb76fe31ba56e5faf65c9d2,0,3b9a3d13b8d6963fae1d8dc05a6037b2,0,1,0,1,ff81e4df,ffffffdb,0,1,0,0,0,00000000,"FIXED",3,00,"Data Secure Unprivileged","1 byte",0,0,00000000,"INCR",3,00,"Data Secure Unprivileged","4 bytes",0,0,ff8127fb,"OKAY",00000000,0,2,1,0,0,0,0,0,0,0,2,0,1,4,0,0,1,0,0037e400,"INCR",3,ff,0,"Data Secure Unprivileged",0,"4 bytes",0,00000000,"FIXED",0,00,0,"Data Secure Unprivileged",0,"1 byte",0,"OKAY",0,c08d1dae,"OKAY",00000000,4,2,0,1,0,0,0,0,2,0,1,0,2,1,0,2,1,0,c08d1dae,3,f,0,0,0,00000004,3,1,0,0,1,"No Read Addr Cmds","No Read Addr Cmds","No Write Addr Cmds","No Write Addr Cmds","No Write Responses","No Write Responses","_","_","_","_","_","_","_","_","No Write Data Beats","No Write Data Beats"
1604,1604,0,0,1,1,0,0,0,8e5ffe20afb76fe31ba56e5faf65c9d2,0,3b9a3d13b8d6963fae1d8dc05a6037b2,0,1,0,1,ff81e4df,ffffffdb,0,1,0,0,0,00000000,"FIXED",3,00,"Data Secure Unprivileged","1 byte",0,0,00000000,"INCR",3,00,"Data Secure Unprivileged","4 bytes",0,0,ff8127fb,"OKAY",00000000,0,2,1,0,0,0,0,0,0,0,2,0,1,4,0,0,1,0,0037e400,"INCR",3,ff,0,"Data Secure Unprivileged",0,"4 bytes",0,00000000,"FIXED",0,00,0,"Data Secure Unprivileged",0,"1 byte",0,"OKAY",0,c08d1dae,"OKAY",00000000,4,2,0,1,0,0,0,0,2,0,1,0,2,1,0,2,1,0,c08d1dae,3,f,0,0,0,00000004,3,1,0,0,1,"No Read Addr Cmds","No Read Addr Cmds","No Write Addr Cmds","No Write Addr Cmds","No Write Responses","No Write Responses","_","_","_","_","_","_","_","_","No Write Data Beats","No Write Data Beats"
1605,1605,0,0,1,1,0,0,0,8e5ffe20afb76fe31ba56e5faf65c9d2,0,3b9a3d13b8d6963fae1d8dc05a6037b2,0,1,0,1,ff81e4df,ffffffdb,0,1,0,0,0,00000000,"FIXED",3,00,"Data Secure Unprivileged","1 byte",0,0,00000000,"INCR",3,00,"Data Secure Unprivileged","4 bytes",0,0,ff8127fb,"OKAY",00000000,0,2,1,0,0,0,0,0,0,0,2,0,1,4,0,0,1,0,0037e400,"INCR",3,ff,0,"Data Secure Unprivileged",0,"4 bytes",0,00000000,"FIXED",0,00,0,"Data Secure Unprivileged",0,"1 byte",0,"OKAY",0,c08d1dae,"OKAY",00000000,4,2,0,1,0,0,0,0,2,0,1,0,2,1,0,2,1,0,c08d1dae,3,f,0,0,0,00000004,3,1,0,0,1,"No Read Addr Cmds","No Read Addr Cmds","No Write Addr Cmds","No Write Addr Cmds","No Write Responses","No Write Responses","_","_","_","_","_","_","_","_","No Write Data Beats","No Write Data Beats"
1606,1606,0,0,1,1,0,0,0,8e5ffe20afb76fe31ba56e5faf65c9d2,0,3b9a3d13b8d6963fae1d8dc05a6037b2,0,1,0,1,ff81e4df,ffffffdb,0,1,0,0,0,00000000,"FIXED",3,00,"Data Secure Unprivileged","1 byte",0,0,00000000,"INCR",3,00,"Data Secure Unprivileged","4 bytes",0,0,ff8127fb,"OKAY",00000000,0,2,1,0,0,0,0,0,0,0,2,0,1,4,0,0,1,0,0037e400,"INCR",3,ff,0,"Data Secure Unprivileged",0,"4 bytes",0,00000000,"FIXED",0,00,0,"Data Secure Unprivileged",0,"1 byte",0,"OKAY",0,c08d1dae,"OKAY",00000000,4,2,0,1,0,0,0,0,2,0,1,0,2,1,0,2,1,0,c08d1dae,3,f,0,0,0,00000004,3,1,0,0,1,"No Read Addr Cmds","No Read Addr Cmds","No Write Addr Cmds","No Write Addr Cmds","No Write Responses","No Write Responses","_","_","_","_","_","_","_","_","No Write Data Beats","No Write Data Beats"
1607,1607,0,0,1,1,0,0,0,8e5ffe20afb76fe31ba56e5faf65c9d2,0,3b9a3d13b8d6963fae1d8dc05a6037b2,0,1,0,1,ff81e4df,ffffffdb,0,1,0,0,0,00000000,"FIXED",3,00,"Data Secure Unprivileged","1 byte",0,0,00000000,"INCR",3,00,"Data Secure Unprivileged","4 bytes",0,0,ff8127fb,"OKAY",00000000,0,2,1,0,0,0,0,0,0,0,2,0,1,4,0,0,1,0,0037e400,"INCR",3,ff,0,"Data Secure Unprivileged",0,"4 bytes",0,00000000,"FIXED",0,00,0,"Data Secure Unprivileged",0,"1 byte",0,"OKAY",0,c08d1dae,"OKAY",00000000,4,2,0,1,0,0,0,0,2,0,1,0,2,1,0,2,1,0,c08d1dae,3,f,0,0,0,00000004,3,1,0,0,1,"No Read Addr Cmds","No Read Addr Cmds","No Write Addr Cmds","No Write Addr Cmds","No Write Responses","No Write Responses","_","_","_","_","_","_","_","_","No Write Data Beats","No Write Data Beats"
1608,1608,0,0,1,1,0,0,0,8e5ffe20afb76fe31ba56e5faf65c9d2,0,3b9a3d13b8d6963fae1d8dc05a6037b2,0,1,0,1,ff81e4df,ffffffdb,0,1,0,0,0,00000000,"FIXED",3,00,"Data Secure Unprivileged","1 byte",0,0,00000000,"INCR",3,00,"Data Secure Unprivileged","4 bytes",0,0,ff8127fb,"OKAY",00000000,0,2,1,0,0,0,0,0,0,0,2,0,1,4,0,0,1,0,0037e400,"INCR",3,ff,0,"Data Secure Unprivileged",0,"4 bytes",0,00000000,"FIXED",0,00,0,"Data Secure Unprivileged",0,"1 byte",0,"OKAY",0,c08d1dae,"OKAY",00000000,4,2,0,1,0,0,0,0,2,0,1,0,2,1,0,2,1,0,c08d1dae,3,f,0,0,0,00000004,3,1,0,0,1,"No Read Addr Cmds","No Read Addr Cmds","No Write Addr Cmds","No Write Addr Cmds","No Write Responses","No Write Responses","_","_","_","_","_","_","_","_","No Write Data Beats","No Write Data Beats"
1609,1609,0,0,1,1,0,0,0,8e5ffe20afb76fe31ba56e5faf65c9d2,0,3b9a3d13b8d6963fae1d8dc05a6037b2,0,1,0,1,ff81e4df,ffffffdb,0,1,0,0,0,00000000,"FIXED",3,00,"Data Secure Unprivileged","1 byte",0,0,00000000,"INCR",3,00,"Data Secure Unprivileged","4 bytes",0,0,ff8127fb,"OKAY",00000000,0,2,1,0,0,0,0,0,0,0,2,0,1,4,0,0,1,0,0037e400,"INCR",3,ff,0,"Data Secure Unprivileged",0,"4 bytes",0,00000000,"FIXED",0,00,0,"Data Secure Unprivileged",0,"1 byte",0,"OKAY",0,c08d1dae,"OKAY",00000000,4,2,0,1,0,0,0,0,2,0,1,0,2,1,0,2,1,0,c08d1dae,3,f,0,0,0,00000004,3,1,0,0,1,"No Read Addr Cmds","No Read Addr Cmds","No Write Addr Cmds","No Write Addr Cmds","No Write Responses","No Write Responses","_","_","_","_","_","_","_","_","No Write Data Beats","No Write Data Beats"
1610,1610,0,0,1,1,0,0,0,8e5ffe20afb76fe31ba56e5faf65c9d2,0,3b9a3d13b8d6963fae1d8dc05a6037b2,0,1,0,1,ff81e4df,ffffffdb,0,1,0,0,0,00000000,"FIXED",3,00,"Data Secure Unprivileged","1 byte",0,0,00000000,"INCR",3,00,"Data Secure Unprivileged","4 bytes",0,0,ff8127fb,"OKAY",00000000,0,2,1,0,0,0,0,0,0,0,2,0,1,4,0,0,1,0,0037e400,"INCR",3,ff,0,"Data Secure Unprivileged",0,"4 bytes",0,00000000,"FIXED",0,00,0,"Data Secure Unprivileged",0,"1 byte",0,"OKAY",0,c08d1dae,"OKAY",00000000,4,2,0,1,0,0,0,0,2,0,1,0,2,1,0,2,1,0,c08d1dae,3,f,0,0,0,00000004,3,1,0,0,1,"No Read Addr Cmds","No Read Addr Cmds","No Write Addr Cmds","No Write Addr Cmds","No Write Responses","No Write Responses","_","_","_","_","_","_","_","_","No Write Data Beats","No Write Data Beats"
1611,1611,0,0,1,1,0,0,0,8e5ffe20afb76fe31ba56e5faf65c9d2,0,3b9a3d13b8d6963fae1d8dc05a6037b2,0,1,0,1,ff81e4df,ffffffdb,0,1,0,0,0,00000000,"FIXED",3,00,"Data Secure Unprivileged","1 byte",0,0,00000000,"INCR",3,00,"Data Secure Unprivileged","4 bytes",0,0,ff8127fb,"OKAY",00000000,0,2,1,0,0,0,0,0,0,0,2,0,1,4,0,0,1,0,0037e400,"INCR",3,ff,0,"Data Secure Unprivileged",0,"4 bytes",0,00000000,"FIXED",0,00,0,"Data Secure Unprivileged",0,"1 byte",0,"OKAY",0,c08d1dae,"OKAY",00000000,4,2,0,1,0,0,0,0,2,0,1,0,2,1,0,2,1,0,c08d1dae,3,f,0,0,0,00000004,3,1,0,0,1,"No Read Addr Cmds","No Read Addr Cmds","No Write Addr Cmds","No Write Addr Cmds","No Write Responses","No Write Responses","_","_","_","_","_","_","_","_","No Write Data Beats","No Write Data Beats"
1612,1612,0,0,1,1,0,0,0,8e5ffe20afb76fe31ba56e5faf65c9d2,0,3b9a3d13b8d6963fae1d8dc05a6037b2,0,1,0,1,ff81e4df,ffffffdb,0,1,0,0,0,00000000,"FIXED",3,00,"Data Secure Unprivileged","1 byte",0,0,00000000,"INCR",3,00,"Data Secure Unprivileged","4 bytes",0,0,ff8127fb,"OKAY",00000000,0,2,1,0,0,0,0,0,0,0,2,0,1,4,0,0,1,0,0037e400,"INCR",3,ff,0,"Data Secure Unprivileged",0,"4 bytes",0,00000000,"FIXED",0,00,0,"Data Secure Unprivileged",0,"1 byte",0,"OKAY",0,c08d1dae,"OKAY",00000000,4,2,0,1,0,0,0,0,2,0,1,0,2,1,0,2,1,0,c08d1dae,3,f,0,0,0,00000004,3,1,0,0,1,"No Read Addr Cmds","No Read Addr Cmds","No Write Addr Cmds","No Write Addr Cmds","No Write Responses","No Write Responses","_","_","_","_","_","_","_","_","No Write Data Beats","No Write Data Beats"
1613,1613,0,0,1,1,0,0,0,8e5ffe20afb76fe31ba56e5faf65c9d2,0,3b9a3d13b8d6963fae1d8dc05a6037b2,0,1,0,1,ff81e4df,ffffffdb,0,1,0,0,0,00000000,"FIXED",3,00,"Data Secure Unprivileged","1 byte",0,0,00000000,"INCR",3,00,"Data Secure Unprivileged","4 bytes",0,0,ff8127fb,"OKAY",00000000,0,2,1,0,0,0,0,0,0,0,2,0,1,4,0,0,1,0,0037e400,"INCR",3,ff,0,"Data Secure Unprivileged",0,"4 bytes",0,00000000,"FIXED",0,00,0,"Data Secure Unprivileged",0,"1 byte",0,"OKAY",0,c08d1dae,"OKAY",00000000,4,2,0,1,0,0,0,0,2,0,1,0,2,1,0,2,1,0,c08d1dae,3,f,0,0,0,00000004,3,1,0,0,1,"No Read Addr Cmds","No Read Addr Cmds","No Write Addr Cmds","No Write Addr Cmds","No Write Responses","No Write Responses","_","_","_","_","_","_","_","_","No Write Data Beats","No Write Data Beats"
1614,1614,0,0,1,1,0,0,0,8e5ffe20afb76fe31ba56e5faf65c9d2,0,3b9a3d13b8d6963fae1d8dc05a6037b2,0,1,0,1,ff81e4df,ffffffdb,0,1,0,0,0,00000000,"FIXED",3,00,"Data Secure Unprivileged","1 byte",0,0,00000000,"INCR",3,00,"Data Secure Unprivileged","4 bytes",0,0,ff8127fb,"OKAY",00000000,0,2,1,0,0,0,0,0,0,0,2,0,1,4,0,0,1,0,0037e400,"INCR",3,ff,0,"Data Secure Unprivileged",0,"4 bytes",0,00000000,"FIXED",0,00,0,"Data Secure Unprivileged",0,"1 byte",0,"OKAY",0,c08d1dae,"OKAY",00000000,4,2,0,1,0,0,0,0,2,0,1,0,2,1,0,2,1,0,c08d1dae,3,f,0,0,0,00000004,3,1,0,0,1,"No Read Addr Cmds","No Read Addr Cmds","No Write Addr Cmds","No Write Addr Cmds","No Write Responses","No Write Responses","_","_","_","_","_","_","_","_","No Write Data Beats","No Write Data Beats"
1615,1615,0,0,1,1,0,0,0,8e5ffe20afb76fe31ba56e5faf65c9d2,0,3b9a3d13b8d6963fae1d8dc05a6037b2,0,1,0,1,ff81e4df,ffffffdb,0,1,0,0,0,00000000,"FIXED",3,00,"Data Secure Unprivileged","1 byte",0,0,00000000,"INCR",3,00,"Data Secure Unprivileged","4 bytes",0,0,ff8127fb,"OKAY",00000000,0,2,1,0,0,0,0,0,0,0,2,0,1,4,0,0,1,0,0037e400,"INCR",3,ff,0,"Data Secure Unprivileged",0,"4 bytes",0,00000000,"FIXED",0,00,0,"Data Secure Unprivileged",0,"1 byte",0,"OKAY",0,c08d1dae,"OKAY",00000000,4,2,0,1,0,0,0,0,2,0,1,0,2,1,0,2,1,0,c08d1dae,3,f,0,0,0,00000004,3,1,0,0,1,"No Read Addr Cmds","No Read Addr Cmds","No Write Addr Cmds","No Write Addr Cmds","No Write Responses","No Write Responses","_","_","_","_","_","_","_","_","No Write Data Beats","No Write Data Beats"
1616,1616,0,0,1,1,0,0,0,8e5ffe20afb76fe31ba56e5faf65c9d2,0,3b9a3d13b8d6963fae1d8dc05a6037b2,0,1,0,1,ff81e4df,ffffffdb,0,1,0,0,0,00000000,"FIXED",3,00,"Data Secure Unprivileged","1 byte",0,0,00000000,"INCR",3,00,"Data Secure Unprivileged","4 bytes",0,0,ff8127fb,"OKAY",00000000,0,2,1,0,0,0,0,0,0,0,2,0,1,4,0,0,1,0,0037e400,"INCR",3,ff,0,"Data Secure Unprivileged",0,"4 bytes",0,00000000,"FIXED",0,00,0,"Data Secure Unprivileged",0,"1 byte",0,"OKAY",0,c08d1dae,"OKAY",00000000,4,2,0,1,0,0,0,0,2,0,1,0,2,1,0,2,1,0,c08d1dae,3,f,0,0,0,00000004,3,1,0,0,1,"No Read Addr Cmds","No Read Addr Cmds","No Write Addr Cmds","No Write Addr Cmds","No Write Responses","No Write Responses","_","_","_","_","_","_","_","_","No Write Data Beats","No Write Data Beats"
1617,1617,0,0,1,1,0,0,0,8e5ffe20afb76fe31ba56e5faf65c9d2,0,3b9a3d13b8d6963fae1d8dc05a6037b2,0,1,0,1,ff81e4df,ffffffdb,0,1,0,0,0,00000000,"FIXED",3,00,"Data Secure Unprivileged","1 byte",0,0,00000000,"INCR",3,00,"Data Secure Unprivileged","4 bytes",0,0,ff8127fb,"OKAY",00000000,0,2,1,0,0,0,0,0,0,0,2,0,1,4,0,0,1,0,0037e400,"INCR",3,ff,0,"Data Secure Unprivileged",0,"4 bytes",0,00000000,"FIXED",0,00,0,"Data Secure Unprivileged",0,"1 byte",0,"OKAY",0,c08d1dae,"OKAY",00000000,4,2,0,1,0,0,0,0,2,0,1,0,2,1,0,2,1,0,c08d1dae,3,f,0,0,0,00000004,3,1,0,0,1,"No Read Addr Cmds","No Read Addr Cmds","No Write Addr Cmds","No Write Addr Cmds","No Write Responses","No Write Responses","_","_","_","_","_","_","_","_","No Write Data Beats","No Write Data Beats"
1618,1618,0,0,1,1,0,0,0,8e5ffe20afb76fe31ba56e5faf65c9d2,0,3b9a3d13b8d6963fae1d8dc05a6037b2,0,1,0,1,ff81e4df,ffffffdb,0,1,0,0,0,00000000,"FIXED",3,00,"Data Secure Unprivileged","1 byte",0,0,00000000,"INCR",3,00,"Data Secure Unprivileged","4 bytes",0,0,ff8127fb,"OKAY",00000000,0,2,1,0,0,0,0,0,0,0,2,0,1,4,0,0,1,0,0037e400,"INCR",3,ff,0,"Data Secure Unprivileged",0,"4 bytes",0,00000000,"FIXED",0,00,0,"Data Secure Unprivileged",0,"1 byte",0,"OKAY",0,c08d1dae,"OKAY",00000000,4,2,0,1,0,0,0,0,2,0,1,0,2,1,0,2,1,0,c08d1dae,3,f,0,0,0,00000004,3,1,0,0,1,"No Read Addr Cmds","No Read Addr Cmds","No Write Addr Cmds","No Write Addr Cmds","No Write Responses","No Write Responses","_","_","_","_","_","_","_","_","No Write Data Beats","No Write Data Beats"
1619,1619,0,0,1,1,0,0,0,8e5ffe20afb76fe31ba56e5faf65c9d2,0,3b9a3d13b8d6963fae1d8dc05a6037b2,0,1,0,1,ff81e4df,ffffffdb,0,1,0,0,0,00000000,"FIXED",3,00,"Data Secure Unprivileged","1 byte",0,0,00000000,"INCR",3,00,"Data Secure Unprivileged","4 bytes",0,0,ff8127fb,"OKAY",00000000,0,2,1,0,0,0,0,0,0,0,2,0,1,4,0,0,1,0,0037e400,"INCR",3,ff,0,"Data Secure Unprivileged",0,"4 bytes",0,00000000,"FIXED",0,00,0,"Data Secure Unprivileged",0,"1 byte",0,"OKAY",0,c08d1dae,"OKAY",00000000,4,2,0,1,0,0,0,0,2,0,1,0,2,1,0,2,1,0,c08d1dae,3,f,0,0,0,00000004,3,1,0,0,1,"No Read Addr Cmds","No Read Addr Cmds","No Write Addr Cmds","No Write Addr Cmds","No Write Responses","No Write Responses","_","_","_","_","_","_","_","_","No Write Data Beats","No Write Data Beats"
1620,1620,0,0,1,1,0,0,0,8e5ffe20afb76fe31ba56e5faf65c9d2,0,3b9a3d13b8d6963fae1d8dc05a6037b2,0,1,0,1,ff81e4df,ffffffdb,0,1,0,0,0,00000000,"FIXED",3,00,"Data Secure Unprivileged","1 byte",0,0,00000000,"INCR",3,00,"Data Secure Unprivileged","4 bytes",0,0,ff8127fb,"OKAY",00000000,0,2,1,0,0,0,0,0,0,0,2,0,1,4,0,0,1,0,0037e400,"INCR",3,ff,0,"Data Secure Unprivileged",0,"4 bytes",0,00000000,"FIXED",0,00,0,"Data Secure Unprivileged",0,"1 byte",0,"OKAY",0,c08d1dae,"OKAY",00000000,4,2,0,1,0,0,0,0,2,0,1,0,2,1,0,2,1,0,c08d1dae,3,f,0,0,0,00000004,3,1,0,0,1,"No Read Addr Cmds","No Read Addr Cmds","No Write Addr Cmds","No Write Addr Cmds","No Write Responses","No Write Responses","_","_","_","_","_","_","_","_","No Write Data Beats","No Write Data Beats"
1621,1621,0,0,1,1,0,0,0,8e5ffe20afb76fe31ba56e5faf65c9d2,0,3b9a3d13b8d6963fae1d8dc05a6037b2,0,1,0,1,ff81e4df,ffffffdb,0,1,0,0,0,00000000,"FIXED",3,00,"Data Secure Unprivileged","1 byte",0,0,00000000,"INCR",3,00,"Data Secure Unprivileged","4 bytes",0,0,ff8127fb,"OKAY",00000000,0,2,1,0,0,0,0,0,0,0,2,0,1,4,0,0,1,0,0037e400,"INCR",3,ff,0,"Data Secure Unprivileged",0,"4 bytes",0,00000000,"FIXED",0,00,0,"Data Secure Unprivileged",0,"1 byte",0,"OKAY",0,c08d1dae,"OKAY",00000000,4,2,0,1,0,0,0,0,2,0,1,0,2,1,0,2,1,0,c08d1dae,3,f,0,0,0,00000004,3,1,0,0,1,"No Read Addr Cmds","No Read Addr Cmds","No Write Addr Cmds","No Write Addr Cmds","No Write Responses","No Write Responses","_","_","_","_","_","_","_","_","No Write Data Beats","No Write Data Beats"
1622,1622,0,0,1,1,0,0,0,8e5ffe20afb76fe31ba56e5faf65c9d2,0,3b9a3d13b8d6963fae1d8dc05a6037b2,0,1,0,1,ff81e4df,ffffffdb,0,1,0,0,0,00000000,"FIXED",3,00,"Data Secure Unprivileged","1 byte",0,0,00000000,"INCR",3,00,"Data Secure Unprivileged","4 bytes",0,0,ff8127fb,"OKAY",00000000,0,2,1,0,0,0,0,0,0,0,2,0,1,4,0,0,1,0,0037e400,"INCR",3,ff,0,"Data Secure Unprivileged",0,"4 bytes",0,00000000,"FIXED",0,00,0,"Data Secure Unprivileged",0,"1 byte",0,"OKAY",0,c08d1dae,"OKAY",00000000,4,2,0,1,0,0,0,0,2,0,1,0,2,1,0,2,1,0,c08d1dae,3,f,0,0,0,00000004,3,1,0,0,1,"No Read Addr Cmds","No Read Addr Cmds","No Write Addr Cmds","No Write Addr Cmds","No Write Responses","No Write Responses","_","_","_","_","_","_","_","_","No Write Data Beats","No Write Data Beats"
1623,1623,0,0,1,1,0,0,0,8e5ffe20afb76fe31ba56e5faf65c9d2,0,3b9a3d13b8d6963fae1d8dc05a6037b2,0,1,0,1,ff81e4df,ffffffdb,0,1,0,0,0,00000000,"FIXED",3,00,"Data Secure Unprivileged","1 byte",0,0,00000000,"INCR",3,00,"Data Secure Unprivileged","4 bytes",0,0,ff8127fb,"OKAY",00000000,0,2,1,0,0,0,0,0,0,0,2,0,1,4,0,0,1,0,0037e400,"INCR",3,ff,0,"Data Secure Unprivileged",0,"4 bytes",0,00000000,"FIXED",0,00,0,"Data Secure Unprivileged",0,"1 byte",0,"OKAY",0,c08d1dae,"OKAY",00000000,4,2,0,1,0,0,0,0,2,0,1,0,2,1,0,2,1,0,c08d1dae,3,f,0,0,0,00000004,3,1,0,0,1,"No Read Addr Cmds","No Read Addr Cmds","No Write Addr Cmds","No Write Addr Cmds","No Write Responses","No Write Responses","_","_","_","_","_","_","_","_","No Write Data Beats","No Write Data Beats"
1624,1624,0,0,1,1,0,0,0,8e5ffe20afb76fe31ba56e5faf65c9d2,0,3b9a3d13b8d6963fae1d8dc05a6037b2,0,1,0,1,ff81e4df,ffffffdb,0,1,0,0,0,00000000,"FIXED",3,00,"Data Secure Unprivileged","1 byte",0,0,00000000,"INCR",3,00,"Data Secure Unprivileged","4 bytes",0,0,ff8127fb,"OKAY",00000000,0,2,1,0,0,0,0,0,0,0,2,0,1,4,0,0,1,0,0037e400,"INCR",3,ff,0,"Data Secure Unprivileged",0,"4 bytes",0,00000000,"FIXED",0,00,0,"Data Secure Unprivileged",0,"1 byte",0,"OKAY",0,c08d1dae,"OKAY",00000000,4,2,0,1,0,0,0,0,2,0,1,0,2,1,0,2,1,0,c08d1dae,3,f,0,0,0,00000004,3,1,0,0,1,"No Read Addr Cmds","No Read Addr Cmds","No Write Addr Cmds","No Write Addr Cmds","No Write Responses","No Write Responses","_","_","_","_","_","_","_","_","No Write Data Beats","No Write Data Beats"
1625,1625,0,0,1,1,0,0,0,8e5ffe20afb76fe31ba56e5faf65c9d2,0,3b9a3d13b8d6963fae1d8dc05a6037b2,0,1,0,1,ff81e4df,ffffffdb,0,1,0,0,0,00000000,"FIXED",3,00,"Data Secure Unprivileged","1 byte",0,0,00000000,"INCR",3,00,"Data Secure Unprivileged","4 bytes",0,0,ff8127fb,"OKAY",00000000,0,2,1,0,0,0,0,0,0,0,2,0,1,4,0,0,1,0,0037e400,"INCR",3,ff,0,"Data Secure Unprivileged",0,"4 bytes",0,00000000,"FIXED",0,00,0,"Data Secure Unprivileged",0,"1 byte",0,"OKAY",0,c08d1dae,"OKAY",00000000,4,2,0,1,0,0,0,0,2,0,1,0,2,1,0,2,1,0,c08d1dae,3,f,0,0,0,00000004,3,1,0,0,1,"No Read Addr Cmds","No Read Addr Cmds","No Write Addr Cmds","No Write Addr Cmds","No Write Responses","No Write Responses","_","_","_","_","_","_","_","_","No Write Data Beats","No Write Data Beats"
1626,1626,0,0,1,1,0,0,0,8e5ffe20afb76fe31ba56e5faf65c9d2,0,3b9a3d13b8d6963fae1d8dc05a6037b2,0,1,0,1,ff81e4df,ffffffdb,0,1,0,0,0,00000000,"FIXED",3,00,"Data Secure Unprivileged","1 byte",0,0,00000000,"INCR",3,00,"Data Secure Unprivileged","4 bytes",0,0,ff8127fb,"OKAY",00000000,0,2,1,0,0,0,0,0,0,0,2,0,1,4,0,0,1,0,0037e400,"INCR",3,ff,0,"Data Secure Unprivileged",0,"4 bytes",0,00000000,"FIXED",0,00,0,"Data Secure Unprivileged",0,"1 byte",0,"OKAY",0,c08d1dae,"OKAY",00000000,4,2,0,1,0,0,0,0,2,0,1,0,2,1,0,2,1,0,c08d1dae,3,f,0,0,0,00000004,3,1,0,0,1,"No Read Addr Cmds","No Read Addr Cmds","No Write Addr Cmds","No Write Addr Cmds","No Write Responses","No Write Responses","_","_","_","_","_","_","_","_","No Write Data Beats","No Write Data Beats"
1627,1627,0,0,1,1,0,0,0,8e5ffe20afb76fe31ba56e5faf65c9d2,0,3b9a3d13b8d6963fae1d8dc05a6037b2,0,1,0,1,ff81e4df,ffffffdb,0,1,0,0,0,00000000,"FIXED",3,00,"Data Secure Unprivileged","1 byte",0,0,00000000,"INCR",3,00,"Data Secure Unprivileged","4 bytes",0,0,ff8127fb,"OKAY",00000000,0,2,1,0,0,0,0,0,0,0,2,0,1,4,0,0,1,0,0037e400,"INCR",3,ff,0,"Data Secure Unprivileged",0,"4 bytes",0,00000000,"FIXED",0,00,0,"Data Secure Unprivileged",0,"1 byte",0,"OKAY",0,c08d1dae,"OKAY",00000000,4,2,0,1,0,0,0,0,2,0,1,0,2,1,0,2,1,0,c08d1dae,3,f,0,0,0,00000004,3,1,0,0,1,"No Read Addr Cmds","No Read Addr Cmds","No Write Addr Cmds","No Write Addr Cmds","No Write Responses","No Write Responses","_","_","_","_","_","_","_","_","No Write Data Beats","No Write Data Beats"
1628,1628,0,0,1,1,0,0,0,8e5ffe20afb76fe31ba56e5faf65c9d2,0,3b9a3d13b8d6963fae1d8dc05a6037b2,0,1,0,1,ff81e4df,ffffffdb,0,1,0,0,0,00000000,"FIXED",3,00,"Data Secure Unprivileged","1 byte",0,0,00000000,"INCR",3,00,"Data Secure Unprivileged","4 bytes",0,0,ff8127fb,"OKAY",00000000,0,2,1,0,0,0,0,0,0,0,2,0,1,4,0,0,1,0,0037e400,"INCR",3,ff,0,"Data Secure Unprivileged",0,"4 bytes",0,00000000,"FIXED",0,00,0,"Data Secure Unprivileged",0,"1 byte",0,"OKAY",0,c08d1dae,"OKAY",00000000,4,2,0,1,0,0,0,0,2,0,1,0,2,1,0,2,1,0,c08d1dae,3,f,0,0,0,00000004,3,1,0,0,1,"No Read Addr Cmds","No Read Addr Cmds","No Write Addr Cmds","No Write Addr Cmds","No Write Responses","No Write Responses","_","_","_","_","_","_","_","_","No Write Data Beats","No Write Data Beats"
1629,1629,0,0,1,1,0,0,0,8e5ffe20afb76fe31ba56e5faf65c9d2,0,3b9a3d13b8d6963fae1d8dc05a6037b2,0,1,0,1,ff81e4df,ffffffdb,0,1,0,0,0,00000000,"FIXED",3,00,"Data Secure Unprivileged","1 byte",0,0,00000000,"INCR",3,00,"Data Secure Unprivileged","4 bytes",0,0,ff8127fb,"OKAY",00000000,0,2,1,0,0,0,0,0,0,0,2,0,1,4,0,0,1,0,0037e400,"INCR",3,ff,0,"Data Secure Unprivileged",0,"4 bytes",0,00000000,"FIXED",0,00,0,"Data Secure Unprivileged",0,"1 byte",0,"OKAY",0,c08d1dae,"OKAY",00000000,4,2,0,1,0,0,0,0,2,0,1,0,2,1,0,2,1,0,c08d1dae,3,f,0,0,0,00000004,3,1,0,0,1,"No Read Addr Cmds","No Read Addr Cmds","No Write Addr Cmds","No Write Addr Cmds","No Write Responses","No Write Responses","_","_","_","_","_","_","_","_","No Write Data Beats","No Write Data Beats"
1630,1630,0,0,1,1,0,0,0,8e5ffe20afb76fe31ba56e5faf65c9d2,0,3b9a3d13b8d6963fae1d8dc05a6037b2,0,1,0,1,ff81e4df,ffffffdb,0,1,0,0,0,00000000,"FIXED",3,00,"Data Secure Unprivileged","1 byte",0,0,00000000,"INCR",3,00,"Data Secure Unprivileged","4 bytes",0,0,ff8127fb,"OKAY",00000000,0,2,1,0,0,0,0,0,0,0,2,0,1,4,0,0,1,0,0037e400,"INCR",3,ff,0,"Data Secure Unprivileged",0,"4 bytes",0,00000000,"FIXED",0,00,0,"Data Secure Unprivileged",0,"1 byte",0,"OKAY",0,c08d1dae,"OKAY",00000000,4,2,0,1,0,0,0,0,2,0,1,0,2,1,0,2,1,0,c08d1dae,3,f,0,0,0,00000004,3,1,0,0,1,"No Read Addr Cmds","No Read Addr Cmds","No Write Addr Cmds","No Write Addr Cmds","No Write Responses","No Write Responses","_","_","_","_","_","_","_","_","No Write Data Beats","No Write Data Beats"
1631,1631,0,0,1,1,0,0,0,8e5ffe20afb76fe31ba56e5faf65c9d2,0,3b9a3d13b8d6963fae1d8dc05a6037b2,0,1,0,1,ff81e4df,ffffffdb,0,1,0,0,0,00000000,"FIXED",3,00,"Data Secure Unprivileged","1 byte",0,0,00000000,"INCR",3,00,"Data Secure Unprivileged","4 bytes",0,0,ff8127fb,"OKAY",00000000,0,2,1,0,0,0,0,0,0,0,2,0,1,4,0,0,1,0,0037e400,"INCR",3,ff,0,"Data Secure Unprivileged",0,"4 bytes",0,00000000,"FIXED",0,00,0,"Data Secure Unprivileged",0,"1 byte",0,"OKAY",0,c08d1dae,"OKAY",00000000,4,2,0,1,0,0,0,0,2,0,1,0,2,1,0,2,1,0,c08d1dae,3,f,0,0,0,00000004,3,1,0,0,1,"No Read Addr Cmds","No Read Addr Cmds","No Write Addr Cmds","No Write Addr Cmds","No Write Responses","No Write Responses","_","_","_","_","_","_","_","_","No Write Data Beats","No Write Data Beats"
1632,1632,0,0,1,1,0,0,0,8e5ffe20afb76fe31ba56e5faf65c9d2,0,3b9a3d13b8d6963fae1d8dc05a6037b2,0,1,0,1,ff81e4df,ffffffdb,0,1,0,0,0,00000000,"FIXED",3,00,"Data Secure Unprivileged","1 byte",0,0,00000000,"INCR",3,00,"Data Secure Unprivileged","4 bytes",0,0,ff8127fb,"OKAY",00000000,0,2,1,0,0,0,0,0,0,0,2,0,1,4,0,0,1,0,0037e400,"INCR",3,ff,0,"Data Secure Unprivileged",0,"4 bytes",0,00000000,"FIXED",0,00,0,"Data Secure Unprivileged",0,"1 byte",0,"OKAY",0,c08d1dae,"OKAY",00000000,4,2,0,1,0,0,0,0,2,0,1,0,2,1,0,2,1,0,c08d1dae,3,f,0,0,0,00000004,3,1,0,0,1,"No Read Addr Cmds","No Read Addr Cmds","No Write Addr Cmds","No Write Addr Cmds","No Write Responses","No Write Responses","_","_","_","_","_","_","_","_","No Write Data Beats","No Write Data Beats"
1633,1633,0,0,1,1,0,0,0,8e5ffe20afb76fe31ba56e5faf65c9d2,0,3b9a3d13b8d6963fae1d8dc05a6037b2,0,1,0,1,ff81e4df,ffffffdb,0,1,0,0,0,00000000,"FIXED",3,00,"Data Secure Unprivileged","1 byte",0,0,00000000,"INCR",3,00,"Data Secure Unprivileged","4 bytes",0,0,ff8127fb,"OKAY",00000000,0,2,1,0,0,0,0,0,0,0,2,0,1,4,0,0,1,0,0037e400,"INCR",3,ff,0,"Data Secure Unprivileged",0,"4 bytes",0,00000000,"FIXED",0,00,0,"Data Secure Unprivileged",0,"1 byte",0,"OKAY",0,c08d1dae,"OKAY",00000000,4,2,0,1,0,0,0,0,2,0,1,0,2,1,0,2,1,0,c08d1dae,3,f,0,0,0,00000004,3,1,0,0,1,"No Read Addr Cmds","No Read Addr Cmds","No Write Addr Cmds","No Write Addr Cmds","No Write Responses","No Write Responses","_","_","_","_","_","_","_","_","No Write Data Beats","No Write Data Beats"
1634,1634,0,0,1,1,0,0,0,8e5ffe20afb76fe31ba56e5faf65c9d2,0,3b9a3d13b8d6963fae1d8dc05a6037b2,0,1,0,1,ff81e4df,ffffffdb,0,1,0,0,0,00000000,"FIXED",3,00,"Data Secure Unprivileged","1 byte",0,0,00000000,"INCR",3,00,"Data Secure Unprivileged","4 bytes",0,0,ff8127fb,"OKAY",00000000,0,2,1,0,0,0,0,0,0,0,2,0,1,4,0,0,1,0,0037e400,"INCR",3,ff,0,"Data Secure Unprivileged",0,"4 bytes",0,00000000,"FIXED",0,00,0,"Data Secure Unprivileged",0,"1 byte",0,"OKAY",0,c08d1dae,"OKAY",00000000,4,2,0,1,0,0,0,0,2,0,1,0,2,1,0,2,1,0,c08d1dae,3,f,0,0,0,00000004,3,1,0,0,1,"No Read Addr Cmds","No Read Addr Cmds","No Write Addr Cmds","No Write Addr Cmds","No Write Responses","No Write Responses","_","_","_","_","_","_","_","_","No Write Data Beats","No Write Data Beats"
1635,1635,0,0,1,1,0,0,0,8e5ffe20afb76fe31ba56e5faf65c9d2,0,3b9a3d13b8d6963fae1d8dc05a6037b2,0,1,0,1,ff81e4df,ffffffdb,0,1,0,0,0,00000000,"FIXED",3,00,"Data Secure Unprivileged","1 byte",0,0,00000000,"INCR",3,00,"Data Secure Unprivileged","4 bytes",0,0,ff8127fb,"OKAY",00000000,0,2,1,0,0,0,0,0,0,0,2,0,1,4,0,0,1,0,0037e400,"INCR",3,ff,0,"Data Secure Unprivileged",0,"4 bytes",0,00000000,"FIXED",0,00,0,"Data Secure Unprivileged",0,"1 byte",0,"OKAY",0,c08d1dae,"OKAY",00000000,4,2,0,1,0,0,0,0,2,0,1,0,2,1,0,2,1,0,c08d1dae,3,f,0,0,0,00000004,3,1,0,0,1,"No Read Addr Cmds","No Read Addr Cmds","No Write Addr Cmds","No Write Addr Cmds","No Write Responses","No Write Responses","_","_","_","_","_","_","_","_","No Write Data Beats","No Write Data Beats"
1636,1636,0,0,1,1,0,0,0,8e5ffe20afb76fe31ba56e5faf65c9d2,0,3b9a3d13b8d6963fae1d8dc05a6037b2,0,1,0,1,ff81e4df,ffffffdb,0,1,0,0,0,00000000,"FIXED",3,00,"Data Secure Unprivileged","1 byte",0,0,00000000,"INCR",3,00,"Data Secure Unprivileged","4 bytes",0,0,ff8127fb,"OKAY",00000000,0,2,1,0,0,0,0,0,0,0,2,0,1,4,0,0,1,0,0037e400,"INCR",3,ff,0,"Data Secure Unprivileged",0,"4 bytes",0,00000000,"FIXED",0,00,0,"Data Secure Unprivileged",0,"1 byte",0,"OKAY",0,c08d1dae,"OKAY",00000000,4,2,0,1,0,0,0,0,2,0,1,0,2,1,0,2,1,0,c08d1dae,3,f,0,0,0,00000004,3,1,0,0,1,"No Read Addr Cmds","No Read Addr Cmds","No Write Addr Cmds","No Write Addr Cmds","No Write Responses","No Write Responses","_","_","_","_","_","_","_","_","No Write Data Beats","No Write Data Beats"
1637,1637,0,0,1,1,0,0,0,8e5ffe20afb76fe31ba56e5faf65c9d2,0,3b9a3d13b8d6963fae1d8dc05a6037b2,0,1,0,1,ff81e4df,ffffffdb,0,1,0,0,0,00000000,"FIXED",3,00,"Data Secure Unprivileged","1 byte",0,0,00000000,"INCR",3,00,"Data Secure Unprivileged","4 bytes",0,0,ff8127fb,"OKAY",00000000,0,2,1,0,0,0,0,0,0,0,2,0,1,4,0,0,1,0,0037e400,"INCR",3,ff,0,"Data Secure Unprivileged",0,"4 bytes",0,00000000,"FIXED",0,00,0,"Data Secure Unprivileged",0,"1 byte",0,"OKAY",0,c08d1dae,"OKAY",00000000,4,2,0,1,0,0,0,0,2,0,1,0,2,1,0,2,1,0,c08d1dae,3,f,0,0,0,00000004,3,1,0,0,1,"No Read Addr Cmds","No Read Addr Cmds","No Write Addr Cmds","No Write Addr Cmds","No Write Responses","No Write Responses","_","_","_","_","_","_","_","_","No Write Data Beats","No Write Data Beats"
1638,1638,0,0,1,1,0,0,0,8e5ffe20afb76fe31ba56e5faf65c9d2,0,3b9a3d13b8d6963fae1d8dc05a6037b2,0,1,0,1,ff81e4df,ffffffdb,0,1,0,0,0,00000000,"FIXED",3,00,"Data Secure Unprivileged","1 byte",0,0,00000000,"INCR",3,00,"Data Secure Unprivileged","4 bytes",0,0,ff8127fb,"OKAY",00000000,0,2,1,0,0,0,0,0,0,0,2,0,1,4,0,0,1,0,0037e400,"INCR",3,ff,0,"Data Secure Unprivileged",0,"4 bytes",0,00000000,"FIXED",0,00,0,"Data Secure Unprivileged",0,"1 byte",0,"OKAY",0,c08d1dae,"OKAY",00000000,4,2,0,1,0,0,0,0,2,0,1,0,2,1,0,2,1,0,c08d1dae,3,f,0,0,0,00000004,3,1,0,0,1,"No Read Addr Cmds","No Read Addr Cmds","No Write Addr Cmds","No Write Addr Cmds","No Write Responses","No Write Responses","_","_","_","_","_","_","_","_","No Write Data Beats","No Write Data Beats"
1639,1639,0,0,1,1,0,0,0,8e5ffe20afb76fe31ba56e5faf65c9d2,0,3b9a3d13b8d6963fae1d8dc05a6037b2,0,1,0,1,ff81e4df,ffffffdb,0,1,0,0,0,00000000,"FIXED",3,00,"Data Secure Unprivileged","1 byte",0,0,00000000,"INCR",3,00,"Data Secure Unprivileged","4 bytes",0,0,ff8127fb,"OKAY",00000000,0,2,1,0,0,0,0,0,0,0,2,0,1,4,0,0,1,0,0037e400,"INCR",3,ff,0,"Data Secure Unprivileged",0,"4 bytes",0,00000000,"FIXED",0,00,0,"Data Secure Unprivileged",0,"1 byte",0,"OKAY",0,c08d1dae,"OKAY",00000000,4,2,0,1,0,0,0,0,2,0,1,0,2,1,0,2,1,0,c08d1dae,3,f,0,0,0,00000004,3,1,0,0,1,"No Read Addr Cmds","No Read Addr Cmds","No Write Addr Cmds","No Write Addr Cmds","No Write Responses","No Write Responses","_","_","_","_","_","_","_","_","No Write Data Beats","No Write Data Beats"
1640,1640,0,0,1,1,0,0,0,8e5ffe20afb76fe31ba56e5faf65c9d2,0,3b9a3d13b8d6963fae1d8dc05a6037b2,0,1,0,1,ff81e4df,ffffffdb,0,1,0,0,0,00000000,"FIXED",3,00,"Data Secure Unprivileged","1 byte",0,0,00000000,"INCR",3,00,"Data Secure Unprivileged","4 bytes",0,0,ff8127fb,"OKAY",00000000,0,2,1,0,0,0,0,0,0,0,2,0,1,4,0,0,1,0,0037e400,"INCR",3,ff,0,"Data Secure Unprivileged",0,"4 bytes",0,00000000,"FIXED",0,00,0,"Data Secure Unprivileged",0,"1 byte",0,"OKAY",0,c08d1dae,"OKAY",00000000,4,2,0,1,0,0,0,0,2,0,1,0,2,1,0,2,1,0,c08d1dae,3,f,0,0,0,00000004,3,1,0,0,1,"No Read Addr Cmds","No Read Addr Cmds","No Write Addr Cmds","No Write Addr Cmds","No Write Responses","No Write Responses","_","_","_","_","_","_","_","_","No Write Data Beats","No Write Data Beats"
1641,1641,0,0,1,1,0,0,0,8e5ffe20afb76fe31ba56e5faf65c9d2,0,3b9a3d13b8d6963fae1d8dc05a6037b2,0,1,0,1,ff81e4df,ffffffdb,0,1,0,0,0,00000000,"FIXED",3,00,"Data Secure Unprivileged","1 byte",0,0,00000000,"INCR",3,00,"Data Secure Unprivileged","4 bytes",0,0,ff8127fb,"OKAY",00000000,0,2,1,0,0,0,0,0,0,0,2,0,1,4,0,0,1,0,0037e400,"INCR",3,ff,0,"Data Secure Unprivileged",0,"4 bytes",0,00000000,"FIXED",0,00,0,"Data Secure Unprivileged",0,"1 byte",0,"OKAY",0,c08d1dae,"OKAY",00000000,4,2,0,1,0,0,0,0,2,0,1,0,2,1,0,2,1,0,c08d1dae,3,f,0,0,0,00000004,3,1,0,0,1,"No Read Addr Cmds","No Read Addr Cmds","No Write Addr Cmds","No Write Addr Cmds","No Write Responses","No Write Responses","_","_","_","_","_","_","_","_","No Write Data Beats","No Write Data Beats"
1642,1642,0,0,1,1,0,0,0,8e5ffe20afb76fe31ba56e5faf65c9d2,0,3b9a3d13b8d6963fae1d8dc05a6037b2,0,1,0,1,ff81e4df,ffffffdb,0,1,0,0,0,00000000,"FIXED",3,00,"Data Secure Unprivileged","1 byte",0,0,00000000,"INCR",3,00,"Data Secure Unprivileged","4 bytes",0,0,ff8127fb,"OKAY",00000000,0,2,1,0,0,0,0,0,0,0,2,0,1,4,0,0,1,0,0037e400,"INCR",3,ff,0,"Data Secure Unprivileged",0,"4 bytes",0,00000000,"FIXED",0,00,0,"Data Secure Unprivileged",0,"1 byte",0,"OKAY",0,c08d1dae,"OKAY",00000000,4,2,0,1,0,0,0,0,2,0,1,0,2,1,0,2,1,0,c08d1dae,3,f,0,0,0,00000004,3,1,0,0,1,"No Read Addr Cmds","No Read Addr Cmds","No Write Addr Cmds","No Write Addr Cmds","No Write Responses","No Write Responses","_","_","_","_","_","_","_","_","No Write Data Beats","No Write Data Beats"
1643,1643,0,0,1,1,0,0,0,8e5ffe20afb76fe31ba56e5faf65c9d2,0,3b9a3d13b8d6963fae1d8dc05a6037b2,0,1,0,1,ff81e4df,ffffffdb,0,1,0,0,0,00000000,"FIXED",3,00,"Data Secure Unprivileged","1 byte",0,0,00000000,"INCR",3,00,"Data Secure Unprivileged","4 bytes",0,0,ff8127fb,"OKAY",00000000,0,2,1,0,0,0,0,0,0,0,2,0,1,4,0,0,1,0,0037e400,"INCR",3,ff,0,"Data Secure Unprivileged",0,"4 bytes",0,00000000,"FIXED",0,00,0,"Data Secure Unprivileged",0,"1 byte",0,"OKAY",0,c08d1dae,"OKAY",00000000,4,2,0,1,0,0,0,0,2,0,1,0,2,1,0,2,1,0,c08d1dae,3,f,0,0,0,00000004,3,1,0,0,1,"No Read Addr Cmds","No Read Addr Cmds","No Write Addr Cmds","No Write Addr Cmds","No Write Responses","No Write Responses","_","_","_","_","_","_","_","_","No Write Data Beats","No Write Data Beats"
1644,1644,0,0,1,1,0,0,0,8e5ffe20afb76fe31ba56e5faf65c9d2,0,3b9a3d13b8d6963fae1d8dc05a6037b2,0,1,0,1,ff81e4df,ffffffdb,0,1,0,0,0,00000000,"FIXED",3,00,"Data Secure Unprivileged","1 byte",0,0,00000000,"INCR",3,00,"Data Secure Unprivileged","4 bytes",0,0,ff8127fb,"OKAY",00000000,0,2,1,0,0,0,0,0,0,0,2,0,1,4,0,0,1,0,0037e400,"INCR",3,ff,0,"Data Secure Unprivileged",0,"4 bytes",0,00000000,"FIXED",0,00,0,"Data Secure Unprivileged",0,"1 byte",0,"OKAY",0,c08d1dae,"OKAY",00000000,4,2,0,1,0,0,0,0,2,0,1,0,2,1,0,2,1,0,c08d1dae,3,f,0,0,0,00000004,3,1,0,0,1,"No Read Addr Cmds","No Read Addr Cmds","No Write Addr Cmds","No Write Addr Cmds","No Write Responses","No Write Responses","_","_","_","_","_","_","_","_","No Write Data Beats","No Write Data Beats"
1645,1645,0,0,1,1,0,0,0,8e5ffe20afb76fe31ba56e5faf65c9d2,0,3b9a3d13b8d6963fae1d8dc05a6037b2,0,1,0,1,ff81e4df,ffffffdb,0,1,0,0,0,00000000,"FIXED",3,00,"Data Secure Unprivileged","1 byte",0,0,00000000,"INCR",3,00,"Data Secure Unprivileged","4 bytes",0,0,ff8127fb,"OKAY",00000000,0,2,1,0,0,0,0,0,0,0,2,0,1,4,0,0,1,0,0037e400,"INCR",3,ff,0,"Data Secure Unprivileged",0,"4 bytes",0,00000000,"FIXED",0,00,0,"Data Secure Unprivileged",0,"1 byte",0,"OKAY",0,c08d1dae,"OKAY",00000000,4,2,0,1,0,0,0,0,2,0,1,0,2,1,0,2,1,0,c08d1dae,3,f,0,0,0,00000004,3,1,0,0,1,"No Read Addr Cmds","No Read Addr Cmds","No Write Addr Cmds","No Write Addr Cmds","No Write Responses","No Write Responses","_","_","_","_","_","_","_","_","No Write Data Beats","No Write Data Beats"
1646,1646,0,0,1,1,0,0,0,8e5ffe20afb76fe31ba56e5faf65c9d2,0,3b9a3d13b8d6963fae1d8dc05a6037b2,0,1,0,1,ff81e4df,ffffffdb,0,1,0,0,0,00000000,"FIXED",3,00,"Data Secure Unprivileged","1 byte",0,0,00000000,"INCR",3,00,"Data Secure Unprivileged","4 bytes",0,0,ff8127fb,"OKAY",00000000,0,2,1,0,0,0,0,0,0,0,2,0,1,4,0,0,1,0,0037e400,"INCR",3,ff,0,"Data Secure Unprivileged",0,"4 bytes",0,00000000,"FIXED",0,00,0,"Data Secure Unprivileged",0,"1 byte",0,"OKAY",0,c08d1dae,"OKAY",00000000,4,2,0,1,0,0,0,0,2,0,1,0,2,1,0,2,1,0,c08d1dae,3,f,0,0,0,00000004,3,1,0,0,1,"No Read Addr Cmds","No Read Addr Cmds","No Write Addr Cmds","No Write Addr Cmds","No Write Responses","No Write Responses","_","_","_","_","_","_","_","_","No Write Data Beats","No Write Data Beats"
1647,1647,0,0,1,1,0,0,0,8e5ffe20afb76fe31ba56e5faf65c9d2,0,3b9a3d13b8d6963fae1d8dc05a6037b2,0,1,0,1,ff81e4df,ffffffdb,0,1,0,0,0,00000000,"FIXED",3,00,"Data Secure Unprivileged","1 byte",0,0,00000000,"INCR",3,00,"Data Secure Unprivileged","4 bytes",0,0,ff8127fb,"OKAY",00000000,0,2,1,0,0,0,0,0,0,0,2,0,1,4,0,0,1,0,0037e400,"INCR",3,ff,0,"Data Secure Unprivileged",0,"4 bytes",0,00000000,"FIXED",0,00,0,"Data Secure Unprivileged",0,"1 byte",0,"OKAY",0,c08d1dae,"OKAY",00000000,4,2,0,1,0,0,0,0,2,0,1,0,2,1,0,2,1,0,c08d1dae,3,f,0,0,0,00000004,3,1,0,0,1,"No Read Addr Cmds","No Read Addr Cmds","No Write Addr Cmds","No Write Addr Cmds","No Write Responses","No Write Responses","_","_","_","_","_","_","_","_","No Write Data Beats","No Write Data Beats"
1648,1648,0,0,1,1,0,0,0,8e5ffe20afb76fe31ba56e5faf65c9d2,0,3b9a3d13b8d6963fae1d8dc05a6037b2,0,1,0,1,ff81e4df,ffffffdb,0,1,0,0,0,00000000,"FIXED",3,00,"Data Secure Unprivileged","1 byte",0,0,00000000,"INCR",3,00,"Data Secure Unprivileged","4 bytes",0,0,ff8127fb,"OKAY",00000000,0,2,1,0,0,0,0,0,0,0,2,0,1,4,0,0,1,0,0037e400,"INCR",3,ff,0,"Data Secure Unprivileged",0,"4 bytes",0,00000000,"FIXED",0,00,0,"Data Secure Unprivileged",0,"1 byte",0,"OKAY",0,c08d1dae,"OKAY",00000000,4,2,0,1,0,0,0,0,2,0,1,0,2,1,0,2,1,0,c08d1dae,3,f,0,0,0,00000004,3,1,0,0,1,"No Read Addr Cmds","No Read Addr Cmds","No Write Addr Cmds","No Write Addr Cmds","No Write Responses","No Write Responses","_","_","_","_","_","_","_","_","No Write Data Beats","No Write Data Beats"
1649,1649,0,0,1,1,0,0,0,8e5ffe20afb76fe31ba56e5faf65c9d2,0,3b9a3d13b8d6963fae1d8dc05a6037b2,0,1,0,1,ff81e4df,ffffffdb,0,1,0,0,0,00000000,"FIXED",3,00,"Data Secure Unprivileged","1 byte",0,0,00000000,"INCR",3,00,"Data Secure Unprivileged","4 bytes",0,0,ff8127fb,"OKAY",00000000,0,2,1,0,0,0,0,0,0,0,2,0,1,4,0,0,1,0,0037e400,"INCR",3,ff,0,"Data Secure Unprivileged",0,"4 bytes",0,00000000,"FIXED",0,00,0,"Data Secure Unprivileged",0,"1 byte",0,"OKAY",0,c08d1dae,"OKAY",00000000,4,2,0,1,0,0,0,0,2,0,1,0,2,1,0,2,1,0,c08d1dae,3,f,0,0,0,00000004,3,1,0,0,1,"No Read Addr Cmds","No Read Addr Cmds","No Write Addr Cmds","No Write Addr Cmds","No Write Responses","No Write Responses","_","_","_","_","_","_","_","_","No Write Data Beats","No Write Data Beats"
1650,1650,0,0,1,1,0,0,0,8e5ffe20afb76fe31ba56e5faf65c9d2,0,3b9a3d13b8d6963fae1d8dc05a6037b2,0,1,0,1,ff81e4df,ffffffdb,0,1,0,0,0,00000000,"FIXED",3,00,"Data Secure Unprivileged","1 byte",0,0,00000000,"INCR",3,00,"Data Secure Unprivileged","4 bytes",0,0,ff8127fb,"OKAY",00000000,0,2,1,0,0,0,0,0,0,0,2,0,1,4,0,0,1,0,0037e400,"INCR",3,ff,0,"Data Secure Unprivileged",0,"4 bytes",0,00000000,"FIXED",0,00,0,"Data Secure Unprivileged",0,"1 byte",0,"OKAY",0,c08d1dae,"OKAY",00000000,4,2,0,1,0,0,0,0,2,0,1,0,2,1,0,2,1,0,c08d1dae,3,f,0,0,0,00000004,3,1,0,0,1,"No Read Addr Cmds","No Read Addr Cmds","No Write Addr Cmds","No Write Addr Cmds","No Write Responses","No Write Responses","_","_","_","_","_","_","_","_","No Write Data Beats","No Write Data Beats"
1651,1651,0,0,1,1,0,0,0,8e5ffe20afb76fe31ba56e5faf65c9d2,0,3b9a3d13b8d6963fae1d8dc05a6037b2,0,1,0,1,ff81e4df,ffffffdb,0,1,0,0,0,00000000,"FIXED",3,00,"Data Secure Unprivileged","1 byte",0,0,00000000,"INCR",3,00,"Data Secure Unprivileged","4 bytes",0,0,ff8127fb,"OKAY",00000000,0,2,1,0,0,0,0,0,0,0,2,0,1,4,0,0,1,0,0037e400,"INCR",3,ff,0,"Data Secure Unprivileged",0,"4 bytes",0,00000000,"FIXED",0,00,0,"Data Secure Unprivileged",0,"1 byte",0,"OKAY",0,c08d1dae,"OKAY",00000000,4,2,0,1,0,0,0,0,2,0,1,0,2,1,0,2,1,0,c08d1dae,3,f,0,0,0,00000004,3,1,0,0,1,"No Read Addr Cmds","No Read Addr Cmds","No Write Addr Cmds","No Write Addr Cmds","No Write Responses","No Write Responses","_","_","_","_","_","_","_","_","No Write Data Beats","No Write Data Beats"
1652,1652,0,0,1,1,0,0,0,8e5ffe20afb76fe31ba56e5faf65c9d2,0,3b9a3d13b8d6963fae1d8dc05a6037b2,0,1,0,1,ff81e4df,ffffffdb,0,1,0,0,0,00000000,"FIXED",3,00,"Data Secure Unprivileged","1 byte",0,0,00000000,"INCR",3,00,"Data Secure Unprivileged","4 bytes",0,0,ff8127fb,"OKAY",00000000,0,2,1,0,0,0,0,0,0,0,2,0,1,4,0,0,1,0,0037e400,"INCR",3,ff,0,"Data Secure Unprivileged",0,"4 bytes",0,00000000,"FIXED",0,00,0,"Data Secure Unprivileged",0,"1 byte",0,"OKAY",0,c08d1dae,"OKAY",00000000,4,2,0,1,0,0,0,0,2,0,1,0,2,1,0,2,1,0,c08d1dae,3,f,0,0,0,00000004,3,1,0,0,1,"No Read Addr Cmds","No Read Addr Cmds","No Write Addr Cmds","No Write Addr Cmds","No Write Responses","No Write Responses","_","_","_","_","_","_","_","_","No Write Data Beats","No Write Data Beats"
1653,1653,0,0,1,1,0,0,0,8e5ffe20afb76fe31ba56e5faf65c9d2,0,3b9a3d13b8d6963fae1d8dc05a6037b2,0,1,0,1,ff81e4df,ffffffdb,0,1,0,0,0,00000000,"FIXED",3,00,"Data Secure Unprivileged","1 byte",0,0,00000000,"INCR",3,00,"Data Secure Unprivileged","4 bytes",0,0,ff8127fb,"OKAY",00000000,0,2,1,0,0,0,0,0,0,0,2,0,1,4,0,0,1,0,0037e400,"INCR",3,ff,0,"Data Secure Unprivileged",0,"4 bytes",0,00000000,"FIXED",0,00,0,"Data Secure Unprivileged",0,"1 byte",0,"OKAY",0,c08d1dae,"OKAY",00000000,4,2,0,1,0,0,0,0,2,0,1,0,2,1,0,2,1,0,c08d1dae,3,f,0,0,0,00000004,3,1,0,0,1,"No Read Addr Cmds","No Read Addr Cmds","No Write Addr Cmds","No Write Addr Cmds","No Write Responses","No Write Responses","_","_","_","_","_","_","_","_","No Write Data Beats","No Write Data Beats"
1654,1654,0,0,1,1,0,0,0,8e5ffe20afb76fe31ba56e5faf65c9d2,0,3b9a3d13b8d6963fae1d8dc05a6037b2,0,1,0,1,ff81e4df,ffffffdb,0,1,0,0,0,00000000,"FIXED",3,00,"Data Secure Unprivileged","1 byte",0,0,00000000,"INCR",3,00,"Data Secure Unprivileged","4 bytes",0,0,ff8127fb,"OKAY",00000000,0,2,1,0,0,0,0,0,0,0,2,0,1,4,0,0,1,0,0037e400,"INCR",3,ff,0,"Data Secure Unprivileged",0,"4 bytes",0,00000000,"FIXED",0,00,0,"Data Secure Unprivileged",0,"1 byte",0,"OKAY",0,c08d1dae,"OKAY",00000000,4,2,0,1,0,0,0,0,2,0,1,0,2,1,0,2,1,0,c08d1dae,3,f,0,0,0,00000004,3,1,0,0,1,"No Read Addr Cmds","No Read Addr Cmds","No Write Addr Cmds","No Write Addr Cmds","No Write Responses","No Write Responses","_","_","_","_","_","_","_","_","No Write Data Beats","No Write Data Beats"
1655,1655,0,0,1,1,0,0,0,8e5ffe20afb76fe31ba56e5faf65c9d2,0,3b9a3d13b8d6963fae1d8dc05a6037b2,0,1,0,1,ff81e4df,ffffffdb,0,1,0,0,0,00000000,"FIXED",3,00,"Data Secure Unprivileged","1 byte",0,0,00000000,"INCR",3,00,"Data Secure Unprivileged","4 bytes",0,0,ff8127fb,"OKAY",00000000,0,2,1,0,0,0,0,0,0,0,2,0,1,4,0,0,1,0,0037e400,"INCR",3,ff,0,"Data Secure Unprivileged",0,"4 bytes",0,00000000,"FIXED",0,00,0,"Data Secure Unprivileged",0,"1 byte",0,"OKAY",0,c08d1dae,"OKAY",00000000,4,2,0,1,0,0,0,0,2,0,1,0,2,1,0,2,1,0,c08d1dae,3,f,0,0,0,00000004,3,1,0,0,1,"No Read Addr Cmds","No Read Addr Cmds","No Write Addr Cmds","No Write Addr Cmds","No Write Responses","No Write Responses","_","_","_","_","_","_","_","_","No Write Data Beats","No Write Data Beats"
1656,1656,0,0,1,1,0,0,0,8e5ffe20afb76fe31ba56e5faf65c9d2,0,3b9a3d13b8d6963fae1d8dc05a6037b2,0,1,0,1,ff81e4df,ffffffdb,0,1,0,0,0,00000000,"FIXED",3,00,"Data Secure Unprivileged","1 byte",0,0,00000000,"INCR",3,00,"Data Secure Unprivileged","4 bytes",0,0,ff8127fb,"OKAY",00000000,0,2,1,0,0,0,0,0,0,0,2,0,1,4,0,0,1,0,0037e400,"INCR",3,ff,0,"Data Secure Unprivileged",0,"4 bytes",0,00000000,"FIXED",0,00,0,"Data Secure Unprivileged",0,"1 byte",0,"OKAY",0,c08d1dae,"OKAY",00000000,4,2,0,1,0,0,0,0,2,0,1,0,2,1,0,2,1,0,c08d1dae,3,f,0,0,0,00000004,3,1,0,0,1,"No Read Addr Cmds","No Read Addr Cmds","No Write Addr Cmds","No Write Addr Cmds","No Write Responses","No Write Responses","_","_","_","_","_","_","_","_","No Write Data Beats","No Write Data Beats"
1657,1657,0,0,1,1,0,0,0,8e5ffe20afb76fe31ba56e5faf65c9d2,0,3b9a3d13b8d6963fae1d8dc05a6037b2,0,1,0,1,ff81e4df,ffffffdb,0,1,0,0,0,00000000,"FIXED",3,00,"Data Secure Unprivileged","1 byte",0,0,00000000,"INCR",3,00,"Data Secure Unprivileged","4 bytes",0,0,ff8127fb,"OKAY",00000000,0,2,1,0,0,0,0,0,0,0,2,0,1,4,0,0,1,0,0037e400,"INCR",3,ff,0,"Data Secure Unprivileged",0,"4 bytes",0,00000000,"FIXED",0,00,0,"Data Secure Unprivileged",0,"1 byte",0,"OKAY",0,c08d1dae,"OKAY",00000000,4,2,0,1,0,0,0,0,2,0,1,0,2,1,0,2,1,0,c08d1dae,3,f,0,0,0,00000004,3,1,0,0,1,"No Read Addr Cmds","No Read Addr Cmds","No Write Addr Cmds","No Write Addr Cmds","No Write Responses","No Write Responses","_","_","_","_","_","_","_","_","No Write Data Beats","No Write Data Beats"
1658,1658,0,0,1,1,0,0,0,8e5ffe20afb76fe31ba56e5faf65c9d2,0,3b9a3d13b8d6963fae1d8dc05a6037b2,0,1,0,1,ff81e4df,ffffffdb,0,1,0,0,0,00000000,"FIXED",3,00,"Data Secure Unprivileged","1 byte",0,0,00000000,"INCR",3,00,"Data Secure Unprivileged","4 bytes",0,0,ff8127fb,"OKAY",00000000,0,2,1,0,0,0,0,0,0,0,2,0,1,4,0,0,1,0,0037e400,"INCR",3,ff,0,"Data Secure Unprivileged",0,"4 bytes",0,00000000,"FIXED",0,00,0,"Data Secure Unprivileged",0,"1 byte",0,"OKAY",0,c08d1dae,"OKAY",00000000,4,2,0,1,0,0,0,0,2,0,1,0,2,1,0,2,1,0,c08d1dae,3,f,0,0,0,00000004,3,1,0,0,1,"No Read Addr Cmds","No Read Addr Cmds","No Write Addr Cmds","No Write Addr Cmds","No Write Responses","No Write Responses","_","_","_","_","_","_","_","_","No Write Data Beats","No Write Data Beats"
1659,1659,0,0,1,1,0,0,0,8e5ffe20afb76fe31ba56e5faf65c9d2,0,3b9a3d13b8d6963fae1d8dc05a6037b2,0,1,0,1,ff81e4df,ffffffdb,0,1,0,0,0,00000000,"FIXED",3,00,"Data Secure Unprivileged","1 byte",0,0,00000000,"INCR",3,00,"Data Secure Unprivileged","4 bytes",0,0,ff8127fb,"OKAY",00000000,0,2,1,0,0,0,0,0,0,0,2,0,1,4,0,0,1,0,0037e400,"INCR",3,ff,0,"Data Secure Unprivileged",0,"4 bytes",0,00000000,"FIXED",0,00,0,"Data Secure Unprivileged",0,"1 byte",0,"OKAY",0,c08d1dae,"OKAY",00000000,4,2,0,1,0,0,0,0,2,0,1,0,2,1,0,2,1,0,c08d1dae,3,f,0,0,0,00000004,3,1,0,0,1,"No Read Addr Cmds","No Read Addr Cmds","No Write Addr Cmds","No Write Addr Cmds","No Write Responses","No Write Responses","_","_","_","_","_","_","_","_","No Write Data Beats","No Write Data Beats"
1660,1660,0,0,1,1,0,0,0,8e5ffe20afb76fe31ba56e5faf65c9d2,0,3b9a3d13b8d6963fae1d8dc05a6037b2,0,1,0,1,ff81e4df,ffffffdb,0,1,0,0,0,00000000,"FIXED",3,00,"Data Secure Unprivileged","1 byte",0,0,00000000,"INCR",3,00,"Data Secure Unprivileged","4 bytes",0,0,ff8127fb,"OKAY",00000000,0,2,1,0,0,0,0,0,0,0,2,0,1,4,0,0,1,0,0037e400,"INCR",3,ff,0,"Data Secure Unprivileged",0,"4 bytes",0,00000000,"FIXED",0,00,0,"Data Secure Unprivileged",0,"1 byte",0,"OKAY",0,c08d1dae,"OKAY",00000000,4,2,0,1,0,0,0,0,2,0,1,0,2,1,0,2,1,0,c08d1dae,3,f,0,0,0,00000004,3,1,0,0,1,"No Read Addr Cmds","No Read Addr Cmds","No Write Addr Cmds","No Write Addr Cmds","No Write Responses","No Write Responses","_","_","_","_","_","_","_","_","No Write Data Beats","No Write Data Beats"
1661,1661,0,0,1,1,0,0,0,8e5ffe20afb76fe31ba56e5faf65c9d2,0,3b9a3d13b8d6963fae1d8dc05a6037b2,0,1,0,1,ff81e4df,ffffffdb,0,1,0,0,0,00000000,"FIXED",3,00,"Data Secure Unprivileged","1 byte",0,0,00000000,"INCR",3,00,"Data Secure Unprivileged","4 bytes",0,0,ff8127fb,"OKAY",00000000,0,2,1,0,0,0,0,0,0,0,2,0,1,4,0,0,1,0,0037e400,"INCR",3,ff,0,"Data Secure Unprivileged",0,"4 bytes",0,00000000,"FIXED",0,00,0,"Data Secure Unprivileged",0,"1 byte",0,"OKAY",0,c08d1dae,"OKAY",00000000,4,2,0,1,0,0,0,0,2,0,1,0,2,1,0,2,1,0,c08d1dae,3,f,0,0,0,00000004,3,1,0,0,1,"No Read Addr Cmds","No Read Addr Cmds","No Write Addr Cmds","No Write Addr Cmds","No Write Responses","No Write Responses","_","_","_","_","_","_","_","_","No Write Data Beats","No Write Data Beats"
1662,1662,0,0,1,1,0,0,0,8e5ffe20afb76fe31ba56e5faf65c9d2,0,3b9a3d13b8d6963fae1d8dc05a6037b2,0,1,0,1,ff81e4df,ffffffdb,0,1,0,0,0,00000000,"FIXED",3,00,"Data Secure Unprivileged","1 byte",0,0,00000000,"INCR",3,00,"Data Secure Unprivileged","4 bytes",0,0,ff8127fb,"OKAY",00000000,0,2,1,0,0,0,0,0,0,0,2,0,1,4,0,0,1,0,0037e400,"INCR",3,ff,0,"Data Secure Unprivileged",0,"4 bytes",0,00000000,"FIXED",0,00,0,"Data Secure Unprivileged",0,"1 byte",0,"OKAY",0,c08d1dae,"OKAY",00000000,4,2,0,1,0,0,0,0,2,0,1,0,2,1,0,2,1,0,c08d1dae,3,f,0,0,0,00000004,3,1,0,0,1,"No Read Addr Cmds","No Read Addr Cmds","No Write Addr Cmds","No Write Addr Cmds","No Write Responses","No Write Responses","_","_","_","_","_","_","_","_","No Write Data Beats","No Write Data Beats"
1663,1663,0,0,1,1,0,0,0,8e5ffe20afb76fe31ba56e5faf65c9d2,0,3b9a3d13b8d6963fae1d8dc05a6037b2,0,1,0,1,ff81e4df,ffffffdb,0,1,0,0,0,00000000,"FIXED",3,00,"Data Secure Unprivileged","1 byte",0,0,00000000,"INCR",3,00,"Data Secure Unprivileged","4 bytes",0,0,ff8127fb,"OKAY",00000000,0,2,1,0,0,0,0,0,0,0,2,0,1,4,0,0,1,0,0037e400,"INCR",3,ff,0,"Data Secure Unprivileged",0,"4 bytes",0,00000000,"FIXED",0,00,0,"Data Secure Unprivileged",0,"1 byte",0,"OKAY",0,c08d1dae,"OKAY",00000000,4,2,0,1,0,0,0,0,2,0,1,0,2,1,0,2,1,0,c08d1dae,3,f,0,0,0,00000004,3,1,0,0,1,"No Read Addr Cmds","No Read Addr Cmds","No Write Addr Cmds","No Write Addr Cmds","No Write Responses","No Write Responses","_","_","_","_","_","_","_","_","No Write Data Beats","No Write Data Beats"
1664,1664,0,0,1,1,0,0,0,8e5ffe20afb76fe31ba56e5faf65c9d2,0,3b9a3d13b8d6963fae1d8dc05a6037b2,0,1,0,1,ff81e4df,ffffffdb,0,1,0,0,0,00000000,"FIXED",3,00,"Data Secure Unprivileged","1 byte",0,0,00000000,"INCR",3,00,"Data Secure Unprivileged","4 bytes",0,0,ff8127fb,"OKAY",00000000,0,2,1,0,0,0,0,0,0,0,2,0,1,4,0,0,1,0,0037e400,"INCR",3,ff,0,"Data Secure Unprivileged",0,"4 bytes",0,00000000,"FIXED",0,00,0,"Data Secure Unprivileged",0,"1 byte",0,"OKAY",0,c08d1dae,"OKAY",00000000,4,2,0,1,0,0,0,0,2,0,1,0,2,1,0,2,1,0,c08d1dae,3,f,0,0,0,00000004,3,1,0,0,1,"No Read Addr Cmds","No Read Addr Cmds","No Write Addr Cmds","No Write Addr Cmds","No Write Responses","No Write Responses","_","_","_","_","_","_","_","_","No Write Data Beats","No Write Data Beats"
1665,1665,0,0,1,1,0,0,0,8e5ffe20afb76fe31ba56e5faf65c9d2,0,3b9a3d13b8d6963fae1d8dc05a6037b2,0,1,0,1,ff81e4df,ffffffdb,0,1,0,0,0,00000000,"FIXED",3,00,"Data Secure Unprivileged","1 byte",0,0,00000000,"INCR",3,00,"Data Secure Unprivileged","4 bytes",0,0,ff8127fb,"OKAY",00000000,0,2,1,0,0,0,0,0,0,0,2,0,1,4,0,0,1,0,0037e400,"INCR",3,ff,0,"Data Secure Unprivileged",0,"4 bytes",0,00000000,"FIXED",0,00,0,"Data Secure Unprivileged",0,"1 byte",0,"OKAY",0,c08d1dae,"OKAY",00000000,4,2,0,1,0,0,0,0,2,0,1,0,2,1,0,2,1,0,c08d1dae,3,f,0,0,0,00000004,3,1,0,0,1,"No Read Addr Cmds","No Read Addr Cmds","No Write Addr Cmds","No Write Addr Cmds","No Write Responses","No Write Responses","_","_","_","_","_","_","_","_","No Write Data Beats","No Write Data Beats"
1666,1666,0,0,1,1,0,0,0,8e5ffe20afb76fe31ba56e5faf65c9d2,0,3b9a3d13b8d6963fae1d8dc05a6037b2,0,1,0,1,ff81e4df,ffffffdb,0,1,0,0,0,00000000,"FIXED",3,00,"Data Secure Unprivileged","1 byte",0,0,00000000,"INCR",3,00,"Data Secure Unprivileged","4 bytes",0,0,ff8127fb,"OKAY",00000000,0,2,1,0,0,0,0,0,0,0,2,0,1,4,0,0,1,0,0037e400,"INCR",3,ff,0,"Data Secure Unprivileged",0,"4 bytes",0,00000000,"FIXED",0,00,0,"Data Secure Unprivileged",0,"1 byte",0,"OKAY",0,c08d1dae,"OKAY",00000000,4,2,0,1,0,0,0,0,2,0,1,0,2,1,0,2,1,0,c08d1dae,3,f,0,0,0,00000004,3,1,0,0,1,"No Read Addr Cmds","No Read Addr Cmds","No Write Addr Cmds","No Write Addr Cmds","No Write Responses","No Write Responses","_","_","_","_","_","_","_","_","No Write Data Beats","No Write Data Beats"
1667,1667,0,0,1,1,0,0,0,8e5ffe20afb76fe31ba56e5faf65c9d2,0,3b9a3d13b8d6963fae1d8dc05a6037b2,0,1,0,1,ff81e4df,ffffffdb,0,1,0,0,0,00000000,"FIXED",3,00,"Data Secure Unprivileged","1 byte",0,0,00000000,"INCR",3,00,"Data Secure Unprivileged","4 bytes",0,0,ff8127fb,"OKAY",00000000,0,2,1,0,0,0,0,0,0,0,2,0,1,4,0,0,1,0,0037e400,"INCR",3,ff,0,"Data Secure Unprivileged",0,"4 bytes",0,00000000,"FIXED",0,00,0,"Data Secure Unprivileged",0,"1 byte",0,"OKAY",0,c08d1dae,"OKAY",00000000,4,2,0,1,0,0,0,0,2,0,1,0,2,1,0,2,1,0,c08d1dae,3,f,0,0,0,00000004,3,1,0,0,1,"No Read Addr Cmds","No Read Addr Cmds","No Write Addr Cmds","No Write Addr Cmds","No Write Responses","No Write Responses","_","_","_","_","_","_","_","_","No Write Data Beats","No Write Data Beats"
1668,1668,0,0,1,1,0,0,0,8e5ffe20afb76fe31ba56e5faf65c9d2,0,3b9a3d13b8d6963fae1d8dc05a6037b2,0,1,0,1,ff81e4df,ffffffdb,0,1,0,0,0,00000000,"FIXED",3,00,"Data Secure Unprivileged","1 byte",0,0,00000000,"INCR",3,00,"Data Secure Unprivileged","4 bytes",0,0,ff8127fb,"OKAY",00000000,0,2,1,0,0,0,0,0,0,0,2,0,1,4,0,0,1,0,0037e400,"INCR",3,ff,0,"Data Secure Unprivileged",0,"4 bytes",0,00000000,"FIXED",0,00,0,"Data Secure Unprivileged",0,"1 byte",0,"OKAY",0,c08d1dae,"OKAY",00000000,4,2,0,1,0,0,0,0,2,0,1,0,2,1,0,2,1,0,c08d1dae,3,f,0,0,0,00000004,3,1,0,0,1,"No Read Addr Cmds","No Read Addr Cmds","No Write Addr Cmds","No Write Addr Cmds","No Write Responses","No Write Responses","_","_","_","_","_","_","_","_","No Write Data Beats","No Write Data Beats"
1669,1669,0,0,1,1,0,0,0,8e5ffe20afb76fe31ba56e5faf65c9d2,0,3b9a3d13b8d6963fae1d8dc05a6037b2,0,1,0,1,ff81e4df,ffffffdb,0,1,0,0,0,00000000,"FIXED",3,00,"Data Secure Unprivileged","1 byte",0,0,00000000,"INCR",3,00,"Data Secure Unprivileged","4 bytes",0,0,ff8127fb,"OKAY",00000000,0,2,1,0,0,0,0,0,0,0,2,0,1,4,0,0,1,0,0037e400,"INCR",3,ff,0,"Data Secure Unprivileged",0,"4 bytes",0,00000000,"FIXED",0,00,0,"Data Secure Unprivileged",0,"1 byte",0,"OKAY",0,c08d1dae,"OKAY",00000000,4,2,0,1,0,0,0,0,2,0,1,0,2,1,0,2,1,0,c08d1dae,3,f,0,0,0,00000004,3,1,0,0,1,"No Read Addr Cmds","No Read Addr Cmds","No Write Addr Cmds","No Write Addr Cmds","No Write Responses","No Write Responses","_","_","_","_","_","_","_","_","No Write Data Beats","No Write Data Beats"
1670,1670,0,0,1,1,0,0,0,8e5ffe20afb76fe31ba56e5faf65c9d2,0,3b9a3d13b8d6963fae1d8dc05a6037b2,0,1,0,1,ff81e4df,ffffffdb,0,1,0,0,0,00000000,"FIXED",3,00,"Data Secure Unprivileged","1 byte",0,0,00000000,"INCR",3,00,"Data Secure Unprivileged","4 bytes",0,0,ff8127fb,"OKAY",00000000,0,2,1,0,0,0,0,0,0,0,2,0,1,4,0,0,1,0,0037e400,"INCR",3,ff,0,"Data Secure Unprivileged",0,"4 bytes",0,00000000,"FIXED",0,00,0,"Data Secure Unprivileged",0,"1 byte",0,"OKAY",0,c08d1dae,"OKAY",00000000,4,2,0,1,0,0,0,0,2,0,1,0,2,1,0,2,1,0,c08d1dae,3,f,0,0,0,00000004,3,1,0,0,1,"No Read Addr Cmds","No Read Addr Cmds","No Write Addr Cmds","No Write Addr Cmds","No Write Responses","No Write Responses","_","_","_","_","_","_","_","_","No Write Data Beats","No Write Data Beats"
1671,1671,0,0,1,1,0,0,0,8e5ffe20afb76fe31ba56e5faf65c9d2,0,3b9a3d13b8d6963fae1d8dc05a6037b2,0,1,0,1,ff81e4df,ffffffdb,0,1,0,0,0,00000000,"FIXED",3,00,"Data Secure Unprivileged","1 byte",0,0,00000000,"INCR",3,00,"Data Secure Unprivileged","4 bytes",0,0,ff8127fb,"OKAY",00000000,0,2,1,0,0,0,0,0,0,0,2,0,1,4,0,0,1,0,0037e400,"INCR",3,ff,0,"Data Secure Unprivileged",0,"4 bytes",0,00000000,"FIXED",0,00,0,"Data Secure Unprivileged",0,"1 byte",0,"OKAY",0,c08d1dae,"OKAY",00000000,4,2,0,1,0,0,0,0,2,0,1,0,2,1,0,2,1,0,c08d1dae,3,f,0,0,0,00000004,3,1,0,0,1,"No Read Addr Cmds","No Read Addr Cmds","No Write Addr Cmds","No Write Addr Cmds","No Write Responses","No Write Responses","_","_","_","_","_","_","_","_","No Write Data Beats","No Write Data Beats"
1672,1672,0,0,1,1,0,0,0,8e5ffe20afb76fe31ba56e5faf65c9d2,0,3b9a3d13b8d6963fae1d8dc05a6037b2,0,1,0,1,ff81e4df,ffffffdb,0,1,0,0,0,00000000,"FIXED",3,00,"Data Secure Unprivileged","1 byte",0,0,00000000,"INCR",3,00,"Data Secure Unprivileged","4 bytes",0,0,ff8127fb,"OKAY",00000000,0,2,1,0,0,0,0,0,0,0,2,0,1,4,0,0,1,0,0037e400,"INCR",3,ff,0,"Data Secure Unprivileged",0,"4 bytes",0,00000000,"FIXED",0,00,0,"Data Secure Unprivileged",0,"1 byte",0,"OKAY",0,c08d1dae,"OKAY",00000000,4,2,0,1,0,0,0,0,2,0,1,0,2,1,0,2,1,0,c08d1dae,3,f,0,0,0,00000004,3,1,0,0,1,"No Read Addr Cmds","No Read Addr Cmds","No Write Addr Cmds","No Write Addr Cmds","No Write Responses","No Write Responses","_","_","_","_","_","_","_","_","No Write Data Beats","No Write Data Beats"
1673,1673,0,0,1,1,0,0,0,8e5ffe20afb76fe31ba56e5faf65c9d2,0,3b9a3d13b8d6963fae1d8dc05a6037b2,0,1,0,1,ff81e4df,ffffffdb,0,1,0,0,0,00000000,"FIXED",3,00,"Data Secure Unprivileged","1 byte",0,0,00000000,"INCR",3,00,"Data Secure Unprivileged","4 bytes",0,0,ff8127fb,"OKAY",00000000,0,2,1,0,0,0,0,0,0,0,2,0,1,4,0,0,1,0,0037e400,"INCR",3,ff,0,"Data Secure Unprivileged",0,"4 bytes",0,00000000,"FIXED",0,00,0,"Data Secure Unprivileged",0,"1 byte",0,"OKAY",0,c08d1dae,"OKAY",00000000,4,2,0,1,0,0,0,0,2,0,1,0,2,1,0,2,1,0,c08d1dae,3,f,0,0,0,00000004,3,1,0,0,1,"No Read Addr Cmds","No Read Addr Cmds","No Write Addr Cmds","No Write Addr Cmds","No Write Responses","No Write Responses","_","_","_","_","_","_","_","_","No Write Data Beats","No Write Data Beats"
1674,1674,0,0,1,1,0,0,0,8e5ffe20afb76fe31ba56e5faf65c9d2,0,3b9a3d13b8d6963fae1d8dc05a6037b2,0,1,0,1,ff81e4df,ffffffdb,0,1,0,0,0,00000000,"FIXED",3,00,"Data Secure Unprivileged","1 byte",0,0,00000000,"INCR",3,00,"Data Secure Unprivileged","4 bytes",0,0,ff8127fb,"OKAY",00000000,0,2,1,0,0,0,0,0,0,0,2,0,1,4,0,0,1,0,0037e400,"INCR",3,ff,0,"Data Secure Unprivileged",0,"4 bytes",0,00000000,"FIXED",0,00,0,"Data Secure Unprivileged",0,"1 byte",0,"OKAY",0,c08d1dae,"OKAY",00000000,4,2,0,1,0,0,0,0,2,0,1,0,2,1,0,2,1,0,c08d1dae,3,f,0,0,0,00000004,3,1,0,0,1,"No Read Addr Cmds","No Read Addr Cmds","No Write Addr Cmds","No Write Addr Cmds","No Write Responses","No Write Responses","_","_","_","_","_","_","_","_","No Write Data Beats","No Write Data Beats"
1675,1675,0,0,1,1,0,0,0,8e5ffe20afb76fe31ba56e5faf65c9d2,0,3b9a3d13b8d6963fae1d8dc05a6037b2,0,1,0,1,ff81e4df,ffffffdb,0,1,0,0,0,00000000,"FIXED",3,00,"Data Secure Unprivileged","1 byte",0,0,00000000,"INCR",3,00,"Data Secure Unprivileged","4 bytes",0,0,ff8127fb,"OKAY",00000000,0,2,1,0,0,0,0,0,0,0,2,0,1,4,0,0,1,0,0037e400,"INCR",3,ff,0,"Data Secure Unprivileged",0,"4 bytes",0,00000000,"FIXED",0,00,0,"Data Secure Unprivileged",0,"1 byte",0,"OKAY",0,c08d1dae,"OKAY",00000000,4,2,0,1,0,0,0,0,2,0,1,0,2,1,0,2,1,0,c08d1dae,3,f,0,0,0,00000004,3,1,0,0,1,"No Read Addr Cmds","No Read Addr Cmds","No Write Addr Cmds","No Write Addr Cmds","No Write Responses","No Write Responses","_","_","_","_","_","_","_","_","No Write Data Beats","No Write Data Beats"
1676,1676,0,0,1,1,0,0,0,8e5ffe20afb76fe31ba56e5faf65c9d2,0,3b9a3d13b8d6963fae1d8dc05a6037b2,0,1,0,1,ff81e4df,ffffffdb,0,1,0,0,0,00000000,"FIXED",3,00,"Data Secure Unprivileged","1 byte",0,0,00000000,"INCR",3,00,"Data Secure Unprivileged","4 bytes",0,0,ff8127fb,"OKAY",00000000,0,2,1,0,0,0,0,0,0,0,2,0,1,4,0,0,1,0,0037e400,"INCR",3,ff,0,"Data Secure Unprivileged",0,"4 bytes",0,00000000,"FIXED",0,00,0,"Data Secure Unprivileged",0,"1 byte",0,"OKAY",0,c08d1dae,"OKAY",00000000,4,2,0,1,0,0,0,0,2,0,1,0,2,1,0,2,1,0,c08d1dae,3,f,0,0,0,00000004,3,1,0,0,1,"No Read Addr Cmds","No Read Addr Cmds","No Write Addr Cmds","No Write Addr Cmds","No Write Responses","No Write Responses","_","_","_","_","_","_","_","_","No Write Data Beats","No Write Data Beats"
1677,1677,0,0,1,1,0,0,0,8e5ffe20afb76fe31ba56e5faf65c9d2,0,3b9a3d13b8d6963fae1d8dc05a6037b2,0,1,0,1,ff81e4df,ffffffdb,0,1,0,0,0,00000000,"FIXED",3,00,"Data Secure Unprivileged","1 byte",0,0,00000000,"INCR",3,00,"Data Secure Unprivileged","4 bytes",0,0,ff8127fb,"OKAY",00000000,0,2,1,0,0,0,0,0,0,0,2,0,1,4,0,0,1,0,0037e400,"INCR",3,ff,0,"Data Secure Unprivileged",0,"4 bytes",0,00000000,"FIXED",0,00,0,"Data Secure Unprivileged",0,"1 byte",0,"OKAY",0,c08d1dae,"OKAY",00000000,4,2,0,1,0,0,0,0,2,0,1,0,2,1,0,2,1,0,c08d1dae,3,f,0,0,0,00000004,3,1,0,0,1,"No Read Addr Cmds","No Read Addr Cmds","No Write Addr Cmds","No Write Addr Cmds","No Write Responses","No Write Responses","_","_","_","_","_","_","_","_","No Write Data Beats","No Write Data Beats"
1678,1678,0,0,1,1,0,0,0,8e5ffe20afb76fe31ba56e5faf65c9d2,0,3b9a3d13b8d6963fae1d8dc05a6037b2,0,1,0,1,ff81e4df,ffffffdb,0,1,0,0,0,00000000,"FIXED",3,00,"Data Secure Unprivileged","1 byte",0,0,00000000,"INCR",3,00,"Data Secure Unprivileged","4 bytes",0,0,ff8127fb,"OKAY",00000000,0,2,1,0,0,0,0,0,0,0,2,0,1,4,0,0,1,0,0037e400,"INCR",3,ff,0,"Data Secure Unprivileged",0,"4 bytes",0,00000000,"FIXED",0,00,0,"Data Secure Unprivileged",0,"1 byte",0,"OKAY",0,c08d1dae,"OKAY",00000000,4,2,0,1,0,0,0,0,2,0,1,0,2,1,0,2,1,0,c08d1dae,3,f,0,0,0,00000004,3,1,0,0,1,"No Read Addr Cmds","No Read Addr Cmds","No Write Addr Cmds","No Write Addr Cmds","No Write Responses","No Write Responses","_","_","_","_","_","_","_","_","No Write Data Beats","No Write Data Beats"
1679,1679,0,0,1,1,0,0,0,8e5ffe20afb76fe31ba56e5faf65c9d2,0,3b9a3d13b8d6963fae1d8dc05a6037b2,0,1,0,1,ff81e4df,ffffffdb,0,1,0,0,0,00000000,"FIXED",3,00,"Data Secure Unprivileged","1 byte",0,0,00000000,"INCR",3,00,"Data Secure Unprivileged","4 bytes",0,0,ff8127fb,"OKAY",00000000,0,2,1,0,0,0,0,0,0,0,2,0,1,4,0,0,1,0,0037e400,"INCR",3,ff,0,"Data Secure Unprivileged",0,"4 bytes",0,00000000,"FIXED",0,00,0,"Data Secure Unprivileged",0,"1 byte",0,"OKAY",0,c08d1dae,"OKAY",00000000,4,2,0,1,0,0,0,0,2,0,1,0,2,1,0,2,1,0,c08d1dae,3,f,0,0,0,00000004,3,1,0,0,1,"No Read Addr Cmds","No Read Addr Cmds","No Write Addr Cmds","No Write Addr Cmds","No Write Responses","No Write Responses","_","_","_","_","_","_","_","_","No Write Data Beats","No Write Data Beats"
1680,1680,0,0,1,1,0,0,0,8e5ffe20afb76fe31ba56e5faf65c9d2,0,3b9a3d13b8d6963fae1d8dc05a6037b2,0,1,0,1,ff81e4df,ffffffdb,0,1,0,0,0,00000000,"FIXED",3,00,"Data Secure Unprivileged","1 byte",0,0,00000000,"INCR",3,00,"Data Secure Unprivileged","4 bytes",0,0,ff8127fb,"OKAY",00000000,0,2,1,0,0,0,0,0,0,0,2,0,1,4,0,0,1,0,0037e400,"INCR",3,ff,0,"Data Secure Unprivileged",0,"4 bytes",0,00000000,"FIXED",0,00,0,"Data Secure Unprivileged",0,"1 byte",0,"OKAY",0,c08d1dae,"OKAY",00000000,4,2,0,1,0,0,0,0,2,0,1,0,2,1,0,2,1,0,c08d1dae,3,f,0,0,0,00000004,3,1,0,0,1,"No Read Addr Cmds","No Read Addr Cmds","No Write Addr Cmds","No Write Addr Cmds","No Write Responses","No Write Responses","_","_","_","_","_","_","_","_","No Write Data Beats","No Write Data Beats"
1681,1681,0,0,1,1,0,0,0,8e5ffe20afb76fe31ba56e5faf65c9d2,0,3b9a3d13b8d6963fae1d8dc05a6037b2,0,1,0,1,ff81e4df,ffffffdb,0,1,0,0,0,00000000,"FIXED",3,00,"Data Secure Unprivileged","1 byte",0,0,00000000,"INCR",3,00,"Data Secure Unprivileged","4 bytes",0,0,ff8127fb,"OKAY",00000000,0,2,1,0,0,0,0,0,0,0,2,0,1,4,0,0,1,0,0037e400,"INCR",3,ff,0,"Data Secure Unprivileged",0,"4 bytes",0,00000000,"FIXED",0,00,0,"Data Secure Unprivileged",0,"1 byte",0,"OKAY",0,c08d1dae,"OKAY",00000000,4,2,0,1,0,0,0,0,2,0,1,0,2,1,0,2,1,0,c08d1dae,3,f,0,0,0,00000004,3,1,0,0,1,"No Read Addr Cmds","No Read Addr Cmds","No Write Addr Cmds","No Write Addr Cmds","No Write Responses","No Write Responses","_","_","_","_","_","_","_","_","No Write Data Beats","No Write Data Beats"
1682,1682,0,0,1,1,0,0,0,8e5ffe20afb76fe31ba56e5faf65c9d2,0,3b9a3d13b8d6963fae1d8dc05a6037b2,0,1,0,1,ff81e4df,ffffffdb,0,1,0,0,0,00000000,"FIXED",3,00,"Data Secure Unprivileged","1 byte",0,0,00000000,"INCR",3,00,"Data Secure Unprivileged","4 bytes",0,0,ff8127fb,"OKAY",00000000,0,2,1,0,0,0,0,0,0,0,2,0,1,4,0,0,1,0,0037e400,"INCR",3,ff,0,"Data Secure Unprivileged",0,"4 bytes",0,00000000,"FIXED",0,00,0,"Data Secure Unprivileged",0,"1 byte",0,"OKAY",0,c08d1dae,"OKAY",00000000,4,2,0,1,0,0,0,0,2,0,1,0,2,1,0,2,1,0,c08d1dae,3,f,0,0,0,00000004,3,1,0,0,1,"No Read Addr Cmds","No Read Addr Cmds","No Write Addr Cmds","No Write Addr Cmds","No Write Responses","No Write Responses","_","_","_","_","_","_","_","_","No Write Data Beats","No Write Data Beats"
1683,1683,0,0,1,1,0,0,0,8e5ffe20afb76fe31ba56e5faf65c9d2,0,3b9a3d13b8d6963fae1d8dc05a6037b2,0,1,0,1,ff81e4df,ffffffdb,0,1,0,0,0,00000000,"FIXED",3,00,"Data Secure Unprivileged","1 byte",0,0,00000000,"INCR",3,00,"Data Secure Unprivileged","4 bytes",0,0,ff8127fb,"OKAY",00000000,0,2,1,0,0,0,0,0,0,0,2,0,1,4,0,0,1,0,0037e400,"INCR",3,ff,0,"Data Secure Unprivileged",0,"4 bytes",0,00000000,"FIXED",0,00,0,"Data Secure Unprivileged",0,"1 byte",0,"OKAY",0,c08d1dae,"OKAY",00000000,4,2,0,1,0,0,0,0,2,0,1,0,2,1,0,2,1,0,c08d1dae,3,f,0,0,0,00000004,3,1,0,0,1,"No Read Addr Cmds","No Read Addr Cmds","No Write Addr Cmds","No Write Addr Cmds","No Write Responses","No Write Responses","_","_","_","_","_","_","_","_","No Write Data Beats","No Write Data Beats"
1684,1684,0,0,1,1,0,0,0,8e5ffe20afb76fe31ba56e5faf65c9d2,0,3b9a3d13b8d6963fae1d8dc05a6037b2,0,1,0,1,ff81e4df,ffffffdb,0,1,0,0,0,00000000,"FIXED",3,00,"Data Secure Unprivileged","1 byte",0,0,00000000,"INCR",3,00,"Data Secure Unprivileged","4 bytes",0,0,ff8127fb,"OKAY",00000000,0,2,1,0,0,0,0,0,0,0,2,0,1,4,0,0,1,0,0037e400,"INCR",3,ff,0,"Data Secure Unprivileged",0,"4 bytes",0,00000000,"FIXED",0,00,0,"Data Secure Unprivileged",0,"1 byte",0,"OKAY",0,c08d1dae,"OKAY",00000000,4,2,0,1,0,0,0,0,2,0,1,0,2,1,0,2,1,0,c08d1dae,3,f,0,0,0,00000004,3,1,0,0,1,"No Read Addr Cmds","No Read Addr Cmds","No Write Addr Cmds","No Write Addr Cmds","No Write Responses","No Write Responses","_","_","_","_","_","_","_","_","No Write Data Beats","No Write Data Beats"
1685,1685,0,0,1,1,0,0,0,8e5ffe20afb76fe31ba56e5faf65c9d2,0,3b9a3d13b8d6963fae1d8dc05a6037b2,0,1,0,1,ff81e4df,ffffffdb,0,1,0,0,0,00000000,"FIXED",3,00,"Data Secure Unprivileged","1 byte",0,0,00000000,"INCR",3,00,"Data Secure Unprivileged","4 bytes",0,0,ff8127fb,"OKAY",00000000,0,2,1,0,0,0,0,0,0,0,2,0,1,4,0,0,1,0,0037e400,"INCR",3,ff,0,"Data Secure Unprivileged",0,"4 bytes",0,00000000,"FIXED",0,00,0,"Data Secure Unprivileged",0,"1 byte",0,"OKAY",0,c08d1dae,"OKAY",00000000,4,2,0,1,0,0,0,0,2,0,1,0,2,1,0,2,1,0,c08d1dae,3,f,0,0,0,00000004,3,1,0,0,1,"No Read Addr Cmds","No Read Addr Cmds","No Write Addr Cmds","No Write Addr Cmds","No Write Responses","No Write Responses","_","_","_","_","_","_","_","_","No Write Data Beats","No Write Data Beats"
1686,1686,0,0,1,1,0,0,0,8e5ffe20afb76fe31ba56e5faf65c9d2,0,3b9a3d13b8d6963fae1d8dc05a6037b2,0,1,0,1,ff81e4df,ffffffdb,0,1,0,0,0,00000000,"FIXED",3,00,"Data Secure Unprivileged","1 byte",0,0,00000000,"INCR",3,00,"Data Secure Unprivileged","4 bytes",0,0,ff8127fb,"OKAY",00000000,0,2,1,0,0,0,0,0,0,0,2,0,1,4,0,0,1,0,0037e400,"INCR",3,ff,0,"Data Secure Unprivileged",0,"4 bytes",0,00000000,"FIXED",0,00,0,"Data Secure Unprivileged",0,"1 byte",0,"OKAY",0,c08d1dae,"OKAY",00000000,4,2,0,1,0,0,0,0,2,0,1,0,2,1,0,2,1,0,c08d1dae,3,f,0,0,0,00000004,3,1,0,0,1,"No Read Addr Cmds","No Read Addr Cmds","No Write Addr Cmds","No Write Addr Cmds","No Write Responses","No Write Responses","_","_","_","_","_","_","_","_","No Write Data Beats","No Write Data Beats"
1687,1687,0,0,1,1,0,0,0,8e5ffe20afb76fe31ba56e5faf65c9d2,0,3b9a3d13b8d6963fae1d8dc05a6037b2,0,1,0,1,ff81e4df,ffffffdb,0,1,0,0,0,00000000,"FIXED",3,00,"Data Secure Unprivileged","1 byte",0,0,00000000,"INCR",3,00,"Data Secure Unprivileged","4 bytes",0,0,ff8127fb,"OKAY",00000000,0,2,1,0,0,0,0,0,0,0,2,0,1,4,0,0,1,0,0037e400,"INCR",3,ff,0,"Data Secure Unprivileged",0,"4 bytes",0,00000000,"FIXED",0,00,0,"Data Secure Unprivileged",0,"1 byte",0,"OKAY",0,c08d1dae,"OKAY",00000000,4,2,0,1,0,0,0,0,2,0,1,0,2,1,0,2,1,0,c08d1dae,3,f,0,0,0,00000004,3,1,0,0,1,"No Read Addr Cmds","No Read Addr Cmds","No Write Addr Cmds","No Write Addr Cmds","No Write Responses","No Write Responses","_","_","_","_","_","_","_","_","No Write Data Beats","No Write Data Beats"
1688,1688,0,0,1,1,0,0,0,8e5ffe20afb76fe31ba56e5faf65c9d2,0,3b9a3d13b8d6963fae1d8dc05a6037b2,0,1,0,1,ff81e4df,ffffffdb,0,1,0,0,0,00000000,"FIXED",3,00,"Data Secure Unprivileged","1 byte",0,0,00000000,"INCR",3,00,"Data Secure Unprivileged","4 bytes",0,0,ff8127fb,"OKAY",00000000,0,2,1,0,0,0,0,0,0,0,2,0,1,4,0,0,1,0,0037e400,"INCR",3,ff,0,"Data Secure Unprivileged",0,"4 bytes",0,00000000,"FIXED",0,00,0,"Data Secure Unprivileged",0,"1 byte",0,"OKAY",0,c08d1dae,"OKAY",00000000,4,2,0,1,0,0,0,0,2,0,1,0,2,1,0,2,1,0,c08d1dae,3,f,0,0,0,00000004,3,1,0,0,1,"No Read Addr Cmds","No Read Addr Cmds","No Write Addr Cmds","No Write Addr Cmds","No Write Responses","No Write Responses","_","_","_","_","_","_","_","_","No Write Data Beats","No Write Data Beats"
1689,1689,0,0,1,1,0,0,0,8e5ffe20afb76fe31ba56e5faf65c9d2,0,3b9a3d13b8d6963fae1d8dc05a6037b2,0,1,0,1,ff81e4df,ffffffdb,0,1,0,0,0,00000000,"FIXED",3,00,"Data Secure Unprivileged","1 byte",0,0,00000000,"INCR",3,00,"Data Secure Unprivileged","4 bytes",0,0,ff8127fb,"OKAY",00000000,0,2,1,0,0,0,0,0,0,0,2,0,1,4,0,0,1,0,0037e400,"INCR",3,ff,0,"Data Secure Unprivileged",0,"4 bytes",0,00000000,"FIXED",0,00,0,"Data Secure Unprivileged",0,"1 byte",0,"OKAY",0,c08d1dae,"OKAY",00000000,4,2,0,1,0,0,0,0,2,0,1,0,2,1,0,2,1,0,c08d1dae,3,f,0,0,0,00000004,3,1,0,0,1,"No Read Addr Cmds","No Read Addr Cmds","No Write Addr Cmds","No Write Addr Cmds","No Write Responses","No Write Responses","_","_","_","_","_","_","_","_","No Write Data Beats","No Write Data Beats"
1690,1690,0,0,1,1,0,0,0,8e5ffe20afb76fe31ba56e5faf65c9d2,0,3b9a3d13b8d6963fae1d8dc05a6037b2,0,1,0,1,ff81e4df,ffffffdb,0,1,0,0,0,00000000,"FIXED",3,00,"Data Secure Unprivileged","1 byte",0,0,00000000,"INCR",3,00,"Data Secure Unprivileged","4 bytes",0,0,ff8127fb,"OKAY",00000000,0,2,1,0,0,0,0,0,0,0,2,0,1,4,0,0,1,0,0037e400,"INCR",3,ff,0,"Data Secure Unprivileged",0,"4 bytes",0,00000000,"FIXED",0,00,0,"Data Secure Unprivileged",0,"1 byte",0,"OKAY",0,c08d1dae,"OKAY",00000000,4,2,0,1,0,0,0,0,2,0,1,0,2,1,0,2,1,0,c08d1dae,3,f,0,0,0,00000004,3,1,0,0,1,"No Read Addr Cmds","No Read Addr Cmds","No Write Addr Cmds","No Write Addr Cmds","No Write Responses","No Write Responses","_","_","_","_","_","_","_","_","No Write Data Beats","No Write Data Beats"
1691,1691,0,0,1,1,0,0,0,8e5ffe20afb76fe31ba56e5faf65c9d2,0,3b9a3d13b8d6963fae1d8dc05a6037b2,0,1,0,1,ff81e4df,ffffffdb,0,1,0,0,0,00000000,"FIXED",3,00,"Data Secure Unprivileged","1 byte",0,0,00000000,"INCR",3,00,"Data Secure Unprivileged","4 bytes",0,0,ff8127fb,"OKAY",00000000,0,2,1,0,0,0,0,0,0,0,2,0,1,4,0,0,1,0,0037e400,"INCR",3,ff,0,"Data Secure Unprivileged",0,"4 bytes",0,00000000,"FIXED",0,00,0,"Data Secure Unprivileged",0,"1 byte",0,"OKAY",0,c08d1dae,"OKAY",00000000,4,2,0,1,0,0,0,0,2,0,1,0,2,1,0,2,1,0,c08d1dae,3,f,0,0,0,00000004,3,1,0,0,1,"No Read Addr Cmds","No Read Addr Cmds","No Write Addr Cmds","No Write Addr Cmds","No Write Responses","No Write Responses","_","_","_","_","_","_","_","_","No Write Data Beats","No Write Data Beats"
1692,1692,0,0,1,1,0,0,0,8e5ffe20afb76fe31ba56e5faf65c9d2,0,3b9a3d13b8d6963fae1d8dc05a6037b2,0,1,0,1,ff81e4df,ffffffdb,0,1,0,0,0,00000000,"FIXED",3,00,"Data Secure Unprivileged","1 byte",0,0,00000000,"INCR",3,00,"Data Secure Unprivileged","4 bytes",0,0,ff8127fb,"OKAY",00000000,0,2,1,0,0,0,0,0,0,0,2,0,1,4,0,0,1,0,0037e400,"INCR",3,ff,0,"Data Secure Unprivileged",0,"4 bytes",0,00000000,"FIXED",0,00,0,"Data Secure Unprivileged",0,"1 byte",0,"OKAY",0,c08d1dae,"OKAY",00000000,4,2,0,1,0,0,0,0,2,0,1,0,2,1,0,2,1,0,c08d1dae,3,f,0,0,0,00000004,3,1,0,0,1,"No Read Addr Cmds","No Read Addr Cmds","No Write Addr Cmds","No Write Addr Cmds","No Write Responses","No Write Responses","_","_","_","_","_","_","_","_","No Write Data Beats","No Write Data Beats"
1693,1693,0,0,1,1,0,0,0,8e5ffe20afb76fe31ba56e5faf65c9d2,0,3b9a3d13b8d6963fae1d8dc05a6037b2,0,1,0,1,ff81e4df,ffffffdb,0,1,0,0,0,00000000,"FIXED",3,00,"Data Secure Unprivileged","1 byte",0,0,00000000,"INCR",3,00,"Data Secure Unprivileged","4 bytes",0,0,ff8127fb,"OKAY",00000000,0,2,1,0,0,0,0,0,0,0,2,0,1,4,0,0,1,0,0037e400,"INCR",3,ff,0,"Data Secure Unprivileged",0,"4 bytes",0,00000000,"FIXED",0,00,0,"Data Secure Unprivileged",0,"1 byte",0,"OKAY",0,c08d1dae,"OKAY",00000000,4,2,0,1,0,0,0,0,2,0,1,0,2,1,0,2,1,0,c08d1dae,3,f,0,0,0,00000004,3,1,0,0,1,"No Read Addr Cmds","No Read Addr Cmds","No Write Addr Cmds","No Write Addr Cmds","No Write Responses","No Write Responses","_","_","_","_","_","_","_","_","No Write Data Beats","No Write Data Beats"
1694,1694,0,0,1,1,0,0,0,8e5ffe20afb76fe31ba56e5faf65c9d2,0,3b9a3d13b8d6963fae1d8dc05a6037b2,0,1,0,1,ff81e4df,ffffffdb,0,1,0,0,0,00000000,"FIXED",3,00,"Data Secure Unprivileged","1 byte",0,0,00000000,"INCR",3,00,"Data Secure Unprivileged","4 bytes",0,0,ff8127fb,"OKAY",00000000,0,2,1,0,0,0,0,0,0,0,2,0,1,4,0,0,1,0,0037e400,"INCR",3,ff,0,"Data Secure Unprivileged",0,"4 bytes",0,00000000,"FIXED",0,00,0,"Data Secure Unprivileged",0,"1 byte",0,"OKAY",0,c08d1dae,"OKAY",00000000,4,2,0,1,0,0,0,0,2,0,1,0,2,1,0,2,1,0,c08d1dae,3,f,0,0,0,00000004,3,1,0,0,1,"No Read Addr Cmds","No Read Addr Cmds","No Write Addr Cmds","No Write Addr Cmds","No Write Responses","No Write Responses","_","_","_","_","_","_","_","_","No Write Data Beats","No Write Data Beats"
1695,1695,0,0,1,1,0,0,0,8e5ffe20afb76fe31ba56e5faf65c9d2,0,3b9a3d13b8d6963fae1d8dc05a6037b2,0,1,0,1,ff81e4df,ffffffdb,0,1,0,0,0,00000000,"FIXED",3,00,"Data Secure Unprivileged","1 byte",0,0,00000000,"INCR",3,00,"Data Secure Unprivileged","4 bytes",0,0,ff8127fb,"OKAY",00000000,0,2,1,0,0,0,0,0,0,0,2,0,1,4,0,0,1,0,0037e400,"INCR",3,ff,0,"Data Secure Unprivileged",0,"4 bytes",0,00000000,"FIXED",0,00,0,"Data Secure Unprivileged",0,"1 byte",0,"OKAY",0,c08d1dae,"OKAY",00000000,4,2,0,1,0,0,0,0,2,0,1,0,2,1,0,2,1,0,c08d1dae,3,f,0,0,0,00000004,3,1,0,0,1,"No Read Addr Cmds","No Read Addr Cmds","No Write Addr Cmds","No Write Addr Cmds","No Write Responses","No Write Responses","_","_","_","_","_","_","_","_","No Write Data Beats","No Write Data Beats"
1696,1696,0,0,1,1,0,0,0,8e5ffe20afb76fe31ba56e5faf65c9d2,0,3b9a3d13b8d6963fae1d8dc05a6037b2,0,1,0,1,ff81e4df,ffffffdb,0,1,0,0,0,00000000,"FIXED",3,00,"Data Secure Unprivileged","1 byte",0,0,00000000,"INCR",3,00,"Data Secure Unprivileged","4 bytes",0,0,ff8127fb,"OKAY",00000000,0,2,1,0,0,0,0,0,0,0,2,0,1,4,0,0,1,0,0037e400,"INCR",3,ff,0,"Data Secure Unprivileged",0,"4 bytes",0,00000000,"FIXED",0,00,0,"Data Secure Unprivileged",0,"1 byte",0,"OKAY",0,c08d1dae,"OKAY",00000000,4,2,0,1,0,0,0,0,2,0,1,0,2,1,0,2,1,0,c08d1dae,3,f,0,0,0,00000004,3,1,0,0,1,"No Read Addr Cmds","No Read Addr Cmds","No Write Addr Cmds","No Write Addr Cmds","No Write Responses","No Write Responses","_","_","_","_","_","_","_","_","No Write Data Beats","No Write Data Beats"
1697,1697,0,0,1,1,0,0,0,8e5ffe20afb76fe31ba56e5faf65c9d2,0,3b9a3d13b8d6963fae1d8dc05a6037b2,0,1,0,1,ff81e4df,ffffffdb,0,1,0,0,0,00000000,"FIXED",3,00,"Data Secure Unprivileged","1 byte",0,0,00000000,"INCR",3,00,"Data Secure Unprivileged","4 bytes",0,0,ff8127fb,"OKAY",00000000,0,2,1,0,0,0,0,0,0,0,2,0,1,4,0,0,1,0,0037e400,"INCR",3,ff,0,"Data Secure Unprivileged",0,"4 bytes",0,00000000,"FIXED",0,00,0,"Data Secure Unprivileged",0,"1 byte",0,"OKAY",0,c08d1dae,"OKAY",00000000,4,2,0,1,0,0,0,0,2,0,1,0,2,1,0,2,1,0,c08d1dae,3,f,0,0,0,00000004,3,1,0,0,1,"No Read Addr Cmds","No Read Addr Cmds","No Write Addr Cmds","No Write Addr Cmds","No Write Responses","No Write Responses","_","_","_","_","_","_","_","_","No Write Data Beats","No Write Data Beats"
1698,1698,0,0,1,1,0,0,0,8e5ffe20afb76fe31ba56e5faf65c9d2,0,3b9a3d13b8d6963fae1d8dc05a6037b2,0,1,0,1,ff81e4df,ffffffdb,0,1,0,0,0,00000000,"FIXED",3,00,"Data Secure Unprivileged","1 byte",0,0,00000000,"INCR",3,00,"Data Secure Unprivileged","4 bytes",0,0,ff8127fb,"OKAY",00000000,0,2,1,0,0,0,0,0,0,0,2,0,1,4,0,0,1,0,0037e400,"INCR",3,ff,0,"Data Secure Unprivileged",0,"4 bytes",0,00000000,"FIXED",0,00,0,"Data Secure Unprivileged",0,"1 byte",0,"OKAY",0,c08d1dae,"OKAY",00000000,4,2,0,1,0,0,0,0,2,0,1,0,2,1,0,2,1,0,c08d1dae,3,f,0,0,0,00000004,3,1,0,0,1,"No Read Addr Cmds","No Read Addr Cmds","No Write Addr Cmds","No Write Addr Cmds","No Write Responses","No Write Responses","_","_","_","_","_","_","_","_","No Write Data Beats","No Write Data Beats"
1699,1699,0,0,1,1,0,0,0,8e5ffe20afb76fe31ba56e5faf65c9d2,0,3b9a3d13b8d6963fae1d8dc05a6037b2,0,1,0,1,ff81e4df,ffffffdb,0,1,0,0,0,00000000,"FIXED",3,00,"Data Secure Unprivileged","1 byte",0,0,00000000,"INCR",3,00,"Data Secure Unprivileged","4 bytes",0,0,ff8127fb,"OKAY",00000000,0,2,1,0,0,0,0,0,0,0,2,0,1,4,0,0,1,0,0037e400,"INCR",3,ff,0,"Data Secure Unprivileged",0,"4 bytes",0,00000000,"FIXED",0,00,0,"Data Secure Unprivileged",0,"1 byte",0,"OKAY",0,c08d1dae,"OKAY",00000000,4,2,0,1,0,0,0,0,2,0,1,0,2,1,0,2,1,0,c08d1dae,3,f,0,0,0,00000004,3,1,0,0,1,"No Read Addr Cmds","No Read Addr Cmds","No Write Addr Cmds","No Write Addr Cmds","No Write Responses","No Write Responses","_","_","_","_","_","_","_","_","No Write Data Beats","No Write Data Beats"
1700,1700,0,0,1,1,0,0,0,8e5ffe20afb76fe31ba56e5faf65c9d2,0,3b9a3d13b8d6963fae1d8dc05a6037b2,0,1,0,1,ff81e4df,ffffffdb,0,1,0,0,0,00000000,"FIXED",3,00,"Data Secure Unprivileged","1 byte",0,0,00000000,"INCR",3,00,"Data Secure Unprivileged","4 bytes",0,0,ff8127fb,"OKAY",00000000,0,2,1,0,0,0,0,0,0,0,2,0,1,4,0,0,1,0,0037e400,"INCR",3,ff,0,"Data Secure Unprivileged",0,"4 bytes",0,00000000,"FIXED",0,00,0,"Data Secure Unprivileged",0,"1 byte",0,"OKAY",0,c08d1dae,"OKAY",00000000,4,2,0,1,0,0,0,0,2,0,1,0,2,1,0,2,1,0,c08d1dae,3,f,0,0,0,00000004,3,1,0,0,1,"No Read Addr Cmds","No Read Addr Cmds","No Write Addr Cmds","No Write Addr Cmds","No Write Responses","No Write Responses","_","_","_","_","_","_","_","_","No Write Data Beats","No Write Data Beats"
1701,1701,0,0,1,1,0,0,0,8e5ffe20afb76fe31ba56e5faf65c9d2,0,3b9a3d13b8d6963fae1d8dc05a6037b2,0,1,0,1,ff81e4df,ffffffdb,0,1,0,0,0,00000000,"FIXED",3,00,"Data Secure Unprivileged","1 byte",0,0,00000000,"INCR",3,00,"Data Secure Unprivileged","4 bytes",0,0,ff8127fb,"OKAY",00000000,0,2,1,0,0,0,0,0,0,0,2,0,1,4,0,0,1,0,0037e400,"INCR",3,ff,0,"Data Secure Unprivileged",0,"4 bytes",0,00000000,"FIXED",0,00,0,"Data Secure Unprivileged",0,"1 byte",0,"OKAY",0,c08d1dae,"OKAY",00000000,4,2,0,1,0,0,0,0,2,0,1,0,2,1,0,2,1,0,c08d1dae,3,f,0,0,0,00000004,3,1,0,0,1,"No Read Addr Cmds","No Read Addr Cmds","No Write Addr Cmds","No Write Addr Cmds","No Write Responses","No Write Responses","_","_","_","_","_","_","_","_","No Write Data Beats","No Write Data Beats"
1702,1702,0,0,1,1,0,0,0,8e5ffe20afb76fe31ba56e5faf65c9d2,0,3b9a3d13b8d6963fae1d8dc05a6037b2,0,1,0,1,ff81e4df,ffffffdb,0,1,0,0,0,00000000,"FIXED",3,00,"Data Secure Unprivileged","1 byte",0,0,00000000,"INCR",3,00,"Data Secure Unprivileged","4 bytes",0,0,ff8127fb,"OKAY",00000000,0,2,1,0,0,0,0,0,0,0,2,0,1,4,0,0,1,0,0037e400,"INCR",3,ff,0,"Data Secure Unprivileged",0,"4 bytes",0,00000000,"FIXED",0,00,0,"Data Secure Unprivileged",0,"1 byte",0,"OKAY",0,c08d1dae,"OKAY",00000000,4,2,0,1,0,0,0,0,2,0,1,0,2,1,0,2,1,0,c08d1dae,3,f,0,0,0,00000004,3,1,0,0,1,"No Read Addr Cmds","No Read Addr Cmds","No Write Addr Cmds","No Write Addr Cmds","No Write Responses","No Write Responses","_","_","_","_","_","_","_","_","No Write Data Beats","No Write Data Beats"
1703,1703,0,0,1,1,0,0,0,8e5ffe20afb76fe31ba56e5faf65c9d2,0,3b9a3d13b8d6963fae1d8dc05a6037b2,0,1,0,1,ff81e4df,ffffffdb,0,1,0,0,0,00000000,"FIXED",3,00,"Data Secure Unprivileged","1 byte",0,0,00000000,"INCR",3,00,"Data Secure Unprivileged","4 bytes",0,0,ff8127fb,"OKAY",00000000,0,2,1,0,0,0,0,0,0,0,2,0,1,4,0,0,1,0,0037e400,"INCR",3,ff,0,"Data Secure Unprivileged",0,"4 bytes",0,00000000,"FIXED",0,00,0,"Data Secure Unprivileged",0,"1 byte",0,"OKAY",0,c08d1dae,"OKAY",00000000,4,2,0,1,0,0,0,0,2,0,1,0,2,1,0,2,1,0,c08d1dae,3,f,0,0,0,00000004,3,1,0,0,1,"No Read Addr Cmds","No Read Addr Cmds","No Write Addr Cmds","No Write Addr Cmds","No Write Responses","No Write Responses","_","_","_","_","_","_","_","_","No Write Data Beats","No Write Data Beats"
1704,1704,0,0,1,1,0,0,0,8e5ffe20afb76fe31ba56e5faf65c9d2,0,3b9a3d13b8d6963fae1d8dc05a6037b2,0,1,0,1,ff81e4df,ffffffdb,0,1,0,0,0,00000000,"FIXED",3,00,"Data Secure Unprivileged","1 byte",0,0,00000000,"INCR",3,00,"Data Secure Unprivileged","4 bytes",0,0,ff8127fb,"OKAY",00000000,0,2,1,0,0,0,0,0,0,0,2,0,1,4,0,0,1,0,0037e400,"INCR",3,ff,0,"Data Secure Unprivileged",0,"4 bytes",0,00000000,"FIXED",0,00,0,"Data Secure Unprivileged",0,"1 byte",0,"OKAY",0,c08d1dae,"OKAY",00000000,4,2,0,1,0,0,0,0,2,0,1,0,2,1,0,2,1,0,c08d1dae,3,f,0,0,0,00000004,3,1,0,0,1,"No Read Addr Cmds","No Read Addr Cmds","No Write Addr Cmds","No Write Addr Cmds","No Write Responses","No Write Responses","_","_","_","_","_","_","_","_","No Write Data Beats","No Write Data Beats"
1705,1705,0,0,1,1,0,0,0,8e5ffe20afb76fe31ba56e5faf65c9d2,0,3b9a3d13b8d6963fae1d8dc05a6037b2,0,1,0,1,ff81e4df,ffffffdb,0,1,0,0,0,00000000,"FIXED",3,00,"Data Secure Unprivileged","1 byte",0,0,00000000,"INCR",3,00,"Data Secure Unprivileged","4 bytes",0,0,ff8127fb,"OKAY",00000000,0,2,1,0,0,0,0,0,0,0,2,0,1,4,0,0,1,0,0037e400,"INCR",3,ff,0,"Data Secure Unprivileged",0,"4 bytes",0,00000000,"FIXED",0,00,0,"Data Secure Unprivileged",0,"1 byte",0,"OKAY",0,c08d1dae,"OKAY",00000000,4,2,0,1,0,0,0,0,2,0,1,0,2,1,0,2,1,0,c08d1dae,3,f,0,0,0,00000004,3,1,0,0,1,"No Read Addr Cmds","No Read Addr Cmds","No Write Addr Cmds","No Write Addr Cmds","No Write Responses","No Write Responses","_","_","_","_","_","_","_","_","No Write Data Beats","No Write Data Beats"
1706,1706,0,0,1,1,0,0,0,8e5ffe20afb76fe31ba56e5faf65c9d2,0,3b9a3d13b8d6963fae1d8dc05a6037b2,0,1,0,1,ff81e4df,ffffffdb,0,1,0,0,0,00000000,"FIXED",3,00,"Data Secure Unprivileged","1 byte",0,0,00000000,"INCR",3,00,"Data Secure Unprivileged","4 bytes",0,0,ff8127fb,"OKAY",00000000,0,2,1,0,0,0,0,0,0,0,2,0,1,4,0,0,1,0,0037e400,"INCR",3,ff,0,"Data Secure Unprivileged",0,"4 bytes",0,00000000,"FIXED",0,00,0,"Data Secure Unprivileged",0,"1 byte",0,"OKAY",0,c08d1dae,"OKAY",00000000,4,2,0,1,0,0,0,0,2,0,1,0,2,1,0,2,1,0,c08d1dae,3,f,0,0,0,00000004,3,1,0,0,1,"No Read Addr Cmds","No Read Addr Cmds","No Write Addr Cmds","No Write Addr Cmds","No Write Responses","No Write Responses","_","_","_","_","_","_","_","_","No Write Data Beats","No Write Data Beats"
1707,1707,0,0,1,1,0,0,0,8e5ffe20afb76fe31ba56e5faf65c9d2,0,3b9a3d13b8d6963fae1d8dc05a6037b2,0,1,0,1,ff81e4df,ffffffdb,0,1,0,0,0,00000000,"FIXED",3,00,"Data Secure Unprivileged","1 byte",0,0,00000000,"INCR",3,00,"Data Secure Unprivileged","4 bytes",0,0,ff8127fb,"OKAY",00000000,0,2,1,0,0,0,0,0,0,0,2,0,1,4,0,0,1,0,0037e400,"INCR",3,ff,0,"Data Secure Unprivileged",0,"4 bytes",0,00000000,"FIXED",0,00,0,"Data Secure Unprivileged",0,"1 byte",0,"OKAY",0,c08d1dae,"OKAY",00000000,4,2,0,1,0,0,0,0,2,0,1,0,2,1,0,2,1,0,c08d1dae,3,f,0,0,0,00000004,3,1,0,0,1,"No Read Addr Cmds","No Read Addr Cmds","No Write Addr Cmds","No Write Addr Cmds","No Write Responses","No Write Responses","_","_","_","_","_","_","_","_","No Write Data Beats","No Write Data Beats"
1708,1708,0,0,1,1,0,0,0,8e5ffe20afb76fe31ba56e5faf65c9d2,0,3b9a3d13b8d6963fae1d8dc05a6037b2,0,1,0,1,ff81e4df,ffffffdb,0,1,0,0,0,00000000,"FIXED",3,00,"Data Secure Unprivileged","1 byte",0,0,00000000,"INCR",3,00,"Data Secure Unprivileged","4 bytes",0,0,ff8127fb,"OKAY",00000000,0,2,1,0,0,0,0,0,0,0,2,0,1,4,0,0,1,0,0037e400,"INCR",3,ff,0,"Data Secure Unprivileged",0,"4 bytes",0,00000000,"FIXED",0,00,0,"Data Secure Unprivileged",0,"1 byte",0,"OKAY",0,c08d1dae,"OKAY",00000000,4,2,0,1,0,0,0,0,2,0,1,0,2,1,0,2,1,0,c08d1dae,3,f,0,0,0,00000004,3,1,0,0,1,"No Read Addr Cmds","No Read Addr Cmds","No Write Addr Cmds","No Write Addr Cmds","No Write Responses","No Write Responses","_","_","_","_","_","_","_","_","No Write Data Beats","No Write Data Beats"
1709,1709,0,0,1,1,0,0,0,8e5ffe20afb76fe31ba56e5faf65c9d2,0,3b9a3d13b8d6963fae1d8dc05a6037b2,0,1,0,1,ff81e4df,ffffffdb,0,1,0,0,0,00000000,"FIXED",3,00,"Data Secure Unprivileged","1 byte",0,0,00000000,"INCR",3,00,"Data Secure Unprivileged","4 bytes",0,0,ff8127fb,"OKAY",00000000,0,2,1,0,0,0,0,0,0,0,2,0,1,4,0,0,1,0,0037e400,"INCR",3,ff,0,"Data Secure Unprivileged",0,"4 bytes",0,00000000,"FIXED",0,00,0,"Data Secure Unprivileged",0,"1 byte",0,"OKAY",0,c08d1dae,"OKAY",00000000,4,2,0,1,0,0,0,0,2,0,1,0,2,1,0,2,1,0,c08d1dae,3,f,0,0,0,00000004,3,1,0,0,1,"No Read Addr Cmds","No Read Addr Cmds","No Write Addr Cmds","No Write Addr Cmds","No Write Responses","No Write Responses","_","_","_","_","_","_","_","_","No Write Data Beats","No Write Data Beats"
1710,1710,0,0,1,1,0,0,0,8e5ffe20afb76fe31ba56e5faf65c9d2,0,3b9a3d13b8d6963fae1d8dc05a6037b2,0,1,0,1,ff81e4df,ffffffdb,0,1,0,0,0,00000000,"FIXED",3,00,"Data Secure Unprivileged","1 byte",0,0,00000000,"INCR",3,00,"Data Secure Unprivileged","4 bytes",0,0,ff8127fb,"OKAY",00000000,0,2,1,0,0,0,0,0,0,0,2,0,1,4,0,0,1,0,0037e400,"INCR",3,ff,0,"Data Secure Unprivileged",0,"4 bytes",0,00000000,"FIXED",0,00,0,"Data Secure Unprivileged",0,"1 byte",0,"OKAY",0,c08d1dae,"OKAY",00000000,4,2,0,1,0,0,0,0,2,0,1,0,2,1,0,2,1,0,c08d1dae,3,f,0,0,0,00000004,3,1,0,0,1,"No Read Addr Cmds","No Read Addr Cmds","No Write Addr Cmds","No Write Addr Cmds","No Write Responses","No Write Responses","_","_","_","_","_","_","_","_","No Write Data Beats","No Write Data Beats"
1711,1711,0,0,1,1,0,0,0,8e5ffe20afb76fe31ba56e5faf65c9d2,0,3b9a3d13b8d6963fae1d8dc05a6037b2,0,1,0,1,ff81e4df,ffffffdb,0,1,0,0,0,00000000,"FIXED",3,00,"Data Secure Unprivileged","1 byte",0,0,00000000,"INCR",3,00,"Data Secure Unprivileged","4 bytes",0,0,ff8127fb,"OKAY",00000000,0,2,1,0,0,0,0,0,0,0,2,0,1,4,0,0,1,0,0037e400,"INCR",3,ff,0,"Data Secure Unprivileged",0,"4 bytes",0,00000000,"FIXED",0,00,0,"Data Secure Unprivileged",0,"1 byte",0,"OKAY",0,c08d1dae,"OKAY",00000000,4,2,0,1,0,0,0,0,2,0,1,0,2,1,0,2,1,0,c08d1dae,3,f,0,0,0,00000004,3,1,0,0,1,"No Read Addr Cmds","No Read Addr Cmds","No Write Addr Cmds","No Write Addr Cmds","No Write Responses","No Write Responses","_","_","_","_","_","_","_","_","No Write Data Beats","No Write Data Beats"
1712,1712,0,0,1,1,0,0,0,8e5ffe20afb76fe31ba56e5faf65c9d2,0,3b9a3d13b8d6963fae1d8dc05a6037b2,0,1,0,1,ff81e4df,ffffffdb,0,1,0,0,0,00000000,"FIXED",3,00,"Data Secure Unprivileged","1 byte",0,0,00000000,"INCR",3,00,"Data Secure Unprivileged","4 bytes",0,0,ff8127fb,"OKAY",00000000,0,2,1,0,0,0,0,0,0,0,2,0,1,4,0,0,1,0,0037e400,"INCR",3,ff,0,"Data Secure Unprivileged",0,"4 bytes",0,00000000,"FIXED",0,00,0,"Data Secure Unprivileged",0,"1 byte",0,"OKAY",0,c08d1dae,"OKAY",00000000,4,2,0,1,0,0,0,0,2,0,1,0,2,1,0,2,1,0,c08d1dae,3,f,0,0,0,00000004,3,1,0,0,1,"No Read Addr Cmds","No Read Addr Cmds","No Write Addr Cmds","No Write Addr Cmds","No Write Responses","No Write Responses","_","_","_","_","_","_","_","_","No Write Data Beats","No Write Data Beats"
1713,1713,0,0,1,1,0,0,0,8e5ffe20afb76fe31ba56e5faf65c9d2,0,3b9a3d13b8d6963fae1d8dc05a6037b2,0,1,0,1,ff81e4df,ffffffdb,0,1,0,0,0,00000000,"FIXED",3,00,"Data Secure Unprivileged","1 byte",0,0,00000000,"INCR",3,00,"Data Secure Unprivileged","4 bytes",0,0,ff8127fb,"OKAY",00000000,0,2,1,0,0,0,0,0,0,0,2,0,1,4,0,0,1,0,0037e400,"INCR",3,ff,0,"Data Secure Unprivileged",0,"4 bytes",0,00000000,"FIXED",0,00,0,"Data Secure Unprivileged",0,"1 byte",0,"OKAY",0,c08d1dae,"OKAY",00000000,4,2,0,1,0,0,0,0,2,0,1,0,2,1,0,2,1,0,c08d1dae,3,f,0,0,0,00000004,3,1,0,0,1,"No Read Addr Cmds","No Read Addr Cmds","No Write Addr Cmds","No Write Addr Cmds","No Write Responses","No Write Responses","_","_","_","_","_","_","_","_","No Write Data Beats","No Write Data Beats"
1714,1714,0,0,1,1,0,0,0,8e5ffe20afb76fe31ba56e5faf65c9d2,0,3b9a3d13b8d6963fae1d8dc05a6037b2,0,1,0,1,ff81e4df,ffffffdb,0,1,0,0,0,00000000,"FIXED",3,00,"Data Secure Unprivileged","1 byte",0,0,00000000,"INCR",3,00,"Data Secure Unprivileged","4 bytes",0,0,ff8127fb,"OKAY",00000000,0,2,1,0,0,0,0,0,0,0,2,0,1,4,0,0,1,0,0037e400,"INCR",3,ff,0,"Data Secure Unprivileged",0,"4 bytes",0,00000000,"FIXED",0,00,0,"Data Secure Unprivileged",0,"1 byte",0,"OKAY",0,c08d1dae,"OKAY",00000000,4,2,0,1,0,0,0,0,2,0,1,0,2,1,0,2,1,0,c08d1dae,3,f,0,0,0,00000004,3,1,0,0,1,"No Read Addr Cmds","No Read Addr Cmds","No Write Addr Cmds","No Write Addr Cmds","No Write Responses","No Write Responses","_","_","_","_","_","_","_","_","No Write Data Beats","No Write Data Beats"
1715,1715,0,0,1,1,0,0,0,8e5ffe20afb76fe31ba56e5faf65c9d2,0,3b9a3d13b8d6963fae1d8dc05a6037b2,0,1,0,1,ff81e4df,ffffffdb,0,1,0,0,0,00000000,"FIXED",3,00,"Data Secure Unprivileged","1 byte",0,0,00000000,"INCR",3,00,"Data Secure Unprivileged","4 bytes",0,0,ff8127fb,"OKAY",00000000,0,2,1,0,0,0,0,0,0,0,2,0,1,4,0,0,1,0,0037e400,"INCR",3,ff,0,"Data Secure Unprivileged",0,"4 bytes",0,00000000,"FIXED",0,00,0,"Data Secure Unprivileged",0,"1 byte",0,"OKAY",0,c08d1dae,"OKAY",00000000,4,2,0,1,0,0,0,0,2,0,1,0,2,1,0,2,1,0,c08d1dae,3,f,0,0,0,00000004,3,1,0,0,1,"No Read Addr Cmds","No Read Addr Cmds","No Write Addr Cmds","No Write Addr Cmds","No Write Responses","No Write Responses","_","_","_","_","_","_","_","_","No Write Data Beats","No Write Data Beats"
1716,1716,0,0,1,1,0,0,0,8e5ffe20afb76fe31ba56e5faf65c9d2,0,3b9a3d13b8d6963fae1d8dc05a6037b2,0,1,0,1,ff81e4df,ffffffdb,0,1,0,0,0,00000000,"FIXED",3,00,"Data Secure Unprivileged","1 byte",0,0,00000000,"INCR",3,00,"Data Secure Unprivileged","4 bytes",0,0,ff8127fb,"OKAY",00000000,0,2,1,0,0,0,0,0,0,0,2,0,1,4,0,0,1,0,0037e400,"INCR",3,ff,0,"Data Secure Unprivileged",0,"4 bytes",0,00000000,"FIXED",0,00,0,"Data Secure Unprivileged",0,"1 byte",0,"OKAY",0,c08d1dae,"OKAY",00000000,4,2,0,1,0,0,0,0,2,0,1,0,2,1,0,2,1,0,c08d1dae,3,f,0,0,0,00000004,3,1,0,0,1,"No Read Addr Cmds","No Read Addr Cmds","No Write Addr Cmds","No Write Addr Cmds","No Write Responses","No Write Responses","_","_","_","_","_","_","_","_","No Write Data Beats","No Write Data Beats"
1717,1717,0,0,1,1,0,0,0,8e5ffe20afb76fe31ba56e5faf65c9d2,0,3b9a3d13b8d6963fae1d8dc05a6037b2,0,1,0,1,ff81e4df,ffffffdb,0,1,0,0,0,00000000,"FIXED",3,00,"Data Secure Unprivileged","1 byte",0,0,00000000,"INCR",3,00,"Data Secure Unprivileged","4 bytes",0,0,ff8127fb,"OKAY",00000000,0,2,1,0,0,0,0,0,0,0,2,0,1,4,0,0,1,0,0037e400,"INCR",3,ff,0,"Data Secure Unprivileged",0,"4 bytes",0,00000000,"FIXED",0,00,0,"Data Secure Unprivileged",0,"1 byte",0,"OKAY",0,c08d1dae,"OKAY",00000000,4,2,0,1,0,0,0,0,2,0,1,0,2,1,0,2,1,0,c08d1dae,3,f,0,0,0,00000004,3,1,0,0,1,"No Read Addr Cmds","No Read Addr Cmds","No Write Addr Cmds","No Write Addr Cmds","No Write Responses","No Write Responses","_","_","_","_","_","_","_","_","No Write Data Beats","No Write Data Beats"
1718,1718,0,0,1,1,0,0,0,8e5ffe20afb76fe31ba56e5faf65c9d2,0,3b9a3d13b8d6963fae1d8dc05a6037b2,0,1,0,1,ff81e4df,ffffffdb,0,1,0,0,0,00000000,"FIXED",3,00,"Data Secure Unprivileged","1 byte",0,0,00000000,"INCR",3,00,"Data Secure Unprivileged","4 bytes",0,0,ff8127fb,"OKAY",00000000,0,2,1,0,0,0,0,0,0,0,2,0,1,4,0,0,1,0,0037e400,"INCR",3,ff,0,"Data Secure Unprivileged",0,"4 bytes",0,00000000,"FIXED",0,00,0,"Data Secure Unprivileged",0,"1 byte",0,"OKAY",0,c08d1dae,"OKAY",00000000,4,2,0,1,0,0,0,0,2,0,1,0,2,1,0,2,1,0,c08d1dae,3,f,0,0,0,00000004,3,1,0,0,1,"No Read Addr Cmds","No Read Addr Cmds","No Write Addr Cmds","No Write Addr Cmds","No Write Responses","No Write Responses","_","_","_","_","_","_","_","_","No Write Data Beats","No Write Data Beats"
1719,1719,0,0,1,1,0,0,0,8e5ffe20afb76fe31ba56e5faf65c9d2,0,3b9a3d13b8d6963fae1d8dc05a6037b2,0,1,0,1,ff81e4df,ffffffdb,0,1,0,0,0,00000000,"FIXED",3,00,"Data Secure Unprivileged","1 byte",0,0,00000000,"INCR",3,00,"Data Secure Unprivileged","4 bytes",0,0,ff8127fb,"OKAY",00000000,0,2,1,0,0,0,0,0,0,0,2,0,1,4,0,0,1,0,0037e400,"INCR",3,ff,0,"Data Secure Unprivileged",0,"4 bytes",0,00000000,"FIXED",0,00,0,"Data Secure Unprivileged",0,"1 byte",0,"OKAY",0,c08d1dae,"OKAY",00000000,4,2,0,1,0,0,0,0,2,0,1,0,2,1,0,2,1,0,c08d1dae,3,f,0,0,0,00000004,3,1,0,0,1,"No Read Addr Cmds","No Read Addr Cmds","No Write Addr Cmds","No Write Addr Cmds","No Write Responses","No Write Responses","_","_","_","_","_","_","_","_","No Write Data Beats","No Write Data Beats"
1720,1720,0,0,1,1,0,0,0,8e5ffe20afb76fe31ba56e5faf65c9d2,0,3b9a3d13b8d6963fae1d8dc05a6037b2,0,1,0,1,ff81e4df,ffffffdb,0,1,0,0,0,00000000,"FIXED",3,00,"Data Secure Unprivileged","1 byte",0,0,00000000,"INCR",3,00,"Data Secure Unprivileged","4 bytes",0,0,ff8127fb,"OKAY",00000000,0,2,1,0,0,0,0,0,0,0,2,0,1,4,0,0,1,0,0037e400,"INCR",3,ff,0,"Data Secure Unprivileged",0,"4 bytes",0,00000000,"FIXED",0,00,0,"Data Secure Unprivileged",0,"1 byte",0,"OKAY",0,c08d1dae,"OKAY",00000000,4,2,0,1,0,0,0,0,2,0,1,0,2,1,0,2,1,0,c08d1dae,3,f,0,0,0,00000004,3,1,0,0,1,"No Read Addr Cmds","No Read Addr Cmds","No Write Addr Cmds","No Write Addr Cmds","No Write Responses","No Write Responses","_","_","_","_","_","_","_","_","No Write Data Beats","No Write Data Beats"
1721,1721,0,0,1,1,0,0,0,8e5ffe20afb76fe31ba56e5faf65c9d2,0,3b9a3d13b8d6963fae1d8dc05a6037b2,0,1,0,1,ff81e4df,ffffffdb,0,1,0,0,0,00000000,"FIXED",3,00,"Data Secure Unprivileged","1 byte",0,0,00000000,"INCR",3,00,"Data Secure Unprivileged","4 bytes",0,0,ff8127fb,"OKAY",00000000,0,2,1,0,0,0,0,0,0,0,2,0,1,4,0,0,1,0,0037e400,"INCR",3,ff,0,"Data Secure Unprivileged",0,"4 bytes",0,00000000,"FIXED",0,00,0,"Data Secure Unprivileged",0,"1 byte",0,"OKAY",0,c08d1dae,"OKAY",00000000,4,2,0,1,0,0,0,0,2,0,1,0,2,1,0,2,1,0,c08d1dae,3,f,0,0,0,00000004,3,1,0,0,1,"No Read Addr Cmds","No Read Addr Cmds","No Write Addr Cmds","No Write Addr Cmds","No Write Responses","No Write Responses","_","_","_","_","_","_","_","_","No Write Data Beats","No Write Data Beats"
1722,1722,0,0,1,1,0,0,0,8e5ffe20afb76fe31ba56e5faf65c9d2,0,3b9a3d13b8d6963fae1d8dc05a6037b2,0,1,0,1,ff81e4df,ffffffdb,0,1,0,0,0,00000000,"FIXED",3,00,"Data Secure Unprivileged","1 byte",0,0,00000000,"INCR",3,00,"Data Secure Unprivileged","4 bytes",0,0,ff8127fb,"OKAY",00000000,0,2,1,0,0,0,0,0,0,0,2,0,1,4,0,0,1,0,0037e400,"INCR",3,ff,0,"Data Secure Unprivileged",0,"4 bytes",0,00000000,"FIXED",0,00,0,"Data Secure Unprivileged",0,"1 byte",0,"OKAY",0,c08d1dae,"OKAY",00000000,4,2,0,1,0,0,0,0,2,0,1,0,2,1,0,2,1,0,c08d1dae,3,f,0,0,0,00000004,3,1,0,0,1,"No Read Addr Cmds","No Read Addr Cmds","No Write Addr Cmds","No Write Addr Cmds","No Write Responses","No Write Responses","_","_","_","_","_","_","_","_","No Write Data Beats","No Write Data Beats"
1723,1723,0,0,1,1,0,0,0,8e5ffe20afb76fe31ba56e5faf65c9d2,0,3b9a3d13b8d6963fae1d8dc05a6037b2,0,1,0,1,ff81e4df,ffffffdb,0,1,0,0,0,00000000,"FIXED",3,00,"Data Secure Unprivileged","1 byte",0,0,00000000,"INCR",3,00,"Data Secure Unprivileged","4 bytes",0,0,ff8127fb,"OKAY",00000000,0,2,1,0,0,0,0,0,0,0,2,0,1,4,0,0,1,0,0037e400,"INCR",3,ff,0,"Data Secure Unprivileged",0,"4 bytes",0,00000000,"FIXED",0,00,0,"Data Secure Unprivileged",0,"1 byte",0,"OKAY",0,c08d1dae,"OKAY",00000000,4,2,0,1,0,0,0,0,2,0,1,0,2,1,0,2,1,0,c08d1dae,3,f,0,0,0,00000004,3,1,0,0,1,"No Read Addr Cmds","No Read Addr Cmds","No Write Addr Cmds","No Write Addr Cmds","No Write Responses","No Write Responses","_","_","_","_","_","_","_","_","No Write Data Beats","No Write Data Beats"
1724,1724,0,0,1,1,0,0,0,8e5ffe20afb76fe31ba56e5faf65c9d2,0,3b9a3d13b8d6963fae1d8dc05a6037b2,0,1,0,1,ff81e4df,ffffffdb,0,1,0,0,0,00000000,"FIXED",3,00,"Data Secure Unprivileged","1 byte",0,0,00000000,"INCR",3,00,"Data Secure Unprivileged","4 bytes",0,0,ff8127fb,"OKAY",00000000,0,2,1,0,0,0,0,0,0,0,2,0,1,4,0,0,1,0,0037e400,"INCR",3,ff,0,"Data Secure Unprivileged",0,"4 bytes",0,00000000,"FIXED",0,00,0,"Data Secure Unprivileged",0,"1 byte",0,"OKAY",0,c08d1dae,"OKAY",00000000,4,2,0,1,0,0,0,0,2,0,1,0,2,1,0,2,1,0,c08d1dae,3,f,0,0,0,00000004,3,1,0,0,1,"No Read Addr Cmds","No Read Addr Cmds","No Write Addr Cmds","No Write Addr Cmds","No Write Responses","No Write Responses","_","_","_","_","_","_","_","_","No Write Data Beats","No Write Data Beats"
1725,1725,0,0,1,1,0,0,0,8e5ffe20afb76fe31ba56e5faf65c9d2,0,3b9a3d13b8d6963fae1d8dc05a6037b2,0,1,0,1,ff81e4df,ffffffdb,0,1,0,0,0,00000000,"FIXED",3,00,"Data Secure Unprivileged","1 byte",0,0,00000000,"INCR",3,00,"Data Secure Unprivileged","4 bytes",0,0,ff8127fb,"OKAY",00000000,0,2,1,0,0,0,0,0,0,0,2,0,1,4,0,0,1,0,0037e400,"INCR",3,ff,0,"Data Secure Unprivileged",0,"4 bytes",0,00000000,"FIXED",0,00,0,"Data Secure Unprivileged",0,"1 byte",0,"OKAY",0,c08d1dae,"OKAY",00000000,4,2,0,1,0,0,0,0,2,0,1,0,2,1,0,2,1,0,c08d1dae,3,f,0,0,0,00000004,3,1,0,0,1,"No Read Addr Cmds","No Read Addr Cmds","No Write Addr Cmds","No Write Addr Cmds","No Write Responses","No Write Responses","_","_","_","_","_","_","_","_","No Write Data Beats","No Write Data Beats"
1726,1726,0,0,1,1,0,0,0,8e5ffe20afb76fe31ba56e5faf65c9d2,0,3b9a3d13b8d6963fae1d8dc05a6037b2,0,1,0,1,ff81e4df,ffffffdb,0,1,0,0,0,00000000,"FIXED",3,00,"Data Secure Unprivileged","1 byte",0,0,00000000,"INCR",3,00,"Data Secure Unprivileged","4 bytes",0,0,ff8127fb,"OKAY",00000000,0,2,1,0,0,0,0,0,0,0,2,0,1,4,0,0,1,0,0037e400,"INCR",3,ff,0,"Data Secure Unprivileged",0,"4 bytes",0,00000000,"FIXED",0,00,0,"Data Secure Unprivileged",0,"1 byte",0,"OKAY",0,c08d1dae,"OKAY",00000000,4,2,0,1,0,0,0,0,2,0,1,0,2,1,0,2,1,0,c08d1dae,3,f,0,0,0,00000004,3,1,0,0,1,"No Read Addr Cmds","No Read Addr Cmds","No Write Addr Cmds","No Write Addr Cmds","No Write Responses","No Write Responses","_","_","_","_","_","_","_","_","No Write Data Beats","No Write Data Beats"
1727,1727,0,0,1,1,0,0,0,8e5ffe20afb76fe31ba56e5faf65c9d2,0,3b9a3d13b8d6963fae1d8dc05a6037b2,0,1,0,1,ff81e4df,ffffffdb,0,1,0,0,0,00000000,"FIXED",3,00,"Data Secure Unprivileged","1 byte",0,0,00000000,"INCR",3,00,"Data Secure Unprivileged","4 bytes",0,0,ff8127fb,"OKAY",00000000,0,2,1,0,0,0,0,0,0,0,2,0,1,4,0,0,1,0,0037e400,"INCR",3,ff,0,"Data Secure Unprivileged",0,"4 bytes",0,00000000,"FIXED",0,00,0,"Data Secure Unprivileged",0,"1 byte",0,"OKAY",0,c08d1dae,"OKAY",00000000,4,2,0,1,0,0,0,0,2,0,1,0,2,1,0,2,1,0,c08d1dae,3,f,0,0,0,00000004,3,1,0,0,1,"No Read Addr Cmds","No Read Addr Cmds","No Write Addr Cmds","No Write Addr Cmds","No Write Responses","No Write Responses","_","_","_","_","_","_","_","_","No Write Data Beats","No Write Data Beats"
1728,1728,0,0,1,1,0,0,0,8e5ffe20afb76fe31ba56e5faf65c9d2,0,3b9a3d13b8d6963fae1d8dc05a6037b2,0,1,0,1,ff81e4df,ffffffdb,0,1,0,0,0,00000000,"FIXED",3,00,"Data Secure Unprivileged","1 byte",0,0,00000000,"INCR",3,00,"Data Secure Unprivileged","4 bytes",0,0,ff8127fb,"OKAY",00000000,0,2,1,0,0,0,0,0,0,0,2,0,1,4,0,0,1,0,0037e400,"INCR",3,ff,0,"Data Secure Unprivileged",0,"4 bytes",0,00000000,"FIXED",0,00,0,"Data Secure Unprivileged",0,"1 byte",0,"OKAY",0,c08d1dae,"OKAY",00000000,4,2,0,1,0,0,0,0,2,0,1,0,2,1,0,2,1,0,c08d1dae,3,f,0,0,0,00000004,3,1,0,0,1,"No Read Addr Cmds","No Read Addr Cmds","No Write Addr Cmds","No Write Addr Cmds","No Write Responses","No Write Responses","_","_","_","_","_","_","_","_","No Write Data Beats","No Write Data Beats"
1729,1729,0,0,1,1,0,0,0,8e5ffe20afb76fe31ba56e5faf65c9d2,0,3b9a3d13b8d6963fae1d8dc05a6037b2,0,1,0,1,ff81e4df,ffffffdb,0,1,0,0,0,00000000,"FIXED",3,00,"Data Secure Unprivileged","1 byte",0,0,00000000,"INCR",3,00,"Data Secure Unprivileged","4 bytes",0,0,ff8127fb,"OKAY",00000000,0,2,1,0,0,0,0,0,0,0,2,0,1,4,0,0,1,0,0037e400,"INCR",3,ff,0,"Data Secure Unprivileged",0,"4 bytes",0,00000000,"FIXED",0,00,0,"Data Secure Unprivileged",0,"1 byte",0,"OKAY",0,c08d1dae,"OKAY",00000000,4,2,0,1,0,0,0,0,2,0,1,0,2,1,0,2,1,0,c08d1dae,3,f,0,0,0,00000004,3,1,0,0,1,"No Read Addr Cmds","No Read Addr Cmds","No Write Addr Cmds","No Write Addr Cmds","No Write Responses","No Write Responses","_","_","_","_","_","_","_","_","No Write Data Beats","No Write Data Beats"
1730,1730,0,0,1,1,0,0,0,8e5ffe20afb76fe31ba56e5faf65c9d2,0,3b9a3d13b8d6963fae1d8dc05a6037b2,0,1,0,1,ff81e4df,ffffffdb,0,1,0,0,0,00000000,"FIXED",3,00,"Data Secure Unprivileged","1 byte",0,0,00000000,"INCR",3,00,"Data Secure Unprivileged","4 bytes",0,0,ff8127fb,"OKAY",00000000,0,2,1,0,0,0,0,0,0,0,2,0,1,4,0,0,1,0,0037e400,"INCR",3,ff,0,"Data Secure Unprivileged",0,"4 bytes",0,00000000,"FIXED",0,00,0,"Data Secure Unprivileged",0,"1 byte",0,"OKAY",0,c08d1dae,"OKAY",00000000,4,2,0,1,0,0,0,0,2,0,1,0,2,1,0,2,1,0,c08d1dae,3,f,0,0,0,00000004,3,1,0,0,1,"No Read Addr Cmds","No Read Addr Cmds","No Write Addr Cmds","No Write Addr Cmds","No Write Responses","No Write Responses","_","_","_","_","_","_","_","_","No Write Data Beats","No Write Data Beats"
1731,1731,0,0,1,1,0,0,0,8e5ffe20afb76fe31ba56e5faf65c9d2,0,3b9a3d13b8d6963fae1d8dc05a6037b2,0,1,0,1,ff81e4df,ffffffdb,0,1,0,0,0,00000000,"FIXED",3,00,"Data Secure Unprivileged","1 byte",0,0,00000000,"INCR",3,00,"Data Secure Unprivileged","4 bytes",0,0,ff8127fb,"OKAY",00000000,0,2,1,0,0,0,0,0,0,0,2,0,1,4,0,0,1,0,0037e400,"INCR",3,ff,0,"Data Secure Unprivileged",0,"4 bytes",0,00000000,"FIXED",0,00,0,"Data Secure Unprivileged",0,"1 byte",0,"OKAY",0,c08d1dae,"OKAY",00000000,4,2,0,1,0,0,0,0,2,0,1,0,2,1,0,2,1,0,c08d1dae,3,f,0,0,0,00000004,3,1,0,0,1,"No Read Addr Cmds","No Read Addr Cmds","No Write Addr Cmds","No Write Addr Cmds","No Write Responses","No Write Responses","_","_","_","_","_","_","_","_","No Write Data Beats","No Write Data Beats"
1732,1732,0,0,1,1,0,0,0,8e5ffe20afb76fe31ba56e5faf65c9d2,0,3b9a3d13b8d6963fae1d8dc05a6037b2,0,1,0,1,ff81e4df,ffffffdb,0,1,0,0,0,00000000,"FIXED",3,00,"Data Secure Unprivileged","1 byte",0,0,00000000,"INCR",3,00,"Data Secure Unprivileged","4 bytes",0,0,ff8127fb,"OKAY",00000000,0,2,1,0,0,0,0,0,0,0,2,0,1,4,0,0,1,0,0037e400,"INCR",3,ff,0,"Data Secure Unprivileged",0,"4 bytes",0,00000000,"FIXED",0,00,0,"Data Secure Unprivileged",0,"1 byte",0,"OKAY",0,c08d1dae,"OKAY",00000000,4,2,0,1,0,0,0,0,2,0,1,0,2,1,0,2,1,0,c08d1dae,3,f,0,0,0,00000004,3,1,0,0,1,"No Read Addr Cmds","No Read Addr Cmds","No Write Addr Cmds","No Write Addr Cmds","No Write Responses","No Write Responses","_","_","_","_","_","_","_","_","No Write Data Beats","No Write Data Beats"
1733,1733,0,0,1,1,0,0,0,8e5ffe20afb76fe31ba56e5faf65c9d2,0,3b9a3d13b8d6963fae1d8dc05a6037b2,0,1,0,1,ff81e4df,ffffffdb,0,1,0,0,0,00000000,"FIXED",3,00,"Data Secure Unprivileged","1 byte",0,0,00000000,"INCR",3,00,"Data Secure Unprivileged","4 bytes",0,0,ff8127fb,"OKAY",00000000,0,2,1,0,0,0,0,0,0,0,2,0,1,4,0,0,1,0,0037e400,"INCR",3,ff,0,"Data Secure Unprivileged",0,"4 bytes",0,00000000,"FIXED",0,00,0,"Data Secure Unprivileged",0,"1 byte",0,"OKAY",0,c08d1dae,"OKAY",00000000,4,2,0,1,0,0,0,0,2,0,1,0,2,1,0,2,1,0,c08d1dae,3,f,0,0,0,00000004,3,1,0,0,1,"No Read Addr Cmds","No Read Addr Cmds","No Write Addr Cmds","No Write Addr Cmds","No Write Responses","No Write Responses","_","_","_","_","_","_","_","_","No Write Data Beats","No Write Data Beats"
1734,1734,0,0,1,1,0,0,0,8e5ffe20afb76fe31ba56e5faf65c9d2,0,3b9a3d13b8d6963fae1d8dc05a6037b2,0,1,0,1,ff81e4df,ffffffdb,0,1,0,0,0,00000000,"FIXED",3,00,"Data Secure Unprivileged","1 byte",0,0,00000000,"INCR",3,00,"Data Secure Unprivileged","4 bytes",0,0,ff8127fb,"OKAY",00000000,0,2,1,0,0,0,0,0,0,0,2,0,1,4,0,0,1,0,0037e400,"INCR",3,ff,0,"Data Secure Unprivileged",0,"4 bytes",0,00000000,"FIXED",0,00,0,"Data Secure Unprivileged",0,"1 byte",0,"OKAY",0,c08d1dae,"OKAY",00000000,4,2,0,1,0,0,0,0,2,0,1,0,2,1,0,2,1,0,c08d1dae,3,f,0,0,0,00000004,3,1,0,0,1,"No Read Addr Cmds","No Read Addr Cmds","No Write Addr Cmds","No Write Addr Cmds","No Write Responses","No Write Responses","_","_","_","_","_","_","_","_","No Write Data Beats","No Write Data Beats"
1735,1735,0,0,1,1,0,0,0,8e5ffe20afb76fe31ba56e5faf65c9d2,0,3b9a3d13b8d6963fae1d8dc05a6037b2,0,1,0,1,ff81e4df,ffffffdb,0,1,0,0,0,00000000,"FIXED",3,00,"Data Secure Unprivileged","1 byte",0,0,00000000,"INCR",3,00,"Data Secure Unprivileged","4 bytes",0,0,ff8127fb,"OKAY",00000000,0,2,1,0,0,0,0,0,0,0,2,0,1,4,0,0,1,0,0037e400,"INCR",3,ff,0,"Data Secure Unprivileged",0,"4 bytes",0,00000000,"FIXED",0,00,0,"Data Secure Unprivileged",0,"1 byte",0,"OKAY",0,c08d1dae,"OKAY",00000000,4,2,0,1,0,0,0,0,2,0,1,0,2,1,0,2,1,0,c08d1dae,3,f,0,0,0,00000004,3,1,0,0,1,"No Read Addr Cmds","No Read Addr Cmds","No Write Addr Cmds","No Write Addr Cmds","No Write Responses","No Write Responses","_","_","_","_","_","_","_","_","No Write Data Beats","No Write Data Beats"
1736,1736,0,0,1,1,0,0,0,8e5ffe20afb76fe31ba56e5faf65c9d2,0,3b9a3d13b8d6963fae1d8dc05a6037b2,0,1,0,1,ff81e4df,ffffffdb,0,1,0,0,0,00000000,"FIXED",3,00,"Data Secure Unprivileged","1 byte",0,0,00000000,"INCR",3,00,"Data Secure Unprivileged","4 bytes",0,0,ff8127fb,"OKAY",00000000,0,2,1,0,0,0,0,0,0,0,2,0,1,4,0,0,1,0,0037e400,"INCR",3,ff,0,"Data Secure Unprivileged",0,"4 bytes",0,00000000,"FIXED",0,00,0,"Data Secure Unprivileged",0,"1 byte",0,"OKAY",0,c08d1dae,"OKAY",00000000,4,2,0,1,0,0,0,0,2,0,1,0,2,1,0,2,1,0,c08d1dae,3,f,0,0,0,00000004,3,1,0,0,1,"No Read Addr Cmds","No Read Addr Cmds","No Write Addr Cmds","No Write Addr Cmds","No Write Responses","No Write Responses","_","_","_","_","_","_","_","_","No Write Data Beats","No Write Data Beats"
1737,1737,0,0,1,1,0,0,0,8e5ffe20afb76fe31ba56e5faf65c9d2,0,3b9a3d13b8d6963fae1d8dc05a6037b2,0,1,0,1,ff81e4df,ffffffdb,0,1,0,0,0,00000000,"FIXED",3,00,"Data Secure Unprivileged","1 byte",0,0,00000000,"INCR",3,00,"Data Secure Unprivileged","4 bytes",0,0,ff8127fb,"OKAY",00000000,0,2,1,0,0,0,0,0,0,0,2,0,1,4,0,0,1,0,0037e400,"INCR",3,ff,0,"Data Secure Unprivileged",0,"4 bytes",0,00000000,"FIXED",0,00,0,"Data Secure Unprivileged",0,"1 byte",0,"OKAY",0,c08d1dae,"OKAY",00000000,4,2,0,1,0,0,0,0,2,0,1,0,2,1,0,2,1,0,c08d1dae,3,f,0,0,0,00000004,3,1,0,0,1,"No Read Addr Cmds","No Read Addr Cmds","No Write Addr Cmds","No Write Addr Cmds","No Write Responses","No Write Responses","_","_","_","_","_","_","_","_","No Write Data Beats","No Write Data Beats"
1738,1738,0,0,1,1,0,0,0,8e5ffe20afb76fe31ba56e5faf65c9d2,0,3b9a3d13b8d6963fae1d8dc05a6037b2,0,1,0,1,ff81e4df,ffffffdb,0,1,0,0,0,00000000,"FIXED",3,00,"Data Secure Unprivileged","1 byte",0,0,00000000,"INCR",3,00,"Data Secure Unprivileged","4 bytes",0,0,ff8127fb,"OKAY",00000000,0,2,1,0,0,0,0,0,0,0,2,0,1,4,0,0,1,0,0037e400,"INCR",3,ff,0,"Data Secure Unprivileged",0,"4 bytes",0,00000000,"FIXED",0,00,0,"Data Secure Unprivileged",0,"1 byte",0,"OKAY",0,c08d1dae,"OKAY",00000000,4,2,0,1,0,0,0,0,2,0,1,0,2,1,0,2,1,0,c08d1dae,3,f,0,0,0,00000004,3,1,0,0,1,"No Read Addr Cmds","No Read Addr Cmds","No Write Addr Cmds","No Write Addr Cmds","No Write Responses","No Write Responses","_","_","_","_","_","_","_","_","No Write Data Beats","No Write Data Beats"
1739,1739,0,0,1,1,0,0,0,8e5ffe20afb76fe31ba56e5faf65c9d2,0,3b9a3d13b8d6963fae1d8dc05a6037b2,0,1,0,1,ff81e4df,ffffffdb,0,1,0,0,0,00000000,"FIXED",3,00,"Data Secure Unprivileged","1 byte",0,0,00000000,"INCR",3,00,"Data Secure Unprivileged","4 bytes",0,0,ff8127fb,"OKAY",00000000,0,2,1,0,0,0,0,0,0,0,2,0,1,4,0,0,1,0,0037e400,"INCR",3,ff,0,"Data Secure Unprivileged",0,"4 bytes",0,00000000,"FIXED",0,00,0,"Data Secure Unprivileged",0,"1 byte",0,"OKAY",0,c08d1dae,"OKAY",00000000,4,2,0,1,0,0,0,0,2,0,1,0,2,1,0,2,1,0,c08d1dae,3,f,0,0,0,00000004,3,1,0,0,1,"No Read Addr Cmds","No Read Addr Cmds","No Write Addr Cmds","No Write Addr Cmds","No Write Responses","No Write Responses","_","_","_","_","_","_","_","_","No Write Data Beats","No Write Data Beats"
1740,1740,0,0,1,1,0,0,0,8e5ffe20afb76fe31ba56e5faf65c9d2,0,3b9a3d13b8d6963fae1d8dc05a6037b2,0,1,0,1,ff81e4df,ffffffdb,0,1,0,0,0,00000000,"FIXED",3,00,"Data Secure Unprivileged","1 byte",0,0,00000000,"INCR",3,00,"Data Secure Unprivileged","4 bytes",0,0,ff8127fb,"OKAY",00000000,0,2,1,0,0,0,0,0,0,0,2,0,1,4,0,0,1,0,0037e400,"INCR",3,ff,0,"Data Secure Unprivileged",0,"4 bytes",0,00000000,"FIXED",0,00,0,"Data Secure Unprivileged",0,"1 byte",0,"OKAY",0,c08d1dae,"OKAY",00000000,4,2,0,1,0,0,0,0,2,0,1,0,2,1,0,2,1,0,c08d1dae,3,f,0,0,0,00000004,3,1,0,0,1,"No Read Addr Cmds","No Read Addr Cmds","No Write Addr Cmds","No Write Addr Cmds","No Write Responses","No Write Responses","_","_","_","_","_","_","_","_","No Write Data Beats","No Write Data Beats"
1741,1741,0,0,1,1,0,0,0,8e5ffe20afb76fe31ba56e5faf65c9d2,0,3b9a3d13b8d6963fae1d8dc05a6037b2,0,1,0,1,ff81e4df,ffffffdb,0,1,0,0,0,00000000,"FIXED",3,00,"Data Secure Unprivileged","1 byte",0,0,00000000,"INCR",3,00,"Data Secure Unprivileged","4 bytes",0,0,ff8127fb,"OKAY",00000000,0,2,1,0,0,0,0,0,0,0,2,0,1,4,0,0,1,0,0037e400,"INCR",3,ff,0,"Data Secure Unprivileged",0,"4 bytes",0,00000000,"FIXED",0,00,0,"Data Secure Unprivileged",0,"1 byte",0,"OKAY",0,c08d1dae,"OKAY",00000000,4,2,0,1,0,0,0,0,2,0,1,0,2,1,0,2,1,0,c08d1dae,3,f,0,0,0,00000004,3,1,0,0,1,"No Read Addr Cmds","No Read Addr Cmds","No Write Addr Cmds","No Write Addr Cmds","No Write Responses","No Write Responses","_","_","_","_","_","_","_","_","No Write Data Beats","No Write Data Beats"
1742,1742,0,0,1,1,0,0,0,8e5ffe20afb76fe31ba56e5faf65c9d2,0,3b9a3d13b8d6963fae1d8dc05a6037b2,0,1,0,1,ff81e4df,ffffffdb,0,1,0,0,0,00000000,"FIXED",3,00,"Data Secure Unprivileged","1 byte",0,0,00000000,"INCR",3,00,"Data Secure Unprivileged","4 bytes",0,0,ff8127fb,"OKAY",00000000,0,2,1,0,0,0,0,0,0,0,2,0,1,4,0,0,1,0,0037e400,"INCR",3,ff,0,"Data Secure Unprivileged",0,"4 bytes",0,00000000,"FIXED",0,00,0,"Data Secure Unprivileged",0,"1 byte",0,"OKAY",0,c08d1dae,"OKAY",00000000,4,2,0,1,0,0,0,0,2,0,1,0,2,1,0,2,1,0,c08d1dae,3,f,0,0,0,00000004,3,1,0,0,1,"No Read Addr Cmds","No Read Addr Cmds","No Write Addr Cmds","No Write Addr Cmds","No Write Responses","No Write Responses","_","_","_","_","_","_","_","_","No Write Data Beats","No Write Data Beats"
1743,1743,0,0,1,1,0,0,0,8e5ffe20afb76fe31ba56e5faf65c9d2,0,3b9a3d13b8d6963fae1d8dc05a6037b2,0,1,0,1,ff81e4df,ffffffdb,0,1,0,0,0,00000000,"FIXED",3,00,"Data Secure Unprivileged","1 byte",0,0,00000000,"INCR",3,00,"Data Secure Unprivileged","4 bytes",0,0,ff8127fb,"OKAY",00000000,0,2,1,0,0,0,0,0,0,0,2,0,1,4,0,0,1,0,0037e400,"INCR",3,ff,0,"Data Secure Unprivileged",0,"4 bytes",0,00000000,"FIXED",0,00,0,"Data Secure Unprivileged",0,"1 byte",0,"OKAY",0,c08d1dae,"OKAY",00000000,4,2,0,1,0,0,0,0,2,0,1,0,2,1,0,2,1,0,c08d1dae,3,f,0,0,0,00000004,3,1,0,0,1,"No Read Addr Cmds","No Read Addr Cmds","No Write Addr Cmds","No Write Addr Cmds","No Write Responses","No Write Responses","_","_","_","_","_","_","_","_","No Write Data Beats","No Write Data Beats"
1744,1744,0,0,1,1,0,0,0,8e5ffe20afb76fe31ba56e5faf65c9d2,0,3b9a3d13b8d6963fae1d8dc05a6037b2,0,1,0,1,ff81e4df,ffffffdb,0,1,0,0,0,00000000,"FIXED",3,00,"Data Secure Unprivileged","1 byte",0,0,00000000,"INCR",3,00,"Data Secure Unprivileged","4 bytes",0,0,ff8127fb,"OKAY",00000000,0,2,1,0,0,0,0,0,0,0,2,0,1,4,0,0,1,0,0037e400,"INCR",3,ff,0,"Data Secure Unprivileged",0,"4 bytes",0,00000000,"FIXED",0,00,0,"Data Secure Unprivileged",0,"1 byte",0,"OKAY",0,c08d1dae,"OKAY",00000000,4,2,0,1,0,0,0,0,2,0,1,0,2,1,0,2,1,0,c08d1dae,3,f,0,0,0,00000004,3,1,0,0,1,"No Read Addr Cmds","No Read Addr Cmds","No Write Addr Cmds","No Write Addr Cmds","No Write Responses","No Write Responses","_","_","_","_","_","_","_","_","No Write Data Beats","No Write Data Beats"
1745,1745,0,0,1,1,0,0,0,8e5ffe20afb76fe31ba56e5faf65c9d2,0,3b9a3d13b8d6963fae1d8dc05a6037b2,0,1,0,1,ff81e4df,ffffffdb,0,1,0,0,0,00000000,"FIXED",3,00,"Data Secure Unprivileged","1 byte",0,0,00000000,"INCR",3,00,"Data Secure Unprivileged","4 bytes",0,0,ff8127fb,"OKAY",00000000,0,2,1,0,0,0,0,0,0,0,2,0,1,4,0,0,1,0,0037e400,"INCR",3,ff,0,"Data Secure Unprivileged",0,"4 bytes",0,00000000,"FIXED",0,00,0,"Data Secure Unprivileged",0,"1 byte",0,"OKAY",0,c08d1dae,"OKAY",00000000,4,2,0,1,0,0,0,0,2,0,1,0,2,1,0,2,1,0,c08d1dae,3,f,0,0,0,00000004,3,1,0,0,1,"No Read Addr Cmds","No Read Addr Cmds","No Write Addr Cmds","No Write Addr Cmds","No Write Responses","No Write Responses","_","_","_","_","_","_","_","_","No Write Data Beats","No Write Data Beats"
1746,1746,0,0,1,1,0,0,0,8e5ffe20afb76fe31ba56e5faf65c9d2,0,3b9a3d13b8d6963fae1d8dc05a6037b2,0,1,0,1,ff81e4df,ffffffdb,0,1,0,0,0,00000000,"FIXED",3,00,"Data Secure Unprivileged","1 byte",0,0,00000000,"INCR",3,00,"Data Secure Unprivileged","4 bytes",0,0,ff8127fb,"OKAY",00000000,0,2,1,0,0,0,0,0,0,0,2,0,1,4,0,0,1,0,0037e400,"INCR",3,ff,0,"Data Secure Unprivileged",0,"4 bytes",0,00000000,"FIXED",0,00,0,"Data Secure Unprivileged",0,"1 byte",0,"OKAY",0,c08d1dae,"OKAY",00000000,4,2,0,1,0,0,0,0,2,0,1,0,2,1,0,2,1,0,c08d1dae,3,f,0,0,0,00000004,3,1,0,0,1,"No Read Addr Cmds","No Read Addr Cmds","No Write Addr Cmds","No Write Addr Cmds","No Write Responses","No Write Responses","_","_","_","_","_","_","_","_","No Write Data Beats","No Write Data Beats"
1747,1747,0,0,1,1,0,0,0,8e5ffe20afb76fe31ba56e5faf65c9d2,0,3b9a3d13b8d6963fae1d8dc05a6037b2,0,1,0,1,ff81e4df,ffffffdb,0,1,0,0,0,00000000,"FIXED",3,00,"Data Secure Unprivileged","1 byte",0,0,00000000,"INCR",3,00,"Data Secure Unprivileged","4 bytes",0,0,ff8127fb,"OKAY",00000000,0,2,1,0,0,0,0,0,0,0,2,0,1,4,0,0,1,0,0037e400,"INCR",3,ff,0,"Data Secure Unprivileged",0,"4 bytes",0,00000000,"FIXED",0,00,0,"Data Secure Unprivileged",0,"1 byte",0,"OKAY",0,c08d1dae,"OKAY",00000000,4,2,0,1,0,0,0,0,2,0,1,0,2,1,0,2,1,0,c08d1dae,3,f,0,0,0,00000004,3,1,0,0,1,"No Read Addr Cmds","No Read Addr Cmds","No Write Addr Cmds","No Write Addr Cmds","No Write Responses","No Write Responses","_","_","_","_","_","_","_","_","No Write Data Beats","No Write Data Beats"
1748,1748,0,0,1,1,0,0,0,8e5ffe20afb76fe31ba56e5faf65c9d2,0,3b9a3d13b8d6963fae1d8dc05a6037b2,0,1,0,1,ff81e4df,ffffffdb,0,1,0,0,0,00000000,"FIXED",3,00,"Data Secure Unprivileged","1 byte",0,0,00000000,"INCR",3,00,"Data Secure Unprivileged","4 bytes",0,0,ff8127fb,"OKAY",00000000,0,2,1,0,0,0,0,0,0,0,2,0,1,4,0,0,1,0,0037e400,"INCR",3,ff,0,"Data Secure Unprivileged",0,"4 bytes",0,00000000,"FIXED",0,00,0,"Data Secure Unprivileged",0,"1 byte",0,"OKAY",0,c08d1dae,"OKAY",00000000,4,2,0,1,0,0,0,0,2,0,1,0,2,1,0,2,1,0,c08d1dae,3,f,0,0,0,00000004,3,1,0,0,1,"No Read Addr Cmds","No Read Addr Cmds","No Write Addr Cmds","No Write Addr Cmds","No Write Responses","No Write Responses","_","_","_","_","_","_","_","_","No Write Data Beats","No Write Data Beats"
1749,1749,0,0,1,1,0,0,0,8e5ffe20afb76fe31ba56e5faf65c9d2,0,3b9a3d13b8d6963fae1d8dc05a6037b2,0,1,0,1,ff81e4df,ffffffdb,0,1,0,0,0,00000000,"FIXED",3,00,"Data Secure Unprivileged","1 byte",0,0,00000000,"INCR",3,00,"Data Secure Unprivileged","4 bytes",0,0,ff8127fb,"OKAY",00000000,0,2,1,0,0,0,0,0,0,0,2,0,1,4,0,0,1,0,0037e400,"INCR",3,ff,0,"Data Secure Unprivileged",0,"4 bytes",0,00000000,"FIXED",0,00,0,"Data Secure Unprivileged",0,"1 byte",0,"OKAY",0,c08d1dae,"OKAY",00000000,4,2,0,1,0,0,0,0,2,0,1,0,2,1,0,2,1,0,c08d1dae,3,f,0,0,0,00000004,3,1,0,0,1,"No Read Addr Cmds","No Read Addr Cmds","No Write Addr Cmds","No Write Addr Cmds","No Write Responses","No Write Responses","_","_","_","_","_","_","_","_","No Write Data Beats","No Write Data Beats"
1750,1750,0,0,1,1,0,0,0,8e5ffe20afb76fe31ba56e5faf65c9d2,0,3b9a3d13b8d6963fae1d8dc05a6037b2,0,1,0,1,ff81e4df,ffffffdb,0,1,0,0,0,00000000,"FIXED",3,00,"Data Secure Unprivileged","1 byte",0,0,00000000,"INCR",3,00,"Data Secure Unprivileged","4 bytes",0,0,ff8127fb,"OKAY",00000000,0,2,1,0,0,0,0,0,0,0,2,0,1,4,0,0,1,0,0037e400,"INCR",3,ff,0,"Data Secure Unprivileged",0,"4 bytes",0,00000000,"FIXED",0,00,0,"Data Secure Unprivileged",0,"1 byte",0,"OKAY",0,c08d1dae,"OKAY",00000000,4,2,0,1,0,0,0,0,2,0,1,0,2,1,0,2,1,0,c08d1dae,3,f,0,0,0,00000004,3,1,0,0,1,"No Read Addr Cmds","No Read Addr Cmds","No Write Addr Cmds","No Write Addr Cmds","No Write Responses","No Write Responses","_","_","_","_","_","_","_","_","No Write Data Beats","No Write Data Beats"
1751,1751,0,0,1,1,0,0,0,8e5ffe20afb76fe31ba56e5faf65c9d2,0,3b9a3d13b8d6963fae1d8dc05a6037b2,0,1,0,1,ff81e4df,ffffffdb,0,1,0,0,0,00000000,"FIXED",3,00,"Data Secure Unprivileged","1 byte",0,0,00000000,"INCR",3,00,"Data Secure Unprivileged","4 bytes",0,0,ff8127fb,"OKAY",00000000,0,2,1,0,0,0,0,0,0,0,2,0,1,4,0,0,1,0,0037e400,"INCR",3,ff,0,"Data Secure Unprivileged",0,"4 bytes",0,00000000,"FIXED",0,00,0,"Data Secure Unprivileged",0,"1 byte",0,"OKAY",0,c08d1dae,"OKAY",00000000,4,2,0,1,0,0,0,0,2,0,1,0,2,1,0,2,1,0,c08d1dae,3,f,0,0,0,00000004,3,1,0,0,1,"No Read Addr Cmds","No Read Addr Cmds","No Write Addr Cmds","No Write Addr Cmds","No Write Responses","No Write Responses","_","_","_","_","_","_","_","_","No Write Data Beats","No Write Data Beats"
1752,1752,0,0,1,1,0,0,0,8e5ffe20afb76fe31ba56e5faf65c9d2,0,3b9a3d13b8d6963fae1d8dc05a6037b2,0,1,0,1,ff81e4df,ffffffdb,0,1,0,0,0,00000000,"FIXED",3,00,"Data Secure Unprivileged","1 byte",0,0,00000000,"INCR",3,00,"Data Secure Unprivileged","4 bytes",0,0,ff8127fb,"OKAY",00000000,0,2,1,0,0,0,0,0,0,0,2,0,1,4,0,0,1,0,0037e400,"INCR",3,ff,0,"Data Secure Unprivileged",0,"4 bytes",0,00000000,"FIXED",0,00,0,"Data Secure Unprivileged",0,"1 byte",0,"OKAY",0,c08d1dae,"OKAY",00000000,4,2,0,1,0,0,0,0,2,0,1,0,2,1,0,2,1,0,c08d1dae,3,f,0,0,0,00000004,3,1,0,0,1,"No Read Addr Cmds","No Read Addr Cmds","No Write Addr Cmds","No Write Addr Cmds","No Write Responses","No Write Responses","_","_","_","_","_","_","_","_","No Write Data Beats","No Write Data Beats"
1753,1753,0,0,1,1,0,0,0,8e5ffe20afb76fe31ba56e5faf65c9d2,0,3b9a3d13b8d6963fae1d8dc05a6037b2,0,1,0,1,ff81e4df,ffffffdb,0,1,0,0,0,00000000,"FIXED",3,00,"Data Secure Unprivileged","1 byte",0,0,00000000,"INCR",3,00,"Data Secure Unprivileged","4 bytes",0,0,ff8127fb,"OKAY",00000000,0,2,1,0,0,0,0,0,0,0,2,0,1,4,0,0,1,0,0037e400,"INCR",3,ff,0,"Data Secure Unprivileged",0,"4 bytes",0,00000000,"FIXED",0,00,0,"Data Secure Unprivileged",0,"1 byte",0,"OKAY",0,c08d1dae,"OKAY",00000000,4,2,0,1,0,0,0,0,2,0,1,0,2,1,0,2,1,0,c08d1dae,3,f,0,0,0,00000004,3,1,0,0,1,"No Read Addr Cmds","No Read Addr Cmds","No Write Addr Cmds","No Write Addr Cmds","No Write Responses","No Write Responses","_","_","_","_","_","_","_","_","No Write Data Beats","No Write Data Beats"
1754,1754,0,0,1,1,0,0,0,8e5ffe20afb76fe31ba56e5faf65c9d2,0,3b9a3d13b8d6963fae1d8dc05a6037b2,0,1,0,1,ff81e4df,ffffffdb,0,1,0,0,0,00000000,"FIXED",3,00,"Data Secure Unprivileged","1 byte",0,0,00000000,"INCR",3,00,"Data Secure Unprivileged","4 bytes",0,0,ff8127fb,"OKAY",00000000,0,2,1,0,0,0,0,0,0,0,2,0,1,4,0,0,1,0,0037e400,"INCR",3,ff,0,"Data Secure Unprivileged",0,"4 bytes",0,00000000,"FIXED",0,00,0,"Data Secure Unprivileged",0,"1 byte",0,"OKAY",0,c08d1dae,"OKAY",00000000,4,2,0,1,0,0,0,0,2,0,1,0,2,1,0,2,1,0,c08d1dae,3,f,0,0,0,00000004,3,1,0,0,1,"No Read Addr Cmds","No Read Addr Cmds","No Write Addr Cmds","No Write Addr Cmds","No Write Responses","No Write Responses","_","_","_","_","_","_","_","_","No Write Data Beats","No Write Data Beats"
1755,1755,0,0,1,1,0,0,0,8e5ffe20afb76fe31ba56e5faf65c9d2,0,3b9a3d13b8d6963fae1d8dc05a6037b2,0,1,0,1,ff81e4df,ffffffdb,0,1,0,0,0,00000000,"FIXED",3,00,"Data Secure Unprivileged","1 byte",0,0,00000000,"INCR",3,00,"Data Secure Unprivileged","4 bytes",0,0,ff8127fb,"OKAY",00000000,0,2,1,0,0,0,0,0,0,0,2,0,1,4,0,0,1,0,0037e400,"INCR",3,ff,0,"Data Secure Unprivileged",0,"4 bytes",0,00000000,"FIXED",0,00,0,"Data Secure Unprivileged",0,"1 byte",0,"OKAY",0,c08d1dae,"OKAY",00000000,4,2,0,1,0,0,0,0,2,0,1,0,2,1,0,2,1,0,c08d1dae,3,f,0,0,0,00000004,3,1,0,0,1,"No Read Addr Cmds","No Read Addr Cmds","No Write Addr Cmds","No Write Addr Cmds","No Write Responses","No Write Responses","_","_","_","_","_","_","_","_","No Write Data Beats","No Write Data Beats"
1756,1756,0,0,1,1,0,0,0,8e5ffe20afb76fe31ba56e5faf65c9d2,0,3b9a3d13b8d6963fae1d8dc05a6037b2,0,1,0,1,ff81e4df,ffffffdb,0,1,0,0,0,00000000,"FIXED",3,00,"Data Secure Unprivileged","1 byte",0,0,00000000,"INCR",3,00,"Data Secure Unprivileged","4 bytes",0,0,ff8127fb,"OKAY",00000000,0,2,1,0,0,0,0,0,0,0,2,0,1,4,0,0,1,0,0037e400,"INCR",3,ff,0,"Data Secure Unprivileged",0,"4 bytes",0,00000000,"FIXED",0,00,0,"Data Secure Unprivileged",0,"1 byte",0,"OKAY",0,c08d1dae,"OKAY",00000000,4,2,0,1,0,0,0,0,2,0,1,0,2,1,0,2,1,0,c08d1dae,3,f,0,0,0,00000004,3,1,0,0,1,"No Read Addr Cmds","No Read Addr Cmds","No Write Addr Cmds","No Write Addr Cmds","No Write Responses","No Write Responses","_","_","_","_","_","_","_","_","No Write Data Beats","No Write Data Beats"
1757,1757,0,0,1,1,0,0,0,8e5ffe20afb76fe31ba56e5faf65c9d2,0,3b9a3d13b8d6963fae1d8dc05a6037b2,0,1,0,1,ff81e4df,ffffffdb,0,1,0,0,0,00000000,"FIXED",3,00,"Data Secure Unprivileged","1 byte",0,0,00000000,"INCR",3,00,"Data Secure Unprivileged","4 bytes",0,0,ff8127fb,"OKAY",00000000,0,2,1,0,0,0,0,0,0,0,2,0,1,4,0,0,1,0,0037e400,"INCR",3,ff,0,"Data Secure Unprivileged",0,"4 bytes",0,00000000,"FIXED",0,00,0,"Data Secure Unprivileged",0,"1 byte",0,"OKAY",0,c08d1dae,"OKAY",00000000,4,2,0,1,0,0,0,0,2,0,1,0,2,1,0,2,1,0,c08d1dae,3,f,0,0,0,00000004,3,1,0,0,1,"No Read Addr Cmds","No Read Addr Cmds","No Write Addr Cmds","No Write Addr Cmds","No Write Responses","No Write Responses","_","_","_","_","_","_","_","_","No Write Data Beats","No Write Data Beats"
1758,1758,0,0,1,1,0,0,0,8e5ffe20afb76fe31ba56e5faf65c9d2,0,3b9a3d13b8d6963fae1d8dc05a6037b2,0,1,0,1,ff81e4df,ffffffdb,0,1,0,0,0,00000000,"FIXED",3,00,"Data Secure Unprivileged","1 byte",0,0,00000000,"INCR",3,00,"Data Secure Unprivileged","4 bytes",0,0,ff8127fb,"OKAY",00000000,0,2,1,0,0,0,0,0,0,0,2,0,1,4,0,0,1,0,0037e400,"INCR",3,ff,0,"Data Secure Unprivileged",0,"4 bytes",0,00000000,"FIXED",0,00,0,"Data Secure Unprivileged",0,"1 byte",0,"OKAY",0,c08d1dae,"OKAY",00000000,4,2,0,1,0,0,0,0,2,0,1,0,2,1,0,2,1,0,c08d1dae,3,f,0,0,0,00000004,3,1,0,0,1,"No Read Addr Cmds","No Read Addr Cmds","No Write Addr Cmds","No Write Addr Cmds","No Write Responses","No Write Responses","_","_","_","_","_","_","_","_","No Write Data Beats","No Write Data Beats"
1759,1759,0,0,1,1,0,0,0,8e5ffe20afb76fe31ba56e5faf65c9d2,0,3b9a3d13b8d6963fae1d8dc05a6037b2,0,1,0,1,ff81e4df,ffffffdb,0,1,0,0,0,00000000,"FIXED",3,00,"Data Secure Unprivileged","1 byte",0,0,00000000,"INCR",3,00,"Data Secure Unprivileged","4 bytes",0,0,ff8127fb,"OKAY",00000000,0,2,1,0,0,0,0,0,0,0,2,0,1,4,0,0,1,0,0037e400,"INCR",3,ff,0,"Data Secure Unprivileged",0,"4 bytes",0,00000000,"FIXED",0,00,0,"Data Secure Unprivileged",0,"1 byte",0,"OKAY",0,c08d1dae,"OKAY",00000000,4,2,0,1,0,0,0,0,2,0,1,0,2,1,0,2,1,0,c08d1dae,3,f,0,0,0,00000004,3,1,0,0,1,"No Read Addr Cmds","No Read Addr Cmds","No Write Addr Cmds","No Write Addr Cmds","No Write Responses","No Write Responses","_","_","_","_","_","_","_","_","No Write Data Beats","No Write Data Beats"
1760,1760,0,0,1,1,0,0,0,8e5ffe20afb76fe31ba56e5faf65c9d2,0,3b9a3d13b8d6963fae1d8dc05a6037b2,0,1,0,1,ff81e4df,ffffffdb,0,1,0,0,0,00000000,"FIXED",3,00,"Data Secure Unprivileged","1 byte",0,0,00000000,"INCR",3,00,"Data Secure Unprivileged","4 bytes",0,0,ff8127fb,"OKAY",00000000,0,2,1,0,0,0,0,0,0,0,2,0,1,4,0,0,1,0,0037e400,"INCR",3,ff,0,"Data Secure Unprivileged",0,"4 bytes",0,00000000,"FIXED",0,00,0,"Data Secure Unprivileged",0,"1 byte",0,"OKAY",0,c08d1dae,"OKAY",00000000,4,2,0,1,0,0,0,0,2,0,1,0,2,1,0,2,1,0,c08d1dae,3,f,0,0,0,00000004,3,1,0,0,1,"No Read Addr Cmds","No Read Addr Cmds","No Write Addr Cmds","No Write Addr Cmds","No Write Responses","No Write Responses","_","_","_","_","_","_","_","_","No Write Data Beats","No Write Data Beats"
1761,1761,0,0,1,1,0,0,0,8e5ffe20afb76fe31ba56e5faf65c9d2,0,3b9a3d13b8d6963fae1d8dc05a6037b2,0,1,0,1,ff81e4df,ffffffdb,0,1,0,0,0,00000000,"FIXED",3,00,"Data Secure Unprivileged","1 byte",0,0,00000000,"INCR",3,00,"Data Secure Unprivileged","4 bytes",0,0,ff8127fb,"OKAY",00000000,0,2,1,0,0,0,0,0,0,0,2,0,1,4,0,0,1,0,0037e400,"INCR",3,ff,0,"Data Secure Unprivileged",0,"4 bytes",0,00000000,"FIXED",0,00,0,"Data Secure Unprivileged",0,"1 byte",0,"OKAY",0,c08d1dae,"OKAY",00000000,4,2,0,1,0,0,0,0,2,0,1,0,2,1,0,2,1,0,c08d1dae,3,f,0,0,0,00000004,3,1,0,0,1,"No Read Addr Cmds","No Read Addr Cmds","No Write Addr Cmds","No Write Addr Cmds","No Write Responses","No Write Responses","_","_","_","_","_","_","_","_","No Write Data Beats","No Write Data Beats"
1762,1762,0,0,1,1,0,0,0,8e5ffe20afb76fe31ba56e5faf65c9d2,0,3b9a3d13b8d6963fae1d8dc05a6037b2,0,1,0,1,ff81e4df,ffffffdb,0,1,0,0,0,00000000,"FIXED",3,00,"Data Secure Unprivileged","1 byte",0,0,00000000,"INCR",3,00,"Data Secure Unprivileged","4 bytes",0,0,ff8127fb,"OKAY",00000000,0,2,1,0,0,0,0,0,0,0,2,0,1,4,0,0,1,0,0037e400,"INCR",3,ff,0,"Data Secure Unprivileged",0,"4 bytes",0,00000000,"FIXED",0,00,0,"Data Secure Unprivileged",0,"1 byte",0,"OKAY",0,c08d1dae,"OKAY",00000000,4,2,0,1,0,0,0,0,2,0,1,0,2,1,0,2,1,0,c08d1dae,3,f,0,0,0,00000004,3,1,0,0,1,"No Read Addr Cmds","No Read Addr Cmds","No Write Addr Cmds","No Write Addr Cmds","No Write Responses","No Write Responses","_","_","_","_","_","_","_","_","No Write Data Beats","No Write Data Beats"
1763,1763,0,0,1,1,0,0,0,8e5ffe20afb76fe31ba56e5faf65c9d2,0,3b9a3d13b8d6963fae1d8dc05a6037b2,0,1,0,1,ff81e4df,ffffffdb,0,1,0,0,0,00000000,"FIXED",3,00,"Data Secure Unprivileged","1 byte",0,0,00000000,"INCR",3,00,"Data Secure Unprivileged","4 bytes",0,0,ff8127fb,"OKAY",00000000,0,2,1,0,0,0,0,0,0,0,2,0,1,4,0,0,1,0,0037e400,"INCR",3,ff,0,"Data Secure Unprivileged",0,"4 bytes",0,00000000,"FIXED",0,00,0,"Data Secure Unprivileged",0,"1 byte",0,"OKAY",0,c08d1dae,"OKAY",00000000,4,2,0,1,0,0,0,0,2,0,1,0,2,1,0,2,1,0,c08d1dae,3,f,0,0,0,00000004,3,1,0,0,1,"No Read Addr Cmds","No Read Addr Cmds","No Write Addr Cmds","No Write Addr Cmds","No Write Responses","No Write Responses","_","_","_","_","_","_","_","_","No Write Data Beats","No Write Data Beats"
1764,1764,0,0,1,1,0,0,0,8e5ffe20afb76fe31ba56e5faf65c9d2,0,3b9a3d13b8d6963fae1d8dc05a6037b2,0,1,0,1,ff81e4df,ffffffdb,0,1,0,0,0,00000000,"FIXED",3,00,"Data Secure Unprivileged","1 byte",0,0,00000000,"INCR",3,00,"Data Secure Unprivileged","4 bytes",0,0,ff8127fb,"OKAY",00000000,0,2,1,0,0,0,0,0,0,0,2,0,1,4,0,0,1,0,0037e400,"INCR",3,ff,0,"Data Secure Unprivileged",0,"4 bytes",0,00000000,"FIXED",0,00,0,"Data Secure Unprivileged",0,"1 byte",0,"OKAY",0,c08d1dae,"OKAY",00000000,4,2,0,1,0,0,0,0,2,0,1,0,2,1,0,2,1,0,c08d1dae,3,f,0,0,0,00000004,3,1,0,0,1,"No Read Addr Cmds","No Read Addr Cmds","No Write Addr Cmds","No Write Addr Cmds","No Write Responses","No Write Responses","_","_","_","_","_","_","_","_","No Write Data Beats","No Write Data Beats"
1765,1765,0,0,1,1,0,0,0,8e5ffe20afb76fe31ba56e5faf65c9d2,0,3b9a3d13b8d6963fae1d8dc05a6037b2,0,1,0,1,ff81e4df,ffffffdb,0,1,0,0,0,00000000,"FIXED",3,00,"Data Secure Unprivileged","1 byte",0,0,00000000,"INCR",3,00,"Data Secure Unprivileged","4 bytes",0,0,ff8127fb,"OKAY",00000000,0,2,1,0,0,0,0,0,0,0,2,0,1,4,0,0,1,0,0037e400,"INCR",3,ff,0,"Data Secure Unprivileged",0,"4 bytes",0,00000000,"FIXED",0,00,0,"Data Secure Unprivileged",0,"1 byte",0,"OKAY",0,c08d1dae,"OKAY",00000000,4,2,0,1,0,0,0,0,2,0,1,0,2,1,0,2,1,0,c08d1dae,3,f,0,0,0,00000004,3,1,0,0,1,"No Read Addr Cmds","No Read Addr Cmds","No Write Addr Cmds","No Write Addr Cmds","No Write Responses","No Write Responses","_","_","_","_","_","_","_","_","No Write Data Beats","No Write Data Beats"
1766,1766,0,0,1,1,0,0,0,8e5ffe20afb76fe31ba56e5faf65c9d2,0,3b9a3d13b8d6963fae1d8dc05a6037b2,0,1,0,1,ff81e4df,ffffffdb,0,1,0,0,0,00000000,"FIXED",3,00,"Data Secure Unprivileged","1 byte",0,0,00000000,"INCR",3,00,"Data Secure Unprivileged","4 bytes",0,0,ff8127fb,"OKAY",00000000,0,2,1,0,0,0,0,0,0,0,2,0,1,4,0,0,1,0,0037e400,"INCR",3,ff,0,"Data Secure Unprivileged",0,"4 bytes",0,00000000,"FIXED",0,00,0,"Data Secure Unprivileged",0,"1 byte",0,"OKAY",0,c08d1dae,"OKAY",00000000,4,2,0,1,0,0,0,0,2,0,1,0,2,1,0,2,1,0,c08d1dae,3,f,0,0,0,00000004,3,1,0,0,1,"No Read Addr Cmds","No Read Addr Cmds","No Write Addr Cmds","No Write Addr Cmds","No Write Responses","No Write Responses","_","_","_","_","_","_","_","_","No Write Data Beats","No Write Data Beats"
1767,1767,0,0,1,1,0,0,0,8e5ffe20afb76fe31ba56e5faf65c9d2,0,3b9a3d13b8d6963fae1d8dc05a6037b2,0,1,0,1,ff81e4df,ffffffdb,0,1,0,0,0,00000000,"FIXED",3,00,"Data Secure Unprivileged","1 byte",0,0,00000000,"INCR",3,00,"Data Secure Unprivileged","4 bytes",0,0,ff8127fb,"OKAY",00000000,0,2,1,0,0,0,0,0,0,0,2,0,1,4,0,0,1,0,0037e400,"INCR",3,ff,0,"Data Secure Unprivileged",0,"4 bytes",0,00000000,"FIXED",0,00,0,"Data Secure Unprivileged",0,"1 byte",0,"OKAY",0,c08d1dae,"OKAY",00000000,4,2,0,1,0,0,0,0,2,0,1,0,2,1,0,2,1,0,c08d1dae,3,f,0,0,0,00000004,3,1,0,0,1,"No Read Addr Cmds","No Read Addr Cmds","No Write Addr Cmds","No Write Addr Cmds","No Write Responses","No Write Responses","_","_","_","_","_","_","_","_","No Write Data Beats","No Write Data Beats"
1768,1768,0,0,1,1,0,0,0,8e5ffe20afb76fe31ba56e5faf65c9d2,0,3b9a3d13b8d6963fae1d8dc05a6037b2,0,1,0,1,ff81e4df,ffffffdb,0,1,0,0,0,00000000,"FIXED",3,00,"Data Secure Unprivileged","1 byte",0,0,00000000,"INCR",3,00,"Data Secure Unprivileged","4 bytes",0,0,ff8127fb,"OKAY",00000000,0,2,1,0,0,0,0,0,0,0,2,0,1,4,0,0,1,0,0037e400,"INCR",3,ff,0,"Data Secure Unprivileged",0,"4 bytes",0,00000000,"FIXED",0,00,0,"Data Secure Unprivileged",0,"1 byte",0,"OKAY",0,c08d1dae,"OKAY",00000000,4,2,0,1,0,0,0,0,2,0,1,0,2,1,0,2,1,0,c08d1dae,3,f,0,0,0,00000004,3,1,0,0,1,"No Read Addr Cmds","No Read Addr Cmds","No Write Addr Cmds","No Write Addr Cmds","No Write Responses","No Write Responses","_","_","_","_","_","_","_","_","No Write Data Beats","No Write Data Beats"
1769,1769,0,0,1,1,0,0,0,8e5ffe20afb76fe31ba56e5faf65c9d2,0,3b9a3d13b8d6963fae1d8dc05a6037b2,0,1,0,1,ff81e4df,ffffffdb,0,1,0,0,0,00000000,"FIXED",3,00,"Data Secure Unprivileged","1 byte",0,0,00000000,"INCR",3,00,"Data Secure Unprivileged","4 bytes",0,0,ff8127fb,"OKAY",00000000,0,2,1,0,0,0,0,0,0,0,2,0,1,4,0,0,1,0,0037e400,"INCR",3,ff,0,"Data Secure Unprivileged",0,"4 bytes",0,00000000,"FIXED",0,00,0,"Data Secure Unprivileged",0,"1 byte",0,"OKAY",0,c08d1dae,"OKAY",00000000,4,2,0,1,0,0,0,0,2,0,1,0,2,1,0,2,1,0,c08d1dae,3,f,0,0,0,00000004,3,1,0,0,1,"No Read Addr Cmds","No Read Addr Cmds","No Write Addr Cmds","No Write Addr Cmds","No Write Responses","No Write Responses","_","_","_","_","_","_","_","_","No Write Data Beats","No Write Data Beats"
1770,1770,0,0,1,1,0,0,0,8e5ffe20afb76fe31ba56e5faf65c9d2,0,3b9a3d13b8d6963fae1d8dc05a6037b2,0,1,0,1,ff81e4df,ffffffdb,0,1,0,0,0,00000000,"FIXED",3,00,"Data Secure Unprivileged","1 byte",0,0,00000000,"INCR",3,00,"Data Secure Unprivileged","4 bytes",0,0,ff8127fb,"OKAY",00000000,0,2,1,0,0,0,0,0,0,0,2,0,1,4,0,0,1,0,0037e400,"INCR",3,ff,0,"Data Secure Unprivileged",0,"4 bytes",0,00000000,"FIXED",0,00,0,"Data Secure Unprivileged",0,"1 byte",0,"OKAY",0,c08d1dae,"OKAY",00000000,4,2,0,1,0,0,0,0,2,0,1,0,2,1,0,2,1,0,c08d1dae,3,f,0,0,0,00000004,3,1,0,0,1,"No Read Addr Cmds","No Read Addr Cmds","No Write Addr Cmds","No Write Addr Cmds","No Write Responses","No Write Responses","_","_","_","_","_","_","_","_","No Write Data Beats","No Write Data Beats"
1771,1771,0,0,1,1,0,0,0,8e5ffe20afb76fe31ba56e5faf65c9d2,0,3b9a3d13b8d6963fae1d8dc05a6037b2,0,1,0,1,ff81e4df,ffffffdb,0,1,0,0,0,00000000,"FIXED",3,00,"Data Secure Unprivileged","1 byte",0,0,00000000,"INCR",3,00,"Data Secure Unprivileged","4 bytes",0,0,ff8127fb,"OKAY",00000000,0,2,1,0,0,0,0,0,0,0,2,0,1,4,0,0,1,0,0037e400,"INCR",3,ff,0,"Data Secure Unprivileged",0,"4 bytes",0,00000000,"FIXED",0,00,0,"Data Secure Unprivileged",0,"1 byte",0,"OKAY",0,c08d1dae,"OKAY",00000000,4,2,0,1,0,0,0,0,2,0,1,0,2,1,0,2,1,0,c08d1dae,3,f,0,0,0,00000004,3,1,0,0,1,"No Read Addr Cmds","No Read Addr Cmds","No Write Addr Cmds","No Write Addr Cmds","No Write Responses","No Write Responses","_","_","_","_","_","_","_","_","No Write Data Beats","No Write Data Beats"
1772,1772,0,0,1,1,0,0,0,8e5ffe20afb76fe31ba56e5faf65c9d2,0,3b9a3d13b8d6963fae1d8dc05a6037b2,0,1,0,1,ff81e4df,ffffffdb,0,1,0,0,0,00000000,"FIXED",3,00,"Data Secure Unprivileged","1 byte",0,0,00000000,"INCR",3,00,"Data Secure Unprivileged","4 bytes",0,0,ff8127fb,"OKAY",00000000,0,2,1,0,0,0,0,0,0,0,2,0,1,4,0,0,1,0,0037e400,"INCR",3,ff,0,"Data Secure Unprivileged",0,"4 bytes",0,00000000,"FIXED",0,00,0,"Data Secure Unprivileged",0,"1 byte",0,"OKAY",0,c08d1dae,"OKAY",00000000,4,2,0,1,0,0,0,0,2,0,1,0,2,1,0,2,1,0,c08d1dae,3,f,0,0,0,00000004,3,1,0,0,1,"No Read Addr Cmds","No Read Addr Cmds","No Write Addr Cmds","No Write Addr Cmds","No Write Responses","No Write Responses","_","_","_","_","_","_","_","_","No Write Data Beats","No Write Data Beats"
1773,1773,0,0,1,1,0,0,0,8e5ffe20afb76fe31ba56e5faf65c9d2,0,3b9a3d13b8d6963fae1d8dc05a6037b2,0,1,0,1,ff81e4df,ffffffdb,0,1,0,0,0,00000000,"FIXED",3,00,"Data Secure Unprivileged","1 byte",0,0,00000000,"INCR",3,00,"Data Secure Unprivileged","4 bytes",0,0,ff8127fb,"OKAY",00000000,0,2,1,0,0,0,0,0,0,0,2,0,1,4,0,0,1,0,0037e400,"INCR",3,ff,0,"Data Secure Unprivileged",0,"4 bytes",0,00000000,"FIXED",0,00,0,"Data Secure Unprivileged",0,"1 byte",0,"OKAY",0,c08d1dae,"OKAY",00000000,4,2,0,1,0,0,0,0,2,0,1,0,2,1,0,2,1,0,c08d1dae,3,f,0,0,0,00000004,3,1,0,0,1,"No Read Addr Cmds","No Read Addr Cmds","No Write Addr Cmds","No Write Addr Cmds","No Write Responses","No Write Responses","_","_","_","_","_","_","_","_","No Write Data Beats","No Write Data Beats"
1774,1774,0,0,1,1,0,0,0,8e5ffe20afb76fe31ba56e5faf65c9d2,0,3b9a3d13b8d6963fae1d8dc05a6037b2,0,1,0,1,ff81e4df,ffffffdb,0,1,0,0,0,00000000,"FIXED",3,00,"Data Secure Unprivileged","1 byte",0,0,00000000,"INCR",3,00,"Data Secure Unprivileged","4 bytes",0,0,ff8127fb,"OKAY",00000000,0,2,1,0,0,0,0,0,0,0,2,0,1,4,0,0,1,0,0037e400,"INCR",3,ff,0,"Data Secure Unprivileged",0,"4 bytes",0,00000000,"FIXED",0,00,0,"Data Secure Unprivileged",0,"1 byte",0,"OKAY",0,c08d1dae,"OKAY",00000000,4,2,0,1,0,0,0,0,2,0,1,0,2,1,0,2,1,0,c08d1dae,3,f,0,0,0,00000004,3,1,0,0,1,"No Read Addr Cmds","No Read Addr Cmds","No Write Addr Cmds","No Write Addr Cmds","No Write Responses","No Write Responses","_","_","_","_","_","_","_","_","No Write Data Beats","No Write Data Beats"
1775,1775,0,0,1,1,0,0,0,8e5ffe20afb76fe31ba56e5faf65c9d2,0,3b9a3d13b8d6963fae1d8dc05a6037b2,0,1,0,1,ff81e4df,ffffffdb,0,1,0,0,0,00000000,"FIXED",3,00,"Data Secure Unprivileged","1 byte",0,0,00000000,"INCR",3,00,"Data Secure Unprivileged","4 bytes",0,0,ff8127fb,"OKAY",00000000,0,2,1,0,0,0,0,0,0,0,2,0,1,4,0,0,1,0,0037e400,"INCR",3,ff,0,"Data Secure Unprivileged",0,"4 bytes",0,00000000,"FIXED",0,00,0,"Data Secure Unprivileged",0,"1 byte",0,"OKAY",0,c08d1dae,"OKAY",00000000,4,2,0,1,0,0,0,0,2,0,1,0,2,1,0,2,1,0,c08d1dae,3,f,0,0,0,00000004,3,1,0,0,1,"No Read Addr Cmds","No Read Addr Cmds","No Write Addr Cmds","No Write Addr Cmds","No Write Responses","No Write Responses","_","_","_","_","_","_","_","_","No Write Data Beats","No Write Data Beats"
1776,1776,0,0,1,1,0,0,0,8e5ffe20afb76fe31ba56e5faf65c9d2,0,3b9a3d13b8d6963fae1d8dc05a6037b2,0,1,0,1,ff81e4df,ffffffdb,0,1,0,0,0,00000000,"FIXED",3,00,"Data Secure Unprivileged","1 byte",0,0,00000000,"INCR",3,00,"Data Secure Unprivileged","4 bytes",0,0,ff8127fb,"OKAY",00000000,0,2,1,0,0,0,0,0,0,0,2,0,1,4,0,0,1,0,0037e400,"INCR",3,ff,0,"Data Secure Unprivileged",0,"4 bytes",0,00000000,"FIXED",0,00,0,"Data Secure Unprivileged",0,"1 byte",0,"OKAY",0,c08d1dae,"OKAY",00000000,4,2,0,1,0,0,0,0,2,0,1,0,2,1,0,2,1,0,c08d1dae,3,f,0,0,0,00000004,3,1,0,0,1,"No Read Addr Cmds","No Read Addr Cmds","No Write Addr Cmds","No Write Addr Cmds","No Write Responses","No Write Responses","_","_","_","_","_","_","_","_","No Write Data Beats","No Write Data Beats"
1777,1777,0,0,1,1,0,0,0,8e5ffe20afb76fe31ba56e5faf65c9d2,0,3b9a3d13b8d6963fae1d8dc05a6037b2,0,1,0,1,ff81e4df,ffffffdb,0,1,0,0,0,00000000,"FIXED",3,00,"Data Secure Unprivileged","1 byte",0,0,00000000,"INCR",3,00,"Data Secure Unprivileged","4 bytes",0,0,ff8127fb,"OKAY",00000000,0,2,1,0,0,0,0,0,0,0,2,0,1,4,0,0,1,0,0037e400,"INCR",3,ff,0,"Data Secure Unprivileged",0,"4 bytes",0,00000000,"FIXED",0,00,0,"Data Secure Unprivileged",0,"1 byte",0,"OKAY",0,c08d1dae,"OKAY",00000000,4,2,0,1,0,0,0,0,2,0,1,0,2,1,0,2,1,0,c08d1dae,3,f,0,0,0,00000004,3,1,0,0,1,"No Read Addr Cmds","No Read Addr Cmds","No Write Addr Cmds","No Write Addr Cmds","No Write Responses","No Write Responses","_","_","_","_","_","_","_","_","No Write Data Beats","No Write Data Beats"
1778,1778,0,0,1,1,0,0,0,8e5ffe20afb76fe31ba56e5faf65c9d2,0,3b9a3d13b8d6963fae1d8dc05a6037b2,0,1,0,1,ff81e4df,ffffffdb,0,1,0,0,0,00000000,"FIXED",3,00,"Data Secure Unprivileged","1 byte",0,0,00000000,"INCR",3,00,"Data Secure Unprivileged","4 bytes",0,0,ff8127fb,"OKAY",00000000,0,2,1,0,0,0,0,0,0,0,2,0,1,4,0,0,1,0,0037e400,"INCR",3,ff,0,"Data Secure Unprivileged",0,"4 bytes",0,00000000,"FIXED",0,00,0,"Data Secure Unprivileged",0,"1 byte",0,"OKAY",0,c08d1dae,"OKAY",00000000,4,2,0,1,0,0,0,0,2,0,1,0,2,1,0,2,1,0,c08d1dae,3,f,0,0,0,00000004,3,1,0,0,1,"No Read Addr Cmds","No Read Addr Cmds","No Write Addr Cmds","No Write Addr Cmds","No Write Responses","No Write Responses","_","_","_","_","_","_","_","_","No Write Data Beats","No Write Data Beats"
1779,1779,0,0,1,1,0,0,0,8e5ffe20afb76fe31ba56e5faf65c9d2,0,3b9a3d13b8d6963fae1d8dc05a6037b2,0,1,0,1,ff81e4df,ffffffdb,0,1,0,0,0,00000000,"FIXED",3,00,"Data Secure Unprivileged","1 byte",0,0,00000000,"INCR",3,00,"Data Secure Unprivileged","4 bytes",0,0,ff8127fb,"OKAY",00000000,0,2,1,0,0,0,0,0,0,0,2,0,1,4,0,0,1,0,0037e400,"INCR",3,ff,0,"Data Secure Unprivileged",0,"4 bytes",0,00000000,"FIXED",0,00,0,"Data Secure Unprivileged",0,"1 byte",0,"OKAY",0,c08d1dae,"OKAY",00000000,4,2,0,1,0,0,0,0,2,0,1,0,2,1,0,2,1,0,c08d1dae,3,f,0,0,0,00000004,3,1,0,0,1,"No Read Addr Cmds","No Read Addr Cmds","No Write Addr Cmds","No Write Addr Cmds","No Write Responses","No Write Responses","_","_","_","_","_","_","_","_","No Write Data Beats","No Write Data Beats"
1780,1780,0,0,1,1,0,0,0,8e5ffe20afb76fe31ba56e5faf65c9d2,0,3b9a3d13b8d6963fae1d8dc05a6037b2,0,1,0,1,ff81e4df,ffffffdb,0,1,0,0,0,00000000,"FIXED",3,00,"Data Secure Unprivileged","1 byte",0,0,00000000,"INCR",3,00,"Data Secure Unprivileged","4 bytes",0,0,ff8127fb,"OKAY",00000000,0,2,1,0,0,0,0,0,0,0,2,0,1,4,0,0,1,0,0037e400,"INCR",3,ff,0,"Data Secure Unprivileged",0,"4 bytes",0,00000000,"FIXED",0,00,0,"Data Secure Unprivileged",0,"1 byte",0,"OKAY",0,c08d1dae,"OKAY",00000000,4,2,0,1,0,0,0,0,2,0,1,0,2,1,0,2,1,0,c08d1dae,3,f,0,0,0,00000004,3,1,0,0,1,"No Read Addr Cmds","No Read Addr Cmds","No Write Addr Cmds","No Write Addr Cmds","No Write Responses","No Write Responses","_","_","_","_","_","_","_","_","No Write Data Beats","No Write Data Beats"
1781,1781,0,0,1,1,0,0,0,8e5ffe20afb76fe31ba56e5faf65c9d2,0,3b9a3d13b8d6963fae1d8dc05a6037b2,0,1,0,1,ff81e4df,ffffffdb,0,1,0,0,0,00000000,"FIXED",3,00,"Data Secure Unprivileged","1 byte",0,0,00000000,"INCR",3,00,"Data Secure Unprivileged","4 bytes",0,0,ff8127fb,"OKAY",00000000,0,2,1,0,0,0,0,0,0,0,2,0,1,4,0,0,1,0,0037e400,"INCR",3,ff,0,"Data Secure Unprivileged",0,"4 bytes",0,00000000,"FIXED",0,00,0,"Data Secure Unprivileged",0,"1 byte",0,"OKAY",0,c08d1dae,"OKAY",00000000,4,2,0,1,0,0,0,0,2,0,1,0,2,1,0,2,1,0,c08d1dae,3,f,0,0,0,00000004,3,1,0,0,1,"No Read Addr Cmds","No Read Addr Cmds","No Write Addr Cmds","No Write Addr Cmds","No Write Responses","No Write Responses","_","_","_","_","_","_","_","_","No Write Data Beats","No Write Data Beats"
1782,1782,0,0,1,1,0,0,0,8e5ffe20afb76fe31ba56e5faf65c9d2,0,3b9a3d13b8d6963fae1d8dc05a6037b2,0,1,0,1,ff81e4df,ffffffdb,0,1,0,0,0,00000000,"FIXED",3,00,"Data Secure Unprivileged","1 byte",0,0,00000000,"INCR",3,00,"Data Secure Unprivileged","4 bytes",0,0,ff8127fb,"OKAY",00000000,0,2,1,0,0,0,0,0,0,0,2,0,1,4,0,0,1,0,0037e400,"INCR",3,ff,0,"Data Secure Unprivileged",0,"4 bytes",0,00000000,"FIXED",0,00,0,"Data Secure Unprivileged",0,"1 byte",0,"OKAY",0,c08d1dae,"OKAY",00000000,4,2,0,1,0,0,0,0,2,0,1,0,2,1,0,2,1,0,c08d1dae,3,f,0,0,0,00000004,3,1,0,0,1,"No Read Addr Cmds","No Read Addr Cmds","No Write Addr Cmds","No Write Addr Cmds","No Write Responses","No Write Responses","_","_","_","_","_","_","_","_","No Write Data Beats","No Write Data Beats"
1783,1783,0,0,1,1,0,0,0,8e5ffe20afb76fe31ba56e5faf65c9d2,0,3b9a3d13b8d6963fae1d8dc05a6037b2,0,1,0,1,ff81e4df,ffffffdb,0,1,0,0,0,00000000,"FIXED",3,00,"Data Secure Unprivileged","1 byte",0,0,00000000,"INCR",3,00,"Data Secure Unprivileged","4 bytes",0,0,ff8127fb,"OKAY",00000000,0,2,1,0,0,0,0,0,0,0,2,0,1,4,0,0,1,0,0037e400,"INCR",3,ff,0,"Data Secure Unprivileged",0,"4 bytes",0,00000000,"FIXED",0,00,0,"Data Secure Unprivileged",0,"1 byte",0,"OKAY",0,c08d1dae,"OKAY",00000000,4,2,0,1,0,0,0,0,2,0,1,0,2,1,0,2,1,0,c08d1dae,3,f,0,0,0,00000004,3,1,0,0,1,"No Read Addr Cmds","No Read Addr Cmds","No Write Addr Cmds","No Write Addr Cmds","No Write Responses","No Write Responses","_","_","_","_","_","_","_","_","No Write Data Beats","No Write Data Beats"
1784,1784,0,0,1,1,0,0,0,8e5ffe20afb76fe31ba56e5faf65c9d2,0,3b9a3d13b8d6963fae1d8dc05a6037b2,0,1,0,1,ff81e4df,ffffffdb,0,1,0,0,0,00000000,"FIXED",3,00,"Data Secure Unprivileged","1 byte",0,0,00000000,"INCR",3,00,"Data Secure Unprivileged","4 bytes",0,0,ff8127fb,"OKAY",00000000,0,2,1,0,0,0,0,0,0,0,2,0,1,4,0,0,1,0,0037e400,"INCR",3,ff,0,"Data Secure Unprivileged",0,"4 bytes",0,00000000,"FIXED",0,00,0,"Data Secure Unprivileged",0,"1 byte",0,"OKAY",0,c08d1dae,"OKAY",00000000,4,2,0,1,0,0,0,0,2,0,1,0,2,1,0,2,1,0,c08d1dae,3,f,0,0,0,00000004,3,1,0,0,1,"No Read Addr Cmds","No Read Addr Cmds","No Write Addr Cmds","No Write Addr Cmds","No Write Responses","No Write Responses","_","_","_","_","_","_","_","_","No Write Data Beats","No Write Data Beats"
1785,1785,0,0,1,1,0,0,0,8e5ffe20afb76fe31ba56e5faf65c9d2,0,3b9a3d13b8d6963fae1d8dc05a6037b2,0,1,0,1,ff81e4df,ffffffdb,0,1,0,0,0,00000000,"FIXED",3,00,"Data Secure Unprivileged","1 byte",0,0,00000000,"INCR",3,00,"Data Secure Unprivileged","4 bytes",0,0,ff8127fb,"OKAY",00000000,0,2,1,0,0,0,0,0,0,0,2,0,1,4,0,0,1,0,0037e400,"INCR",3,ff,0,"Data Secure Unprivileged",0,"4 bytes",0,00000000,"FIXED",0,00,0,"Data Secure Unprivileged",0,"1 byte",0,"OKAY",0,c08d1dae,"OKAY",00000000,4,2,0,1,0,0,0,0,2,0,1,0,2,1,0,2,1,0,c08d1dae,3,f,0,0,0,00000004,3,1,0,0,1,"No Read Addr Cmds","No Read Addr Cmds","No Write Addr Cmds","No Write Addr Cmds","No Write Responses","No Write Responses","_","_","_","_","_","_","_","_","No Write Data Beats","No Write Data Beats"
1786,1786,0,0,1,1,0,0,0,8e5ffe20afb76fe31ba56e5faf65c9d2,0,3b9a3d13b8d6963fae1d8dc05a6037b2,0,1,0,1,ff81e4df,ffffffdb,0,1,0,0,0,00000000,"FIXED",3,00,"Data Secure Unprivileged","1 byte",0,0,00000000,"INCR",3,00,"Data Secure Unprivileged","4 bytes",0,0,ff8127fb,"OKAY",00000000,0,2,1,0,0,0,0,0,0,0,2,0,1,4,0,0,1,0,0037e400,"INCR",3,ff,0,"Data Secure Unprivileged",0,"4 bytes",0,00000000,"FIXED",0,00,0,"Data Secure Unprivileged",0,"1 byte",0,"OKAY",0,c08d1dae,"OKAY",00000000,4,2,0,1,0,0,0,0,2,0,1,0,2,1,0,2,1,0,c08d1dae,3,f,0,0,0,00000004,3,1,0,0,1,"No Read Addr Cmds","No Read Addr Cmds","No Write Addr Cmds","No Write Addr Cmds","No Write Responses","No Write Responses","_","_","_","_","_","_","_","_","No Write Data Beats","No Write Data Beats"
1787,1787,0,0,1,1,0,0,0,8e5ffe20afb76fe31ba56e5faf65c9d2,0,3b9a3d13b8d6963fae1d8dc05a6037b2,0,1,0,1,ff81e4df,ffffffdb,0,1,0,0,0,00000000,"FIXED",3,00,"Data Secure Unprivileged","1 byte",0,0,00000000,"INCR",3,00,"Data Secure Unprivileged","4 bytes",0,0,ff8127fb,"OKAY",00000000,0,2,1,0,0,0,0,0,0,0,2,0,1,4,0,0,1,0,0037e400,"INCR",3,ff,0,"Data Secure Unprivileged",0,"4 bytes",0,00000000,"FIXED",0,00,0,"Data Secure Unprivileged",0,"1 byte",0,"OKAY",0,c08d1dae,"OKAY",00000000,4,2,0,1,0,0,0,0,2,0,1,0,2,1,0,2,1,0,c08d1dae,3,f,0,0,0,00000004,3,1,0,0,1,"No Read Addr Cmds","No Read Addr Cmds","No Write Addr Cmds","No Write Addr Cmds","No Write Responses","No Write Responses","_","_","_","_","_","_","_","_","No Write Data Beats","No Write Data Beats"
1788,1788,0,0,1,1,0,0,0,8e5ffe20afb76fe31ba56e5faf65c9d2,0,3b9a3d13b8d6963fae1d8dc05a6037b2,0,1,0,1,ff81e4df,ffffffdb,0,1,0,0,0,00000000,"FIXED",3,00,"Data Secure Unprivileged","1 byte",0,0,00000000,"INCR",3,00,"Data Secure Unprivileged","4 bytes",0,0,ff8127fb,"OKAY",00000000,0,2,1,0,0,0,0,0,0,0,2,0,1,4,0,0,1,0,0037e400,"INCR",3,ff,0,"Data Secure Unprivileged",0,"4 bytes",0,00000000,"FIXED",0,00,0,"Data Secure Unprivileged",0,"1 byte",0,"OKAY",0,c08d1dae,"OKAY",00000000,4,2,0,1,0,0,0,0,2,0,1,0,2,1,0,2,1,0,c08d1dae,3,f,0,0,0,00000004,3,1,0,0,1,"No Read Addr Cmds","No Read Addr Cmds","No Write Addr Cmds","No Write Addr Cmds","No Write Responses","No Write Responses","_","_","_","_","_","_","_","_","No Write Data Beats","No Write Data Beats"
1789,1789,0,0,1,1,0,0,0,8e5ffe20afb76fe31ba56e5faf65c9d2,0,3b9a3d13b8d6963fae1d8dc05a6037b2,0,1,0,1,ff81e4df,ffffffdb,0,1,0,0,0,00000000,"FIXED",3,00,"Data Secure Unprivileged","1 byte",0,0,00000000,"INCR",3,00,"Data Secure Unprivileged","4 bytes",0,0,ff8127fb,"OKAY",00000000,0,2,1,0,0,0,0,0,0,0,2,0,1,4,0,0,1,0,0037e400,"INCR",3,ff,0,"Data Secure Unprivileged",0,"4 bytes",0,00000000,"FIXED",0,00,0,"Data Secure Unprivileged",0,"1 byte",0,"OKAY",0,c08d1dae,"OKAY",00000000,4,2,0,1,0,0,0,0,2,0,1,0,2,1,0,2,1,0,c08d1dae,3,f,0,0,0,00000004,3,1,0,0,1,"No Read Addr Cmds","No Read Addr Cmds","No Write Addr Cmds","No Write Addr Cmds","No Write Responses","No Write Responses","_","_","_","_","_","_","_","_","No Write Data Beats","No Write Data Beats"
1790,1790,0,0,1,1,0,0,0,8e5ffe20afb76fe31ba56e5faf65c9d2,0,3b9a3d13b8d6963fae1d8dc05a6037b2,0,1,0,1,ff81e4df,ffffffdb,0,1,0,0,0,00000000,"FIXED",3,00,"Data Secure Unprivileged","1 byte",0,0,00000000,"INCR",3,00,"Data Secure Unprivileged","4 bytes",0,0,ff8127fb,"OKAY",00000000,0,2,1,0,0,0,0,0,0,0,2,0,1,4,0,0,1,0,0037e400,"INCR",3,ff,0,"Data Secure Unprivileged",0,"4 bytes",0,00000000,"FIXED",0,00,0,"Data Secure Unprivileged",0,"1 byte",0,"OKAY",0,c08d1dae,"OKAY",00000000,4,2,0,1,0,0,0,0,2,0,1,0,2,1,0,2,1,0,c08d1dae,3,f,0,0,0,00000004,3,1,0,0,1,"No Read Addr Cmds","No Read Addr Cmds","No Write Addr Cmds","No Write Addr Cmds","No Write Responses","No Write Responses","_","_","_","_","_","_","_","_","No Write Data Beats","No Write Data Beats"
1791,1791,0,0,1,1,0,0,0,8e5ffe20afb76fe31ba56e5faf65c9d2,0,3b9a3d13b8d6963fae1d8dc05a6037b2,0,1,0,1,ff81e4df,ffffffdb,0,1,0,0,0,00000000,"FIXED",3,00,"Data Secure Unprivileged","1 byte",0,0,00000000,"INCR",3,00,"Data Secure Unprivileged","4 bytes",0,0,ff8127fb,"OKAY",00000000,0,2,1,0,0,0,0,0,0,0,2,0,1,4,0,0,1,0,0037e400,"INCR",3,ff,0,"Data Secure Unprivileged",0,"4 bytes",0,00000000,"FIXED",0,00,0,"Data Secure Unprivileged",0,"1 byte",0,"OKAY",0,c08d1dae,"OKAY",00000000,4,2,0,1,0,0,0,0,2,0,1,0,2,1,0,2,1,0,c08d1dae,3,f,0,0,0,00000004,3,1,0,0,1,"No Read Addr Cmds","No Read Addr Cmds","No Write Addr Cmds","No Write Addr Cmds","No Write Responses","No Write Responses","_","_","_","_","_","_","_","_","No Write Data Beats","No Write Data Beats"
1792,1792,0,0,1,1,0,0,0,8e5ffe20afb76fe31ba56e5faf65c9d2,0,3b9a3d13b8d6963fae1d8dc05a6037b2,0,1,0,1,ff81e4df,ffffffdb,0,1,0,0,0,00000000,"FIXED",3,00,"Data Secure Unprivileged","1 byte",0,0,00000000,"INCR",3,00,"Data Secure Unprivileged","4 bytes",0,0,ff8127fb,"OKAY",00000000,0,2,1,0,0,0,0,0,0,0,2,0,1,4,0,0,1,0,0037e400,"INCR",3,ff,0,"Data Secure Unprivileged",0,"4 bytes",0,00000000,"FIXED",0,00,0,"Data Secure Unprivileged",0,"1 byte",0,"OKAY",0,c08d1dae,"OKAY",00000000,4,2,0,1,0,0,0,0,2,0,1,0,2,1,0,2,1,0,c08d1dae,3,f,0,0,0,00000004,3,1,0,0,1,"No Read Addr Cmds","No Read Addr Cmds","No Write Addr Cmds","No Write Addr Cmds","No Write Responses","No Write Responses","_","_","_","_","_","_","_","_","No Write Data Beats","No Write Data Beats"
1793,1793,0,0,1,1,0,0,0,8e5ffe20afb76fe31ba56e5faf65c9d2,0,3b9a3d13b8d6963fae1d8dc05a6037b2,0,1,0,1,ff81e4df,ffffffdb,0,1,0,0,0,00000000,"FIXED",3,00,"Data Secure Unprivileged","1 byte",0,0,00000000,"INCR",3,00,"Data Secure Unprivileged","4 bytes",0,0,ff8127fb,"OKAY",00000000,0,2,1,0,0,0,0,0,0,0,2,0,1,4,0,0,1,0,0037e400,"INCR",3,ff,0,"Data Secure Unprivileged",0,"4 bytes",0,00000000,"FIXED",0,00,0,"Data Secure Unprivileged",0,"1 byte",0,"OKAY",0,c08d1dae,"OKAY",00000000,4,2,0,1,0,0,0,0,2,0,1,0,2,1,0,2,1,0,c08d1dae,3,f,0,0,0,00000004,3,1,0,0,1,"No Read Addr Cmds","No Read Addr Cmds","No Write Addr Cmds","No Write Addr Cmds","No Write Responses","No Write Responses","_","_","_","_","_","_","_","_","No Write Data Beats","No Write Data Beats"
1794,1794,0,0,1,1,0,0,0,8e5ffe20afb76fe31ba56e5faf65c9d2,0,3b9a3d13b8d6963fae1d8dc05a6037b2,0,1,0,1,ff81e4df,ffffffdb,0,1,0,0,0,00000000,"FIXED",3,00,"Data Secure Unprivileged","1 byte",0,0,00000000,"INCR",3,00,"Data Secure Unprivileged","4 bytes",0,0,ff8127fb,"OKAY",00000000,0,2,1,0,0,0,0,0,0,0,2,0,1,4,0,0,1,0,0037e400,"INCR",3,ff,0,"Data Secure Unprivileged",0,"4 bytes",0,00000000,"FIXED",0,00,0,"Data Secure Unprivileged",0,"1 byte",0,"OKAY",0,c08d1dae,"OKAY",00000000,4,2,0,1,0,0,0,0,2,0,1,0,2,1,0,2,1,0,c08d1dae,3,f,0,0,0,00000004,3,1,0,0,1,"No Read Addr Cmds","No Read Addr Cmds","No Write Addr Cmds","No Write Addr Cmds","No Write Responses","No Write Responses","_","_","_","_","_","_","_","_","No Write Data Beats","No Write Data Beats"
1795,1795,0,0,1,1,0,0,0,8e5ffe20afb76fe31ba56e5faf65c9d2,0,3b9a3d13b8d6963fae1d8dc05a6037b2,0,1,0,1,ff81e4df,ffffffdb,0,1,0,0,0,00000000,"FIXED",3,00,"Data Secure Unprivileged","1 byte",0,0,00000000,"INCR",3,00,"Data Secure Unprivileged","4 bytes",0,0,ff8127fb,"OKAY",00000000,0,2,1,0,0,0,0,0,0,0,2,0,1,4,0,0,1,0,0037e400,"INCR",3,ff,0,"Data Secure Unprivileged",0,"4 bytes",0,00000000,"FIXED",0,00,0,"Data Secure Unprivileged",0,"1 byte",0,"OKAY",0,c08d1dae,"OKAY",00000000,4,2,0,1,0,0,0,0,2,0,1,0,2,1,0,2,1,0,c08d1dae,3,f,0,0,0,00000004,3,1,0,0,1,"No Read Addr Cmds","No Read Addr Cmds","No Write Addr Cmds","No Write Addr Cmds","No Write Responses","No Write Responses","_","_","_","_","_","_","_","_","No Write Data Beats","No Write Data Beats"
1796,1796,0,0,1,1,0,0,0,8e5ffe20afb76fe31ba56e5faf65c9d2,0,3b9a3d13b8d6963fae1d8dc05a6037b2,0,1,0,1,ff81e4df,ffffffdb,0,1,0,0,0,00000000,"FIXED",3,00,"Data Secure Unprivileged","1 byte",0,0,00000000,"INCR",3,00,"Data Secure Unprivileged","4 bytes",0,0,ff8127fb,"OKAY",00000000,0,2,1,0,0,0,0,0,0,0,2,0,1,4,0,0,1,0,0037e400,"INCR",3,ff,0,"Data Secure Unprivileged",0,"4 bytes",0,00000000,"FIXED",0,00,0,"Data Secure Unprivileged",0,"1 byte",0,"OKAY",0,c08d1dae,"OKAY",00000000,4,2,0,1,0,0,0,0,2,0,1,0,2,1,0,2,1,0,c08d1dae,3,f,0,0,0,00000004,3,1,0,0,1,"No Read Addr Cmds","No Read Addr Cmds","No Write Addr Cmds","No Write Addr Cmds","No Write Responses","No Write Responses","_","_","_","_","_","_","_","_","No Write Data Beats","No Write Data Beats"
1797,1797,0,0,1,1,0,0,0,8e5ffe20afb76fe31ba56e5faf65c9d2,0,3b9a3d13b8d6963fae1d8dc05a6037b2,0,1,0,1,ff81e4df,ffffffdb,0,1,0,0,0,00000000,"FIXED",3,00,"Data Secure Unprivileged","1 byte",0,0,00000000,"INCR",3,00,"Data Secure Unprivileged","4 bytes",0,0,ff8127fb,"OKAY",00000000,0,2,1,0,0,0,0,0,0,0,2,0,1,4,0,0,1,0,0037e400,"INCR",3,ff,0,"Data Secure Unprivileged",0,"4 bytes",0,00000000,"FIXED",0,00,0,"Data Secure Unprivileged",0,"1 byte",0,"OKAY",0,c08d1dae,"OKAY",00000000,4,2,0,1,0,0,0,0,2,0,1,0,2,1,0,2,1,0,c08d1dae,3,f,0,0,0,00000004,3,1,0,0,1,"No Read Addr Cmds","No Read Addr Cmds","No Write Addr Cmds","No Write Addr Cmds","No Write Responses","No Write Responses","_","_","_","_","_","_","_","_","No Write Data Beats","No Write Data Beats"
1798,1798,0,0,1,1,0,0,0,8e5ffe20afb76fe31ba56e5faf65c9d2,0,3b9a3d13b8d6963fae1d8dc05a6037b2,0,1,0,1,ff81e4df,ffffffdb,0,1,0,0,0,00000000,"FIXED",3,00,"Data Secure Unprivileged","1 byte",0,0,00000000,"INCR",3,00,"Data Secure Unprivileged","4 bytes",0,0,ff8127fb,"OKAY",00000000,0,2,1,0,0,0,0,0,0,0,2,0,1,4,0,0,1,0,0037e400,"INCR",3,ff,0,"Data Secure Unprivileged",0,"4 bytes",0,00000000,"FIXED",0,00,0,"Data Secure Unprivileged",0,"1 byte",0,"OKAY",0,c08d1dae,"OKAY",00000000,4,2,0,1,0,0,0,0,2,0,1,0,2,1,0,2,1,0,c08d1dae,3,f,0,0,0,00000004,3,1,0,0,1,"No Read Addr Cmds","No Read Addr Cmds","No Write Addr Cmds","No Write Addr Cmds","No Write Responses","No Write Responses","_","_","_","_","_","_","_","_","No Write Data Beats","No Write Data Beats"
1799,1799,0,0,1,1,0,0,0,8e5ffe20afb76fe31ba56e5faf65c9d2,0,3b9a3d13b8d6963fae1d8dc05a6037b2,0,1,0,1,ff81e4df,ffffffdb,0,1,0,0,0,00000000,"FIXED",3,00,"Data Secure Unprivileged","1 byte",0,0,00000000,"INCR",3,00,"Data Secure Unprivileged","4 bytes",0,0,ff8127fb,"OKAY",00000000,0,2,1,0,0,0,0,0,0,0,2,0,1,4,0,0,1,0,0037e400,"INCR",3,ff,0,"Data Secure Unprivileged",0,"4 bytes",0,00000000,"FIXED",0,00,0,"Data Secure Unprivileged",0,"1 byte",0,"OKAY",0,c08d1dae,"OKAY",00000000,4,2,0,1,0,0,0,0,2,0,1,0,2,1,0,2,1,0,c08d1dae,3,f,0,0,0,00000004,3,1,0,0,1,"No Read Addr Cmds","No Read Addr Cmds","No Write Addr Cmds","No Write Addr Cmds","No Write Responses","No Write Responses","_","_","_","_","_","_","_","_","No Write Data Beats","No Write Data Beats"
1800,1800,0,0,1,1,0,0,0,8e5ffe20afb76fe31ba56e5faf65c9d2,0,3b9a3d13b8d6963fae1d8dc05a6037b2,0,1,0,1,ff81e4df,ffffffdb,0,1,0,0,0,00000000,"FIXED",3,00,"Data Secure Unprivileged","1 byte",0,0,00000000,"INCR",3,00,"Data Secure Unprivileged","4 bytes",0,0,ff8127fb,"OKAY",00000000,0,2,1,0,0,0,0,0,0,0,2,0,1,4,0,0,1,0,0037e400,"INCR",3,ff,0,"Data Secure Unprivileged",0,"4 bytes",0,00000000,"FIXED",0,00,0,"Data Secure Unprivileged",0,"1 byte",0,"OKAY",0,c08d1dae,"OKAY",00000000,4,2,0,1,0,0,0,0,2,0,1,0,2,1,0,2,1,0,c08d1dae,3,f,0,0,0,00000004,3,1,0,0,1,"No Read Addr Cmds","No Read Addr Cmds","No Write Addr Cmds","No Write Addr Cmds","No Write Responses","No Write Responses","_","_","_","_","_","_","_","_","No Write Data Beats","No Write Data Beats"
1801,1801,0,0,1,1,0,0,0,8e5ffe20afb76fe31ba56e5faf65c9d2,0,3b9a3d13b8d6963fae1d8dc05a6037b2,0,1,0,1,ff81e4df,ffffffdb,0,1,0,0,0,00000000,"FIXED",3,00,"Data Secure Unprivileged","1 byte",0,0,00000000,"INCR",3,00,"Data Secure Unprivileged","4 bytes",0,0,ff8127fb,"OKAY",00000000,0,2,1,0,0,0,0,0,0,0,2,0,1,4,0,0,1,0,0037e400,"INCR",3,ff,0,"Data Secure Unprivileged",0,"4 bytes",0,00000000,"FIXED",0,00,0,"Data Secure Unprivileged",0,"1 byte",0,"OKAY",0,c08d1dae,"OKAY",00000000,4,2,0,1,0,0,0,0,2,0,1,0,2,1,0,2,1,0,c08d1dae,3,f,0,0,0,00000004,3,1,0,0,1,"No Read Addr Cmds","No Read Addr Cmds","No Write Addr Cmds","No Write Addr Cmds","No Write Responses","No Write Responses","_","_","_","_","_","_","_","_","No Write Data Beats","No Write Data Beats"
1802,1802,0,0,1,1,0,0,0,8e5ffe20afb76fe31ba56e5faf65c9d2,0,3b9a3d13b8d6963fae1d8dc05a6037b2,0,1,0,1,ff81e4df,ffffffdb,0,1,0,0,0,00000000,"FIXED",3,00,"Data Secure Unprivileged","1 byte",0,0,00000000,"INCR",3,00,"Data Secure Unprivileged","4 bytes",0,0,ff8127fb,"OKAY",00000000,0,2,1,0,0,0,0,0,0,0,2,0,1,4,0,0,1,0,0037e400,"INCR",3,ff,0,"Data Secure Unprivileged",0,"4 bytes",0,00000000,"FIXED",0,00,0,"Data Secure Unprivileged",0,"1 byte",0,"OKAY",0,c08d1dae,"OKAY",00000000,4,2,0,1,0,0,0,0,2,0,1,0,2,1,0,2,1,0,c08d1dae,3,f,0,0,0,00000004,3,1,0,0,1,"No Read Addr Cmds","No Read Addr Cmds","No Write Addr Cmds","No Write Addr Cmds","No Write Responses","No Write Responses","_","_","_","_","_","_","_","_","No Write Data Beats","No Write Data Beats"
1803,1803,0,0,1,1,0,0,0,8e5ffe20afb76fe31ba56e5faf65c9d2,0,3b9a3d13b8d6963fae1d8dc05a6037b2,0,1,0,1,ff81e4df,ffffffdb,0,1,0,0,0,00000000,"FIXED",3,00,"Data Secure Unprivileged","1 byte",0,0,00000000,"INCR",3,00,"Data Secure Unprivileged","4 bytes",0,0,ff8127fb,"OKAY",00000000,0,2,1,0,0,0,0,0,0,0,2,0,1,4,0,0,1,0,0037e400,"INCR",3,ff,0,"Data Secure Unprivileged",0,"4 bytes",0,00000000,"FIXED",0,00,0,"Data Secure Unprivileged",0,"1 byte",0,"OKAY",0,c08d1dae,"OKAY",00000000,4,2,0,1,0,0,0,0,2,0,1,0,2,1,0,2,1,0,c08d1dae,3,f,0,0,0,00000004,3,1,0,0,1,"No Read Addr Cmds","No Read Addr Cmds","No Write Addr Cmds","No Write Addr Cmds","No Write Responses","No Write Responses","_","_","_","_","_","_","_","_","No Write Data Beats","No Write Data Beats"
1804,1804,0,0,1,1,0,0,0,8e5ffe20afb76fe31ba56e5faf65c9d2,0,3b9a3d13b8d6963fae1d8dc05a6037b2,0,1,0,1,ff81e4df,ffffffdb,0,1,0,0,0,00000000,"FIXED",3,00,"Data Secure Unprivileged","1 byte",0,0,00000000,"INCR",3,00,"Data Secure Unprivileged","4 bytes",0,0,ff8127fb,"OKAY",00000000,0,2,1,0,0,0,0,0,0,0,2,0,1,4,0,0,1,0,0037e400,"INCR",3,ff,0,"Data Secure Unprivileged",0,"4 bytes",0,00000000,"FIXED",0,00,0,"Data Secure Unprivileged",0,"1 byte",0,"OKAY",0,c08d1dae,"OKAY",00000000,4,2,0,1,0,0,0,0,2,0,1,0,2,1,0,2,1,0,c08d1dae,3,f,0,0,0,00000004,3,1,0,0,1,"No Read Addr Cmds","No Read Addr Cmds","No Write Addr Cmds","No Write Addr Cmds","No Write Responses","No Write Responses","_","_","_","_","_","_","_","_","No Write Data Beats","No Write Data Beats"
1805,1805,0,0,1,1,0,0,0,8e5ffe20afb76fe31ba56e5faf65c9d2,0,3b9a3d13b8d6963fae1d8dc05a6037b2,0,1,0,1,ff81e4df,ffffffdb,0,1,0,0,0,00000000,"FIXED",3,00,"Data Secure Unprivileged","1 byte",0,0,00000000,"INCR",3,00,"Data Secure Unprivileged","4 bytes",0,0,ff8127fb,"OKAY",00000000,0,2,1,0,0,0,0,0,0,0,2,0,1,4,0,0,1,0,0037e400,"INCR",3,ff,0,"Data Secure Unprivileged",0,"4 bytes",0,00000000,"FIXED",0,00,0,"Data Secure Unprivileged",0,"1 byte",0,"OKAY",0,c08d1dae,"OKAY",00000000,4,2,0,1,0,0,0,0,2,0,1,0,2,1,0,2,1,0,c08d1dae,3,f,0,0,0,00000004,3,1,0,0,1,"No Read Addr Cmds","No Read Addr Cmds","No Write Addr Cmds","No Write Addr Cmds","No Write Responses","No Write Responses","_","_","_","_","_","_","_","_","No Write Data Beats","No Write Data Beats"
1806,1806,0,0,1,1,0,0,0,8e5ffe20afb76fe31ba56e5faf65c9d2,0,3b9a3d13b8d6963fae1d8dc05a6037b2,0,1,0,1,ff81e4df,ffffffdb,0,1,0,0,0,00000000,"FIXED",3,00,"Data Secure Unprivileged","1 byte",0,0,00000000,"INCR",3,00,"Data Secure Unprivileged","4 bytes",0,0,ff8127fb,"OKAY",00000000,0,2,1,0,0,0,0,0,0,0,2,0,1,4,0,0,1,0,0037e400,"INCR",3,ff,0,"Data Secure Unprivileged",0,"4 bytes",0,00000000,"FIXED",0,00,0,"Data Secure Unprivileged",0,"1 byte",0,"OKAY",0,c08d1dae,"OKAY",00000000,4,2,0,1,0,0,0,0,2,0,1,0,2,1,0,2,1,0,c08d1dae,3,f,0,0,0,00000004,3,1,0,0,1,"No Read Addr Cmds","No Read Addr Cmds","No Write Addr Cmds","No Write Addr Cmds","No Write Responses","No Write Responses","_","_","_","_","_","_","_","_","No Write Data Beats","No Write Data Beats"
1807,1807,0,0,1,1,0,0,0,8e5ffe20afb76fe31ba56e5faf65c9d2,0,3b9a3d13b8d6963fae1d8dc05a6037b2,0,1,0,1,ff81e4df,ffffffdb,0,1,0,0,0,00000000,"FIXED",3,00,"Data Secure Unprivileged","1 byte",0,0,00000000,"INCR",3,00,"Data Secure Unprivileged","4 bytes",0,0,ff8127fb,"OKAY",00000000,0,2,1,0,0,0,0,0,0,0,2,0,1,4,0,0,1,0,0037e400,"INCR",3,ff,0,"Data Secure Unprivileged",0,"4 bytes",0,00000000,"FIXED",0,00,0,"Data Secure Unprivileged",0,"1 byte",0,"OKAY",0,c08d1dae,"OKAY",00000000,4,2,0,1,0,0,0,0,2,0,1,0,2,1,0,2,1,0,c08d1dae,3,f,0,0,0,00000004,3,1,0,0,1,"No Read Addr Cmds","No Read Addr Cmds","No Write Addr Cmds","No Write Addr Cmds","No Write Responses","No Write Responses","_","_","_","_","_","_","_","_","No Write Data Beats","No Write Data Beats"
1808,1808,0,0,1,1,0,0,0,8e5ffe20afb76fe31ba56e5faf65c9d2,0,3b9a3d13b8d6963fae1d8dc05a6037b2,0,1,0,1,ff81e4df,ffffffdb,0,1,0,0,0,00000000,"FIXED",3,00,"Data Secure Unprivileged","1 byte",0,0,00000000,"INCR",3,00,"Data Secure Unprivileged","4 bytes",0,0,ff8127fb,"OKAY",00000000,0,2,1,0,0,0,0,0,0,0,2,0,1,4,0,0,1,0,0037e400,"INCR",3,ff,0,"Data Secure Unprivileged",0,"4 bytes",0,00000000,"FIXED",0,00,0,"Data Secure Unprivileged",0,"1 byte",0,"OKAY",0,c08d1dae,"OKAY",00000000,4,2,0,1,0,0,0,0,2,0,1,0,2,1,0,2,1,0,c08d1dae,3,f,0,0,0,00000004,3,1,0,0,1,"No Read Addr Cmds","No Read Addr Cmds","No Write Addr Cmds","No Write Addr Cmds","No Write Responses","No Write Responses","_","_","_","_","_","_","_","_","No Write Data Beats","No Write Data Beats"
1809,1809,0,0,1,1,0,0,0,8e5ffe20afb76fe31ba56e5faf65c9d2,0,3b9a3d13b8d6963fae1d8dc05a6037b2,0,1,0,1,ff81e4df,ffffffdb,0,1,0,0,0,00000000,"FIXED",3,00,"Data Secure Unprivileged","1 byte",0,0,00000000,"INCR",3,00,"Data Secure Unprivileged","4 bytes",0,0,ff8127fb,"OKAY",00000000,0,2,1,0,0,0,0,0,0,0,2,0,1,4,0,0,1,0,0037e400,"INCR",3,ff,0,"Data Secure Unprivileged",0,"4 bytes",0,00000000,"FIXED",0,00,0,"Data Secure Unprivileged",0,"1 byte",0,"OKAY",0,c08d1dae,"OKAY",00000000,4,2,0,1,0,0,0,0,2,0,1,0,2,1,0,2,1,0,c08d1dae,3,f,0,0,0,00000004,3,1,0,0,1,"No Read Addr Cmds","No Read Addr Cmds","No Write Addr Cmds","No Write Addr Cmds","No Write Responses","No Write Responses","_","_","_","_","_","_","_","_","No Write Data Beats","No Write Data Beats"
1810,1810,0,0,1,1,0,0,0,8e5ffe20afb76fe31ba56e5faf65c9d2,0,3b9a3d13b8d6963fae1d8dc05a6037b2,0,1,0,1,ff81e4df,ffffffdb,0,1,0,0,0,00000000,"FIXED",3,00,"Data Secure Unprivileged","1 byte",0,0,00000000,"INCR",3,00,"Data Secure Unprivileged","4 bytes",0,0,ff8127fb,"OKAY",00000000,0,2,1,0,0,0,0,0,0,0,2,0,1,4,0,0,1,0,0037e400,"INCR",3,ff,0,"Data Secure Unprivileged",0,"4 bytes",0,00000000,"FIXED",0,00,0,"Data Secure Unprivileged",0,"1 byte",0,"OKAY",0,c08d1dae,"OKAY",00000000,4,2,0,1,0,0,0,0,2,0,1,0,2,1,0,2,1,0,c08d1dae,3,f,0,0,0,00000004,3,1,0,0,1,"No Read Addr Cmds","No Read Addr Cmds","No Write Addr Cmds","No Write Addr Cmds","No Write Responses","No Write Responses","_","_","_","_","_","_","_","_","No Write Data Beats","No Write Data Beats"
1811,1811,0,0,1,1,0,0,0,8e5ffe20afb76fe31ba56e5faf65c9d2,0,3b9a3d13b8d6963fae1d8dc05a6037b2,0,1,0,1,ff81e4df,ffffffdb,0,1,0,0,0,00000000,"FIXED",3,00,"Data Secure Unprivileged","1 byte",0,0,00000000,"INCR",3,00,"Data Secure Unprivileged","4 bytes",0,0,ff8127fb,"OKAY",00000000,0,2,1,0,0,0,0,0,0,0,2,0,1,4,0,0,1,0,0037e400,"INCR",3,ff,0,"Data Secure Unprivileged",0,"4 bytes",0,00000000,"FIXED",0,00,0,"Data Secure Unprivileged",0,"1 byte",0,"OKAY",0,c08d1dae,"OKAY",00000000,4,2,0,1,0,0,0,0,2,0,1,0,2,1,0,2,1,0,c08d1dae,3,f,0,0,0,00000004,3,1,0,0,1,"No Read Addr Cmds","No Read Addr Cmds","No Write Addr Cmds","No Write Addr Cmds","No Write Responses","No Write Responses","_","_","_","_","_","_","_","_","No Write Data Beats","No Write Data Beats"
1812,1812,0,0,1,1,0,0,0,8e5ffe20afb76fe31ba56e5faf65c9d2,0,3b9a3d13b8d6963fae1d8dc05a6037b2,0,1,0,1,ff81e4df,ffffffdb,0,1,0,0,0,00000000,"FIXED",3,00,"Data Secure Unprivileged","1 byte",0,0,00000000,"INCR",3,00,"Data Secure Unprivileged","4 bytes",0,0,ff8127fb,"OKAY",00000000,0,2,1,0,0,0,0,0,0,0,2,0,1,4,0,0,1,0,0037e400,"INCR",3,ff,0,"Data Secure Unprivileged",0,"4 bytes",0,00000000,"FIXED",0,00,0,"Data Secure Unprivileged",0,"1 byte",0,"OKAY",0,c08d1dae,"OKAY",00000000,4,2,0,1,0,0,0,0,2,0,1,0,2,1,0,2,1,0,c08d1dae,3,f,0,0,0,00000004,3,1,0,0,1,"No Read Addr Cmds","No Read Addr Cmds","No Write Addr Cmds","No Write Addr Cmds","No Write Responses","No Write Responses","_","_","_","_","_","_","_","_","No Write Data Beats","No Write Data Beats"
1813,1813,0,0,1,1,0,0,0,8e5ffe20afb76fe31ba56e5faf65c9d2,0,3b9a3d13b8d6963fae1d8dc05a6037b2,0,1,0,1,ff81e4df,ffffffdb,0,1,0,0,0,00000000,"FIXED",3,00,"Data Secure Unprivileged","1 byte",0,0,00000000,"INCR",3,00,"Data Secure Unprivileged","4 bytes",0,0,ff8127fb,"OKAY",00000000,0,2,1,0,0,0,0,0,0,0,2,0,1,4,0,0,1,0,0037e400,"INCR",3,ff,0,"Data Secure Unprivileged",0,"4 bytes",0,00000000,"FIXED",0,00,0,"Data Secure Unprivileged",0,"1 byte",0,"OKAY",0,c08d1dae,"OKAY",00000000,4,2,0,1,0,0,0,0,2,0,1,0,2,1,0,2,1,0,c08d1dae,3,f,0,0,0,00000004,3,1,0,0,1,"No Read Addr Cmds","No Read Addr Cmds","No Write Addr Cmds","No Write Addr Cmds","No Write Responses","No Write Responses","_","_","_","_","_","_","_","_","No Write Data Beats","No Write Data Beats"
1814,1814,0,0,1,1,0,0,0,8e5ffe20afb76fe31ba56e5faf65c9d2,0,3b9a3d13b8d6963fae1d8dc05a6037b2,0,1,0,1,ff81e4df,ffffffdb,0,1,0,0,0,00000000,"FIXED",3,00,"Data Secure Unprivileged","1 byte",0,0,00000000,"INCR",3,00,"Data Secure Unprivileged","4 bytes",0,0,ff8127fb,"OKAY",00000000,0,2,1,0,0,0,0,0,0,0,2,0,1,4,0,0,1,0,0037e400,"INCR",3,ff,0,"Data Secure Unprivileged",0,"4 bytes",0,00000000,"FIXED",0,00,0,"Data Secure Unprivileged",0,"1 byte",0,"OKAY",0,c08d1dae,"OKAY",00000000,4,2,0,1,0,0,0,0,2,0,1,0,2,1,0,2,1,0,c08d1dae,3,f,0,0,0,00000004,3,1,0,0,1,"No Read Addr Cmds","No Read Addr Cmds","No Write Addr Cmds","No Write Addr Cmds","No Write Responses","No Write Responses","_","_","_","_","_","_","_","_","No Write Data Beats","No Write Data Beats"
1815,1815,0,0,1,1,0,0,0,8e5ffe20afb76fe31ba56e5faf65c9d2,0,3b9a3d13b8d6963fae1d8dc05a6037b2,0,1,0,1,ff81e4df,ffffffdb,0,1,0,0,0,00000000,"FIXED",3,00,"Data Secure Unprivileged","1 byte",0,0,00000000,"INCR",3,00,"Data Secure Unprivileged","4 bytes",0,0,ff8127fb,"OKAY",00000000,0,2,1,0,0,0,0,0,0,0,2,0,1,4,0,0,1,0,0037e400,"INCR",3,ff,0,"Data Secure Unprivileged",0,"4 bytes",0,00000000,"FIXED",0,00,0,"Data Secure Unprivileged",0,"1 byte",0,"OKAY",0,c08d1dae,"OKAY",00000000,4,2,0,1,0,0,0,0,2,0,1,0,2,1,0,2,1,0,c08d1dae,3,f,0,0,0,00000004,3,1,0,0,1,"No Read Addr Cmds","No Read Addr Cmds","No Write Addr Cmds","No Write Addr Cmds","No Write Responses","No Write Responses","_","_","_","_","_","_","_","_","No Write Data Beats","No Write Data Beats"
1816,1816,0,0,1,1,0,0,0,8e5ffe20afb76fe31ba56e5faf65c9d2,0,3b9a3d13b8d6963fae1d8dc05a6037b2,0,1,0,1,ff81e4df,ffffffdb,0,1,0,0,0,00000000,"FIXED",3,00,"Data Secure Unprivileged","1 byte",0,0,00000000,"INCR",3,00,"Data Secure Unprivileged","4 bytes",0,0,ff8127fb,"OKAY",00000000,0,2,1,0,0,0,0,0,0,0,2,0,1,4,0,0,1,0,0037e400,"INCR",3,ff,0,"Data Secure Unprivileged",0,"4 bytes",0,00000000,"FIXED",0,00,0,"Data Secure Unprivileged",0,"1 byte",0,"OKAY",0,c08d1dae,"OKAY",00000000,4,2,0,1,0,0,0,0,2,0,1,0,2,1,0,2,1,0,c08d1dae,3,f,0,0,0,00000004,3,1,0,0,1,"No Read Addr Cmds","No Read Addr Cmds","No Write Addr Cmds","No Write Addr Cmds","No Write Responses","No Write Responses","_","_","_","_","_","_","_","_","No Write Data Beats","No Write Data Beats"
1817,1817,0,0,1,1,0,0,0,8e5ffe20afb76fe31ba56e5faf65c9d2,0,3b9a3d13b8d6963fae1d8dc05a6037b2,0,1,0,1,ff81e4df,ffffffdb,0,1,0,0,0,00000000,"FIXED",3,00,"Data Secure Unprivileged","1 byte",0,0,00000000,"INCR",3,00,"Data Secure Unprivileged","4 bytes",0,0,ff8127fb,"OKAY",00000000,0,2,1,0,0,0,0,0,0,0,2,0,1,4,0,0,1,0,0037e400,"INCR",3,ff,0,"Data Secure Unprivileged",0,"4 bytes",0,00000000,"FIXED",0,00,0,"Data Secure Unprivileged",0,"1 byte",0,"OKAY",0,c08d1dae,"OKAY",00000000,4,2,0,1,0,0,0,0,2,0,1,0,2,1,0,2,1,0,c08d1dae,3,f,0,0,0,00000004,3,1,0,0,1,"No Read Addr Cmds","No Read Addr Cmds","No Write Addr Cmds","No Write Addr Cmds","No Write Responses","No Write Responses","_","_","_","_","_","_","_","_","No Write Data Beats","No Write Data Beats"
1818,1818,0,0,1,1,0,0,0,8e5ffe20afb76fe31ba56e5faf65c9d2,0,3b9a3d13b8d6963fae1d8dc05a6037b2,0,1,0,1,ff81e4df,ffffffdb,0,1,0,0,0,00000000,"FIXED",3,00,"Data Secure Unprivileged","1 byte",0,0,00000000,"INCR",3,00,"Data Secure Unprivileged","4 bytes",0,0,ff8127fb,"OKAY",00000000,0,2,1,0,0,0,0,0,0,0,2,0,1,4,0,0,1,0,0037e400,"INCR",3,ff,0,"Data Secure Unprivileged",0,"4 bytes",0,00000000,"FIXED",0,00,0,"Data Secure Unprivileged",0,"1 byte",0,"OKAY",0,c08d1dae,"OKAY",00000000,4,2,0,1,0,0,0,0,2,0,1,0,2,1,0,2,1,0,c08d1dae,3,f,0,0,0,00000004,3,1,0,0,1,"No Read Addr Cmds","No Read Addr Cmds","No Write Addr Cmds","No Write Addr Cmds","No Write Responses","No Write Responses","_","_","_","_","_","_","_","_","No Write Data Beats","No Write Data Beats"
1819,1819,0,0,1,1,0,0,0,8e5ffe20afb76fe31ba56e5faf65c9d2,0,3b9a3d13b8d6963fae1d8dc05a6037b2,0,1,0,1,ff81e4df,ffffffdb,0,1,0,0,0,00000000,"FIXED",3,00,"Data Secure Unprivileged","1 byte",0,0,00000000,"INCR",3,00,"Data Secure Unprivileged","4 bytes",0,0,ff8127fb,"OKAY",00000000,0,2,1,0,0,0,0,0,0,0,2,0,1,4,0,0,1,0,0037e400,"INCR",3,ff,0,"Data Secure Unprivileged",0,"4 bytes",0,00000000,"FIXED",0,00,0,"Data Secure Unprivileged",0,"1 byte",0,"OKAY",0,c08d1dae,"OKAY",00000000,4,2,0,1,0,0,0,0,2,0,1,0,2,1,0,2,1,0,c08d1dae,3,f,0,0,0,00000004,3,1,0,0,1,"No Read Addr Cmds","No Read Addr Cmds","No Write Addr Cmds","No Write Addr Cmds","No Write Responses","No Write Responses","_","_","_","_","_","_","_","_","No Write Data Beats","No Write Data Beats"
1820,1820,0,0,1,1,0,0,0,8e5ffe20afb76fe31ba56e5faf65c9d2,0,3b9a3d13b8d6963fae1d8dc05a6037b2,0,1,0,1,ff81e4df,ffffffdb,0,1,0,0,0,00000000,"FIXED",3,00,"Data Secure Unprivileged","1 byte",0,0,00000000,"INCR",3,00,"Data Secure Unprivileged","4 bytes",0,0,ff8127fb,"OKAY",00000000,0,2,1,0,0,0,0,0,0,0,2,0,1,4,0,0,1,0,0037e400,"INCR",3,ff,0,"Data Secure Unprivileged",0,"4 bytes",0,00000000,"FIXED",0,00,0,"Data Secure Unprivileged",0,"1 byte",0,"OKAY",0,c08d1dae,"OKAY",00000000,4,2,0,1,0,0,0,0,2,0,1,0,2,1,0,2,1,0,c08d1dae,3,f,0,0,0,00000004,3,1,0,0,1,"No Read Addr Cmds","No Read Addr Cmds","No Write Addr Cmds","No Write Addr Cmds","No Write Responses","No Write Responses","_","_","_","_","_","_","_","_","No Write Data Beats","No Write Data Beats"
1821,1821,0,0,1,1,0,0,0,8e5ffe20afb76fe31ba56e5faf65c9d2,0,3b9a3d13b8d6963fae1d8dc05a6037b2,0,1,0,1,ff81e4df,ffffffdb,0,1,0,0,0,00000000,"FIXED",3,00,"Data Secure Unprivileged","1 byte",0,0,00000000,"INCR",3,00,"Data Secure Unprivileged","4 bytes",0,0,ff8127fb,"OKAY",00000000,0,2,1,0,0,0,0,0,0,0,2,0,1,4,0,0,1,0,0037e400,"INCR",3,ff,0,"Data Secure Unprivileged",0,"4 bytes",0,00000000,"FIXED",0,00,0,"Data Secure Unprivileged",0,"1 byte",0,"OKAY",0,c08d1dae,"OKAY",00000000,4,2,0,1,0,0,0,0,2,0,1,0,2,1,0,2,1,0,c08d1dae,3,f,0,0,0,00000004,3,1,0,0,1,"No Read Addr Cmds","No Read Addr Cmds","No Write Addr Cmds","No Write Addr Cmds","No Write Responses","No Write Responses","_","_","_","_","_","_","_","_","No Write Data Beats","No Write Data Beats"
1822,1822,0,0,1,1,0,0,0,8e5ffe20afb76fe31ba56e5faf65c9d2,0,3b9a3d13b8d6963fae1d8dc05a6037b2,0,1,0,1,ff81e4df,ffffffdb,0,1,0,0,0,00000000,"FIXED",3,00,"Data Secure Unprivileged","1 byte",0,0,00000000,"INCR",3,00,"Data Secure Unprivileged","4 bytes",0,0,ff8127fb,"OKAY",00000000,0,2,1,0,0,0,0,0,0,0,2,0,1,4,0,0,1,0,0037e400,"INCR",3,ff,0,"Data Secure Unprivileged",0,"4 bytes",0,00000000,"FIXED",0,00,0,"Data Secure Unprivileged",0,"1 byte",0,"OKAY",0,c08d1dae,"OKAY",00000000,4,2,0,1,0,0,0,0,2,0,1,0,2,1,0,2,1,0,c08d1dae,3,f,0,0,0,00000004,3,1,0,0,1,"No Read Addr Cmds","No Read Addr Cmds","No Write Addr Cmds","No Write Addr Cmds","No Write Responses","No Write Responses","_","_","_","_","_","_","_","_","No Write Data Beats","No Write Data Beats"
1823,1823,0,0,1,1,0,0,0,8e5ffe20afb76fe31ba56e5faf65c9d2,0,3b9a3d13b8d6963fae1d8dc05a6037b2,0,1,0,1,ff81e4df,ffffffdb,0,1,0,0,0,00000000,"FIXED",3,00,"Data Secure Unprivileged","1 byte",0,0,00000000,"INCR",3,00,"Data Secure Unprivileged","4 bytes",0,0,ff8127fb,"OKAY",00000000,0,2,1,0,0,0,0,0,0,0,2,0,1,4,0,0,1,0,0037e400,"INCR",3,ff,0,"Data Secure Unprivileged",0,"4 bytes",0,00000000,"FIXED",0,00,0,"Data Secure Unprivileged",0,"1 byte",0,"OKAY",0,c08d1dae,"OKAY",00000000,4,2,0,1,0,0,0,0,2,0,1,0,2,1,0,2,1,0,c08d1dae,3,f,0,0,0,00000004,3,1,0,0,1,"No Read Addr Cmds","No Read Addr Cmds","No Write Addr Cmds","No Write Addr Cmds","No Write Responses","No Write Responses","_","_","_","_","_","_","_","_","No Write Data Beats","No Write Data Beats"
1824,1824,0,0,1,1,0,0,0,8e5ffe20afb76fe31ba56e5faf65c9d2,0,3b9a3d13b8d6963fae1d8dc05a6037b2,0,1,0,1,ff81e4df,ffffffdb,0,1,0,0,0,00000000,"FIXED",3,00,"Data Secure Unprivileged","1 byte",0,0,00000000,"INCR",3,00,"Data Secure Unprivileged","4 bytes",0,0,ff8127fb,"OKAY",00000000,0,2,1,0,0,0,0,0,0,0,2,0,1,4,0,0,1,0,0037e400,"INCR",3,ff,0,"Data Secure Unprivileged",0,"4 bytes",0,00000000,"FIXED",0,00,0,"Data Secure Unprivileged",0,"1 byte",0,"OKAY",0,c08d1dae,"OKAY",00000000,4,2,0,1,0,0,0,0,2,0,1,0,2,1,0,2,1,0,c08d1dae,3,f,0,0,0,00000004,3,1,0,0,1,"No Read Addr Cmds","No Read Addr Cmds","No Write Addr Cmds","No Write Addr Cmds","No Write Responses","No Write Responses","_","_","_","_","_","_","_","_","No Write Data Beats","No Write Data Beats"
1825,1825,0,0,1,1,0,0,0,8e5ffe20afb76fe31ba56e5faf65c9d2,0,3b9a3d13b8d6963fae1d8dc05a6037b2,0,1,0,1,ff81e4df,ffffffdb,0,1,0,0,0,00000000,"FIXED",3,00,"Data Secure Unprivileged","1 byte",0,0,00000000,"INCR",3,00,"Data Secure Unprivileged","4 bytes",0,0,ff8127fb,"OKAY",00000000,0,2,1,0,0,0,0,0,0,0,2,0,1,4,0,0,1,0,0037e400,"INCR",3,ff,0,"Data Secure Unprivileged",0,"4 bytes",0,00000000,"FIXED",0,00,0,"Data Secure Unprivileged",0,"1 byte",0,"OKAY",0,c08d1dae,"OKAY",00000000,4,2,0,1,0,0,0,0,2,0,1,0,2,1,0,2,1,0,c08d1dae,3,f,0,0,0,00000004,3,1,0,0,1,"No Read Addr Cmds","No Read Addr Cmds","No Write Addr Cmds","No Write Addr Cmds","No Write Responses","No Write Responses","_","_","_","_","_","_","_","_","No Write Data Beats","No Write Data Beats"
1826,1826,0,0,1,1,0,0,0,8e5ffe20afb76fe31ba56e5faf65c9d2,0,3b9a3d13b8d6963fae1d8dc05a6037b2,0,1,0,1,ff81e4df,ffffffdb,0,1,0,0,0,00000000,"FIXED",3,00,"Data Secure Unprivileged","1 byte",0,0,00000000,"INCR",3,00,"Data Secure Unprivileged","4 bytes",0,0,ff8127fb,"OKAY",00000000,0,2,1,0,0,0,0,0,0,0,2,0,1,4,0,0,1,0,0037e400,"INCR",3,ff,0,"Data Secure Unprivileged",0,"4 bytes",0,00000000,"FIXED",0,00,0,"Data Secure Unprivileged",0,"1 byte",0,"OKAY",0,c08d1dae,"OKAY",00000000,4,2,0,1,0,0,0,0,2,0,1,0,2,1,0,2,1,0,c08d1dae,3,f,0,0,0,00000004,3,1,0,0,1,"No Read Addr Cmds","No Read Addr Cmds","No Write Addr Cmds","No Write Addr Cmds","No Write Responses","No Write Responses","_","_","_","_","_","_","_","_","No Write Data Beats","No Write Data Beats"
1827,1827,0,0,1,1,0,0,0,8e5ffe20afb76fe31ba56e5faf65c9d2,0,3b9a3d13b8d6963fae1d8dc05a6037b2,0,1,0,1,ff81e4df,ffffffdb,0,1,0,0,0,00000000,"FIXED",3,00,"Data Secure Unprivileged","1 byte",0,0,00000000,"INCR",3,00,"Data Secure Unprivileged","4 bytes",0,0,ff8127fb,"OKAY",00000000,0,2,1,0,0,0,0,0,0,0,2,0,1,4,0,0,1,0,0037e400,"INCR",3,ff,0,"Data Secure Unprivileged",0,"4 bytes",0,00000000,"FIXED",0,00,0,"Data Secure Unprivileged",0,"1 byte",0,"OKAY",0,c08d1dae,"OKAY",00000000,4,2,0,1,0,0,0,0,2,0,1,0,2,1,0,2,1,0,c08d1dae,3,f,0,0,0,00000004,3,1,0,0,1,"No Read Addr Cmds","No Read Addr Cmds","No Write Addr Cmds","No Write Addr Cmds","No Write Responses","No Write Responses","_","_","_","_","_","_","_","_","No Write Data Beats","No Write Data Beats"
1828,1828,0,0,1,1,0,0,0,8e5ffe20afb76fe31ba56e5faf65c9d2,0,3b9a3d13b8d6963fae1d8dc05a6037b2,0,1,0,1,ff81e4df,ffffffdb,0,1,0,0,0,00000000,"FIXED",3,00,"Data Secure Unprivileged","1 byte",0,0,00000000,"INCR",3,00,"Data Secure Unprivileged","4 bytes",0,0,ff8127fb,"OKAY",00000000,0,2,1,0,0,0,0,0,0,0,2,0,1,4,0,0,1,0,0037e400,"INCR",3,ff,0,"Data Secure Unprivileged",0,"4 bytes",0,00000000,"FIXED",0,00,0,"Data Secure Unprivileged",0,"1 byte",0,"OKAY",0,c08d1dae,"OKAY",00000000,4,2,0,1,0,0,0,0,2,0,1,0,2,1,0,2,1,0,c08d1dae,3,f,0,0,0,00000004,3,1,0,0,1,"No Read Addr Cmds","No Read Addr Cmds","No Write Addr Cmds","No Write Addr Cmds","No Write Responses","No Write Responses","_","_","_","_","_","_","_","_","No Write Data Beats","No Write Data Beats"
1829,1829,0,0,1,1,0,0,0,8e5ffe20afb76fe31ba56e5faf65c9d2,0,3b9a3d13b8d6963fae1d8dc05a6037b2,0,1,0,1,ff81e4df,ffffffdb,0,1,0,0,0,00000000,"FIXED",3,00,"Data Secure Unprivileged","1 byte",0,0,00000000,"INCR",3,00,"Data Secure Unprivileged","4 bytes",0,0,ff8127fb,"OKAY",00000000,0,2,1,0,0,0,0,0,0,0,2,0,1,4,0,0,1,0,0037e400,"INCR",3,ff,0,"Data Secure Unprivileged",0,"4 bytes",0,00000000,"FIXED",0,00,0,"Data Secure Unprivileged",0,"1 byte",0,"OKAY",0,c08d1dae,"OKAY",00000000,4,2,0,1,0,0,0,0,2,0,1,0,2,1,0,2,1,0,c08d1dae,3,f,0,0,0,00000004,3,1,0,0,1,"No Read Addr Cmds","No Read Addr Cmds","No Write Addr Cmds","No Write Addr Cmds","No Write Responses","No Write Responses","_","_","_","_","_","_","_","_","No Write Data Beats","No Write Data Beats"
1830,1830,0,0,1,1,0,0,0,8e5ffe20afb76fe31ba56e5faf65c9d2,0,3b9a3d13b8d6963fae1d8dc05a6037b2,0,1,0,1,ff81e4df,ffffffdb,0,1,0,0,0,00000000,"FIXED",3,00,"Data Secure Unprivileged","1 byte",0,0,00000000,"INCR",3,00,"Data Secure Unprivileged","4 bytes",0,0,ff8127fb,"OKAY",00000000,0,2,1,0,0,0,0,0,0,0,2,0,1,4,0,0,1,0,0037e400,"INCR",3,ff,0,"Data Secure Unprivileged",0,"4 bytes",0,00000000,"FIXED",0,00,0,"Data Secure Unprivileged",0,"1 byte",0,"OKAY",0,c08d1dae,"OKAY",00000000,4,2,0,1,0,0,0,0,2,0,1,0,2,1,0,2,1,0,c08d1dae,3,f,0,0,0,00000004,3,1,0,0,1,"No Read Addr Cmds","No Read Addr Cmds","No Write Addr Cmds","No Write Addr Cmds","No Write Responses","No Write Responses","_","_","_","_","_","_","_","_","No Write Data Beats","No Write Data Beats"
1831,1831,0,0,1,1,0,0,0,8e5ffe20afb76fe31ba56e5faf65c9d2,0,3b9a3d13b8d6963fae1d8dc05a6037b2,0,1,0,1,ff81e4df,ffffffdb,0,1,0,0,0,00000000,"FIXED",3,00,"Data Secure Unprivileged","1 byte",0,0,00000000,"INCR",3,00,"Data Secure Unprivileged","4 bytes",0,0,ff8127fb,"OKAY",00000000,0,2,1,0,0,0,0,0,0,0,2,0,1,4,0,0,1,0,0037e400,"INCR",3,ff,0,"Data Secure Unprivileged",0,"4 bytes",0,00000000,"FIXED",0,00,0,"Data Secure Unprivileged",0,"1 byte",0,"OKAY",0,c08d1dae,"OKAY",00000000,4,2,0,1,0,0,0,0,2,0,1,0,2,1,0,2,1,0,c08d1dae,3,f,0,0,0,00000004,3,1,0,0,1,"No Read Addr Cmds","No Read Addr Cmds","No Write Addr Cmds","No Write Addr Cmds","No Write Responses","No Write Responses","_","_","_","_","_","_","_","_","No Write Data Beats","No Write Data Beats"
1832,1832,0,0,1,1,0,0,0,8e5ffe20afb76fe31ba56e5faf65c9d2,0,3b9a3d13b8d6963fae1d8dc05a6037b2,0,1,0,1,ff81e4df,ffffffdb,0,1,0,0,0,00000000,"FIXED",3,00,"Data Secure Unprivileged","1 byte",0,0,00000000,"INCR",3,00,"Data Secure Unprivileged","4 bytes",0,0,ff8127fb,"OKAY",00000000,0,2,1,0,0,0,0,0,0,0,2,0,1,4,0,0,1,0,0037e400,"INCR",3,ff,0,"Data Secure Unprivileged",0,"4 bytes",0,00000000,"FIXED",0,00,0,"Data Secure Unprivileged",0,"1 byte",0,"OKAY",0,c08d1dae,"OKAY",00000000,4,2,0,1,0,0,0,0,2,0,1,0,2,1,0,2,1,0,c08d1dae,3,f,0,0,0,00000004,3,1,0,0,1,"No Read Addr Cmds","No Read Addr Cmds","No Write Addr Cmds","No Write Addr Cmds","No Write Responses","No Write Responses","_","_","_","_","_","_","_","_","No Write Data Beats","No Write Data Beats"
1833,1833,0,0,1,1,0,0,0,8e5ffe20afb76fe31ba56e5faf65c9d2,0,3b9a3d13b8d6963fae1d8dc05a6037b2,0,1,0,1,ff81e4df,ffffffdb,0,1,0,0,0,00000000,"FIXED",3,00,"Data Secure Unprivileged","1 byte",0,0,00000000,"INCR",3,00,"Data Secure Unprivileged","4 bytes",0,0,ff8127fb,"OKAY",00000000,0,2,1,0,0,0,0,0,0,0,2,0,1,4,0,0,1,0,0037e400,"INCR",3,ff,0,"Data Secure Unprivileged",0,"4 bytes",0,00000000,"FIXED",0,00,0,"Data Secure Unprivileged",0,"1 byte",0,"OKAY",0,c08d1dae,"OKAY",00000000,4,2,0,1,0,0,0,0,2,0,1,0,2,1,0,2,1,0,c08d1dae,3,f,0,0,0,00000004,3,1,0,0,1,"No Read Addr Cmds","No Read Addr Cmds","No Write Addr Cmds","No Write Addr Cmds","No Write Responses","No Write Responses","_","_","_","_","_","_","_","_","No Write Data Beats","No Write Data Beats"
1834,1834,0,0,1,1,0,0,0,8e5ffe20afb76fe31ba56e5faf65c9d2,0,3b9a3d13b8d6963fae1d8dc05a6037b2,0,1,0,1,ff81e4df,ffffffdb,0,1,0,0,0,00000000,"FIXED",3,00,"Data Secure Unprivileged","1 byte",0,0,00000000,"INCR",3,00,"Data Secure Unprivileged","4 bytes",0,0,ff8127fb,"OKAY",00000000,0,2,1,0,0,0,0,0,0,0,2,0,1,4,0,0,1,0,0037e400,"INCR",3,ff,0,"Data Secure Unprivileged",0,"4 bytes",0,00000000,"FIXED",0,00,0,"Data Secure Unprivileged",0,"1 byte",0,"OKAY",0,c08d1dae,"OKAY",00000000,4,2,0,1,0,0,0,0,2,0,1,0,2,1,0,2,1,0,c08d1dae,3,f,0,0,0,00000004,3,1,0,0,1,"No Read Addr Cmds","No Read Addr Cmds","No Write Addr Cmds","No Write Addr Cmds","No Write Responses","No Write Responses","_","_","_","_","_","_","_","_","No Write Data Beats","No Write Data Beats"
1835,1835,0,0,1,1,0,0,0,8e5ffe20afb76fe31ba56e5faf65c9d2,0,3b9a3d13b8d6963fae1d8dc05a6037b2,0,1,0,1,ff81e4df,ffffffdb,0,1,0,0,0,00000000,"FIXED",3,00,"Data Secure Unprivileged","1 byte",0,0,00000000,"INCR",3,00,"Data Secure Unprivileged","4 bytes",0,0,ff8127fb,"OKAY",00000000,0,2,1,0,0,0,0,0,0,0,2,0,1,4,0,0,1,0,0037e400,"INCR",3,ff,0,"Data Secure Unprivileged",0,"4 bytes",0,00000000,"FIXED",0,00,0,"Data Secure Unprivileged",0,"1 byte",0,"OKAY",0,c08d1dae,"OKAY",00000000,4,2,0,1,0,0,0,0,2,0,1,0,2,1,0,2,1,0,c08d1dae,3,f,0,0,0,00000004,3,1,0,0,1,"No Read Addr Cmds","No Read Addr Cmds","No Write Addr Cmds","No Write Addr Cmds","No Write Responses","No Write Responses","_","_","_","_","_","_","_","_","No Write Data Beats","No Write Data Beats"
1836,1836,0,0,1,1,0,0,0,8e5ffe20afb76fe31ba56e5faf65c9d2,0,3b9a3d13b8d6963fae1d8dc05a6037b2,0,1,0,1,ff81e4df,ffffffdb,0,1,0,0,0,00000000,"FIXED",3,00,"Data Secure Unprivileged","1 byte",0,0,00000000,"INCR",3,00,"Data Secure Unprivileged","4 bytes",0,0,ff8127fb,"OKAY",00000000,0,2,1,0,0,0,0,0,0,0,2,0,1,4,0,0,1,0,0037e400,"INCR",3,ff,0,"Data Secure Unprivileged",0,"4 bytes",0,00000000,"FIXED",0,00,0,"Data Secure Unprivileged",0,"1 byte",0,"OKAY",0,c08d1dae,"OKAY",00000000,4,2,0,1,0,0,0,0,2,0,1,0,2,1,0,2,1,0,c08d1dae,3,f,0,0,0,00000004,3,1,0,0,1,"No Read Addr Cmds","No Read Addr Cmds","No Write Addr Cmds","No Write Addr Cmds","No Write Responses","No Write Responses","_","_","_","_","_","_","_","_","No Write Data Beats","No Write Data Beats"
1837,1837,0,0,1,1,0,0,0,8e5ffe20afb76fe31ba56e5faf65c9d2,0,3b9a3d13b8d6963fae1d8dc05a6037b2,0,1,0,1,ff81e4df,ffffffdb,0,1,0,0,0,00000000,"FIXED",3,00,"Data Secure Unprivileged","1 byte",0,0,00000000,"INCR",3,00,"Data Secure Unprivileged","4 bytes",0,0,ff8127fb,"OKAY",00000000,0,2,1,0,0,0,0,0,0,0,2,0,1,4,0,0,1,0,0037e400,"INCR",3,ff,0,"Data Secure Unprivileged",0,"4 bytes",0,00000000,"FIXED",0,00,0,"Data Secure Unprivileged",0,"1 byte",0,"OKAY",0,c08d1dae,"OKAY",00000000,4,2,0,1,0,0,0,0,2,0,1,0,2,1,0,2,1,0,c08d1dae,3,f,0,0,0,00000004,3,1,0,0,1,"No Read Addr Cmds","No Read Addr Cmds","No Write Addr Cmds","No Write Addr Cmds","No Write Responses","No Write Responses","_","_","_","_","_","_","_","_","No Write Data Beats","No Write Data Beats"
1838,1838,0,0,1,1,0,0,0,8e5ffe20afb76fe31ba56e5faf65c9d2,0,3b9a3d13b8d6963fae1d8dc05a6037b2,0,1,0,1,ff81e4df,ffffffdb,0,1,0,0,0,00000000,"FIXED",3,00,"Data Secure Unprivileged","1 byte",0,0,00000000,"INCR",3,00,"Data Secure Unprivileged","4 bytes",0,0,ff8127fb,"OKAY",00000000,0,2,1,0,0,0,0,0,0,0,2,0,1,4,0,0,1,0,0037e400,"INCR",3,ff,0,"Data Secure Unprivileged",0,"4 bytes",0,00000000,"FIXED",0,00,0,"Data Secure Unprivileged",0,"1 byte",0,"OKAY",0,c08d1dae,"OKAY",00000000,4,2,0,1,0,0,0,0,2,0,1,0,2,1,0,2,1,0,c08d1dae,3,f,0,0,0,00000004,3,1,0,0,1,"No Read Addr Cmds","No Read Addr Cmds","No Write Addr Cmds","No Write Addr Cmds","No Write Responses","No Write Responses","_","_","_","_","_","_","_","_","No Write Data Beats","No Write Data Beats"
1839,1839,0,0,1,1,0,0,0,8e5ffe20afb76fe31ba56e5faf65c9d2,0,3b9a3d13b8d6963fae1d8dc05a6037b2,0,1,0,1,ff81e4df,ffffffdb,0,1,0,0,0,00000000,"FIXED",3,00,"Data Secure Unprivileged","1 byte",0,0,00000000,"INCR",3,00,"Data Secure Unprivileged","4 bytes",0,0,ff8127fb,"OKAY",00000000,0,2,1,0,0,0,0,0,0,0,2,0,1,4,0,0,1,0,0037e400,"INCR",3,ff,0,"Data Secure Unprivileged",0,"4 bytes",0,00000000,"FIXED",0,00,0,"Data Secure Unprivileged",0,"1 byte",0,"OKAY",0,c08d1dae,"OKAY",00000000,4,2,0,1,0,0,0,0,2,0,1,0,2,1,0,2,1,0,c08d1dae,3,f,0,0,0,00000004,3,1,0,0,1,"No Read Addr Cmds","No Read Addr Cmds","No Write Addr Cmds","No Write Addr Cmds","No Write Responses","No Write Responses","_","_","_","_","_","_","_","_","No Write Data Beats","No Write Data Beats"
1840,1840,0,0,1,1,0,0,0,8e5ffe20afb76fe31ba56e5faf65c9d2,0,3b9a3d13b8d6963fae1d8dc05a6037b2,0,1,0,1,ff81e4df,ffffffdb,0,1,0,0,0,00000000,"FIXED",3,00,"Data Secure Unprivileged","1 byte",0,0,00000000,"INCR",3,00,"Data Secure Unprivileged","4 bytes",0,0,ff8127fb,"OKAY",00000000,0,2,1,0,0,0,0,0,0,0,2,0,1,4,0,0,1,0,0037e400,"INCR",3,ff,0,"Data Secure Unprivileged",0,"4 bytes",0,00000000,"FIXED",0,00,0,"Data Secure Unprivileged",0,"1 byte",0,"OKAY",0,c08d1dae,"OKAY",00000000,4,2,0,1,0,0,0,0,2,0,1,0,2,1,0,2,1,0,c08d1dae,3,f,0,0,0,00000004,3,1,0,0,1,"No Read Addr Cmds","No Read Addr Cmds","No Write Addr Cmds","No Write Addr Cmds","No Write Responses","No Write Responses","_","_","_","_","_","_","_","_","No Write Data Beats","No Write Data Beats"
1841,1841,0,0,1,1,0,0,0,8e5ffe20afb76fe31ba56e5faf65c9d2,0,3b9a3d13b8d6963fae1d8dc05a6037b2,0,1,0,1,ff81e4df,ffffffdb,0,1,0,0,0,00000000,"FIXED",3,00,"Data Secure Unprivileged","1 byte",0,0,00000000,"INCR",3,00,"Data Secure Unprivileged","4 bytes",0,0,ff8127fb,"OKAY",00000000,0,2,1,0,0,0,0,0,0,0,2,0,1,4,0,0,1,0,0037e400,"INCR",3,ff,0,"Data Secure Unprivileged",0,"4 bytes",0,00000000,"FIXED",0,00,0,"Data Secure Unprivileged",0,"1 byte",0,"OKAY",0,c08d1dae,"OKAY",00000000,4,2,0,1,0,0,0,0,2,0,1,0,2,1,0,2,1,0,c08d1dae,3,f,0,0,0,00000004,3,1,0,0,1,"No Read Addr Cmds","No Read Addr Cmds","No Write Addr Cmds","No Write Addr Cmds","No Write Responses","No Write Responses","_","_","_","_","_","_","_","_","No Write Data Beats","No Write Data Beats"
1842,1842,0,0,1,1,0,0,0,8e5ffe20afb76fe31ba56e5faf65c9d2,0,3b9a3d13b8d6963fae1d8dc05a6037b2,0,1,0,1,ff81e4df,ffffffdb,0,1,0,0,0,00000000,"FIXED",3,00,"Data Secure Unprivileged","1 byte",0,0,00000000,"INCR",3,00,"Data Secure Unprivileged","4 bytes",0,0,ff8127fb,"OKAY",00000000,0,2,1,0,0,0,0,0,0,0,2,0,1,4,0,0,1,0,0037e400,"INCR",3,ff,0,"Data Secure Unprivileged",0,"4 bytes",0,00000000,"FIXED",0,00,0,"Data Secure Unprivileged",0,"1 byte",0,"OKAY",0,c08d1dae,"OKAY",00000000,4,2,0,1,0,0,0,0,2,0,1,0,2,1,0,2,1,0,c08d1dae,3,f,0,0,0,00000004,3,1,0,0,1,"No Read Addr Cmds","No Read Addr Cmds","No Write Addr Cmds","No Write Addr Cmds","No Write Responses","No Write Responses","_","_","_","_","_","_","_","_","No Write Data Beats","No Write Data Beats"
1843,1843,0,0,1,1,0,0,0,8e5ffe20afb76fe31ba56e5faf65c9d2,0,3b9a3d13b8d6963fae1d8dc05a6037b2,0,1,0,1,ff81e4df,ffffffdb,0,1,0,0,0,00000000,"FIXED",3,00,"Data Secure Unprivileged","1 byte",0,0,00000000,"INCR",3,00,"Data Secure Unprivileged","4 bytes",0,0,ff8127fb,"OKAY",00000000,0,2,1,0,0,0,0,0,0,0,2,0,1,4,0,0,1,0,0037e400,"INCR",3,ff,0,"Data Secure Unprivileged",0,"4 bytes",0,00000000,"FIXED",0,00,0,"Data Secure Unprivileged",0,"1 byte",0,"OKAY",0,c08d1dae,"OKAY",00000000,4,2,0,1,0,0,0,0,2,0,1,0,2,1,0,2,1,0,c08d1dae,3,f,0,0,0,00000004,3,1,0,0,1,"No Read Addr Cmds","No Read Addr Cmds","No Write Addr Cmds","No Write Addr Cmds","No Write Responses","No Write Responses","_","_","_","_","_","_","_","_","No Write Data Beats","No Write Data Beats"
1844,1844,0,0,1,1,0,0,0,8e5ffe20afb76fe31ba56e5faf65c9d2,0,3b9a3d13b8d6963fae1d8dc05a6037b2,0,1,0,1,ff81e4df,ffffffdb,0,1,0,0,0,00000000,"FIXED",3,00,"Data Secure Unprivileged","1 byte",0,0,00000000,"INCR",3,00,"Data Secure Unprivileged","4 bytes",0,0,ff8127fb,"OKAY",00000000,0,2,1,0,0,0,0,0,0,0,2,0,1,4,0,0,1,0,0037e400,"INCR",3,ff,0,"Data Secure Unprivileged",0,"4 bytes",0,00000000,"FIXED",0,00,0,"Data Secure Unprivileged",0,"1 byte",0,"OKAY",0,c08d1dae,"OKAY",00000000,4,2,0,1,0,0,0,0,2,0,1,0,2,1,0,2,1,0,c08d1dae,3,f,0,0,0,00000004,3,1,0,0,1,"No Read Addr Cmds","No Read Addr Cmds","No Write Addr Cmds","No Write Addr Cmds","No Write Responses","No Write Responses","_","_","_","_","_","_","_","_","No Write Data Beats","No Write Data Beats"
1845,1845,0,0,1,1,0,0,0,8e5ffe20afb76fe31ba56e5faf65c9d2,0,3b9a3d13b8d6963fae1d8dc05a6037b2,0,1,0,1,ff81e4df,ffffffdb,0,1,0,0,0,00000000,"FIXED",3,00,"Data Secure Unprivileged","1 byte",0,0,00000000,"INCR",3,00,"Data Secure Unprivileged","4 bytes",0,0,ff8127fb,"OKAY",00000000,0,2,1,0,0,0,0,0,0,0,2,0,1,4,0,0,1,0,0037e400,"INCR",3,ff,0,"Data Secure Unprivileged",0,"4 bytes",0,00000000,"FIXED",0,00,0,"Data Secure Unprivileged",0,"1 byte",0,"OKAY",0,c08d1dae,"OKAY",00000000,4,2,0,1,0,0,0,0,2,0,1,0,2,1,0,2,1,0,c08d1dae,3,f,0,0,0,00000004,3,1,0,0,1,"No Read Addr Cmds","No Read Addr Cmds","No Write Addr Cmds","No Write Addr Cmds","No Write Responses","No Write Responses","_","_","_","_","_","_","_","_","No Write Data Beats","No Write Data Beats"
1846,1846,0,0,1,1,0,0,0,8e5ffe20afb76fe31ba56e5faf65c9d2,0,3b9a3d13b8d6963fae1d8dc05a6037b2,0,1,0,1,ff81e4df,ffffffdb,0,1,0,0,0,00000000,"FIXED",3,00,"Data Secure Unprivileged","1 byte",0,0,00000000,"INCR",3,00,"Data Secure Unprivileged","4 bytes",0,0,ff8127fb,"OKAY",00000000,0,2,1,0,0,0,0,0,0,0,2,0,1,4,0,0,1,0,0037e400,"INCR",3,ff,0,"Data Secure Unprivileged",0,"4 bytes",0,00000000,"FIXED",0,00,0,"Data Secure Unprivileged",0,"1 byte",0,"OKAY",0,c08d1dae,"OKAY",00000000,4,2,0,1,0,0,0,0,2,0,1,0,2,1,0,2,1,0,c08d1dae,3,f,0,0,0,00000004,3,1,0,0,1,"No Read Addr Cmds","No Read Addr Cmds","No Write Addr Cmds","No Write Addr Cmds","No Write Responses","No Write Responses","_","_","_","_","_","_","_","_","No Write Data Beats","No Write Data Beats"
1847,1847,0,0,1,1,0,0,0,8e5ffe20afb76fe31ba56e5faf65c9d2,0,3b9a3d13b8d6963fae1d8dc05a6037b2,0,1,0,1,ff81e4df,ffffffdb,0,1,0,0,0,00000000,"FIXED",3,00,"Data Secure Unprivileged","1 byte",0,0,00000000,"INCR",3,00,"Data Secure Unprivileged","4 bytes",0,0,ff8127fb,"OKAY",00000000,0,2,1,0,0,0,0,0,0,0,2,0,1,4,0,0,1,0,0037e400,"INCR",3,ff,0,"Data Secure Unprivileged",0,"4 bytes",0,00000000,"FIXED",0,00,0,"Data Secure Unprivileged",0,"1 byte",0,"OKAY",0,c08d1dae,"OKAY",00000000,4,2,0,1,0,0,0,0,2,0,1,0,2,1,0,2,1,0,c08d1dae,3,f,0,0,0,00000004,3,1,0,0,1,"No Read Addr Cmds","No Read Addr Cmds","No Write Addr Cmds","No Write Addr Cmds","No Write Responses","No Write Responses","_","_","_","_","_","_","_","_","No Write Data Beats","No Write Data Beats"
1848,1848,0,0,1,1,0,0,0,8e5ffe20afb76fe31ba56e5faf65c9d2,0,3b9a3d13b8d6963fae1d8dc05a6037b2,0,1,0,1,ff81e4df,ffffffdb,0,1,0,0,0,00000000,"FIXED",3,00,"Data Secure Unprivileged","1 byte",0,0,00000000,"INCR",3,00,"Data Secure Unprivileged","4 bytes",0,0,ff8127fb,"OKAY",00000000,0,2,1,0,0,0,0,0,0,0,2,0,1,4,0,0,1,0,0037e400,"INCR",3,ff,0,"Data Secure Unprivileged",0,"4 bytes",0,00000000,"FIXED",0,00,0,"Data Secure Unprivileged",0,"1 byte",0,"OKAY",0,c08d1dae,"OKAY",00000000,4,2,0,1,0,0,0,0,2,0,1,0,2,1,0,2,1,0,c08d1dae,3,f,0,0,0,00000004,3,1,0,0,1,"No Read Addr Cmds","No Read Addr Cmds","No Write Addr Cmds","No Write Addr Cmds","No Write Responses","No Write Responses","_","_","_","_","_","_","_","_","No Write Data Beats","No Write Data Beats"
1849,1849,0,0,1,1,0,0,0,8e5ffe20afb76fe31ba56e5faf65c9d2,0,3b9a3d13b8d6963fae1d8dc05a6037b2,0,1,0,1,ff81e4df,ffffffdb,0,1,0,0,0,00000000,"FIXED",3,00,"Data Secure Unprivileged","1 byte",0,0,00000000,"INCR",3,00,"Data Secure Unprivileged","4 bytes",0,0,ff8127fb,"OKAY",00000000,0,2,1,0,0,0,0,0,0,0,2,0,1,4,0,0,1,0,0037e400,"INCR",3,ff,0,"Data Secure Unprivileged",0,"4 bytes",0,00000000,"FIXED",0,00,0,"Data Secure Unprivileged",0,"1 byte",0,"OKAY",0,c08d1dae,"OKAY",00000000,4,2,0,1,0,0,0,0,2,0,1,0,2,1,0,2,1,0,c08d1dae,3,f,0,0,0,00000004,3,1,0,0,1,"No Read Addr Cmds","No Read Addr Cmds","No Write Addr Cmds","No Write Addr Cmds","No Write Responses","No Write Responses","_","_","_","_","_","_","_","_","No Write Data Beats","No Write Data Beats"
1850,1850,0,0,1,1,0,0,0,8e5ffe20afb76fe31ba56e5faf65c9d2,0,3b9a3d13b8d6963fae1d8dc05a6037b2,0,1,0,1,ff81e4df,ffffffdb,0,1,0,0,0,00000000,"FIXED",3,00,"Data Secure Unprivileged","1 byte",0,0,00000000,"INCR",3,00,"Data Secure Unprivileged","4 bytes",0,0,ff8127fb,"OKAY",00000000,0,2,1,0,0,0,0,0,0,0,2,0,1,4,0,0,1,0,0037e400,"INCR",3,ff,0,"Data Secure Unprivileged",0,"4 bytes",0,00000000,"FIXED",0,00,0,"Data Secure Unprivileged",0,"1 byte",0,"OKAY",0,c08d1dae,"OKAY",00000000,4,2,0,1,0,0,0,0,2,0,1,0,2,1,0,2,1,0,c08d1dae,3,f,0,0,0,00000004,3,1,0,0,1,"No Read Addr Cmds","No Read Addr Cmds","No Write Addr Cmds","No Write Addr Cmds","No Write Responses","No Write Responses","_","_","_","_","_","_","_","_","No Write Data Beats","No Write Data Beats"
1851,1851,0,0,1,1,0,0,0,8e5ffe20afb76fe31ba56e5faf65c9d2,0,3b9a3d13b8d6963fae1d8dc05a6037b2,0,1,0,1,ff81e4df,ffffffdb,0,1,0,0,0,00000000,"FIXED",3,00,"Data Secure Unprivileged","1 byte",0,0,00000000,"INCR",3,00,"Data Secure Unprivileged","4 bytes",0,0,ff8127fb,"OKAY",00000000,0,2,1,0,0,0,0,0,0,0,2,0,1,4,0,0,1,0,0037e400,"INCR",3,ff,0,"Data Secure Unprivileged",0,"4 bytes",0,00000000,"FIXED",0,00,0,"Data Secure Unprivileged",0,"1 byte",0,"OKAY",0,c08d1dae,"OKAY",00000000,4,2,0,1,0,0,0,0,2,0,1,0,2,1,0,2,1,0,c08d1dae,3,f,0,0,0,00000004,3,1,0,0,1,"No Read Addr Cmds","No Read Addr Cmds","No Write Addr Cmds","No Write Addr Cmds","No Write Responses","No Write Responses","_","_","_","_","_","_","_","_","No Write Data Beats","No Write Data Beats"
1852,1852,0,0,1,1,0,0,0,8e5ffe20afb76fe31ba56e5faf65c9d2,0,3b9a3d13b8d6963fae1d8dc05a6037b2,0,1,0,1,ff81e4df,ffffffdb,0,1,0,0,0,00000000,"FIXED",3,00,"Data Secure Unprivileged","1 byte",0,0,00000000,"INCR",3,00,"Data Secure Unprivileged","4 bytes",0,0,ff8127fb,"OKAY",00000000,0,2,1,0,0,0,0,0,0,0,2,0,1,4,0,0,1,0,0037e400,"INCR",3,ff,0,"Data Secure Unprivileged",0,"4 bytes",0,00000000,"FIXED",0,00,0,"Data Secure Unprivileged",0,"1 byte",0,"OKAY",0,c08d1dae,"OKAY",00000000,4,2,0,1,0,0,0,0,2,0,1,0,2,1,0,2,1,0,c08d1dae,3,f,0,0,0,00000004,3,1,0,0,1,"No Read Addr Cmds","No Read Addr Cmds","No Write Addr Cmds","No Write Addr Cmds","No Write Responses","No Write Responses","_","_","_","_","_","_","_","_","No Write Data Beats","No Write Data Beats"
1853,1853,0,0,1,1,0,0,0,8e5ffe20afb76fe31ba56e5faf65c9d2,0,3b9a3d13b8d6963fae1d8dc05a6037b2,0,1,0,1,ff81e4df,ffffffdb,0,1,0,0,0,00000000,"FIXED",3,00,"Data Secure Unprivileged","1 byte",0,0,00000000,"INCR",3,00,"Data Secure Unprivileged","4 bytes",0,0,ff8127fb,"OKAY",00000000,0,2,1,0,0,0,0,0,0,0,2,0,1,4,0,0,1,0,0037e400,"INCR",3,ff,0,"Data Secure Unprivileged",0,"4 bytes",0,00000000,"FIXED",0,00,0,"Data Secure Unprivileged",0,"1 byte",0,"OKAY",0,c08d1dae,"OKAY",00000000,4,2,0,1,0,0,0,0,2,0,1,0,2,1,0,2,1,0,c08d1dae,3,f,0,0,0,00000004,3,1,0,0,1,"No Read Addr Cmds","No Read Addr Cmds","No Write Addr Cmds","No Write Addr Cmds","No Write Responses","No Write Responses","_","_","_","_","_","_","_","_","No Write Data Beats","No Write Data Beats"
1854,1854,0,0,1,1,0,0,0,8e5ffe20afb76fe31ba56e5faf65c9d2,0,3b9a3d13b8d6963fae1d8dc05a6037b2,0,1,0,1,ff81e4df,ffffffdb,0,1,0,0,0,00000000,"FIXED",3,00,"Data Secure Unprivileged","1 byte",0,0,00000000,"INCR",3,00,"Data Secure Unprivileged","4 bytes",0,0,ff8127fb,"OKAY",00000000,0,2,1,0,0,0,0,0,0,0,2,0,1,4,0,0,1,0,0037e400,"INCR",3,ff,0,"Data Secure Unprivileged",0,"4 bytes",0,00000000,"FIXED",0,00,0,"Data Secure Unprivileged",0,"1 byte",0,"OKAY",0,c08d1dae,"OKAY",00000000,4,2,0,1,0,0,0,0,2,0,1,0,2,1,0,2,1,0,c08d1dae,3,f,0,0,0,00000004,3,1,0,0,1,"No Read Addr Cmds","No Read Addr Cmds","No Write Addr Cmds","No Write Addr Cmds","No Write Responses","No Write Responses","_","_","_","_","_","_","_","_","No Write Data Beats","No Write Data Beats"
1855,1855,0,0,1,1,0,0,0,8e5ffe20afb76fe31ba56e5faf65c9d2,0,3b9a3d13b8d6963fae1d8dc05a6037b2,0,1,0,1,ff81e4df,ffffffdb,0,1,0,0,0,00000000,"FIXED",3,00,"Data Secure Unprivileged","1 byte",0,0,00000000,"INCR",3,00,"Data Secure Unprivileged","4 bytes",0,0,ff8127fb,"OKAY",00000000,0,2,1,0,0,0,0,0,0,0,2,0,1,4,0,0,1,0,0037e400,"INCR",3,ff,0,"Data Secure Unprivileged",0,"4 bytes",0,00000000,"FIXED",0,00,0,"Data Secure Unprivileged",0,"1 byte",0,"OKAY",0,c08d1dae,"OKAY",00000000,4,2,0,1,0,0,0,0,2,0,1,0,2,1,0,2,1,0,c08d1dae,3,f,0,0,0,00000004,3,1,0,0,1,"No Read Addr Cmds","No Read Addr Cmds","No Write Addr Cmds","No Write Addr Cmds","No Write Responses","No Write Responses","_","_","_","_","_","_","_","_","No Write Data Beats","No Write Data Beats"
1856,1856,0,0,1,1,0,0,0,8e5ffe20afb76fe31ba56e5faf65c9d2,0,3b9a3d13b8d6963fae1d8dc05a6037b2,0,1,0,1,ff81e4df,ffffffdb,0,1,0,0,0,00000000,"FIXED",3,00,"Data Secure Unprivileged","1 byte",0,0,00000000,"INCR",3,00,"Data Secure Unprivileged","4 bytes",0,0,ff8127fb,"OKAY",00000000,0,2,1,0,0,0,0,0,0,0,2,0,1,4,0,0,1,0,0037e400,"INCR",3,ff,0,"Data Secure Unprivileged",0,"4 bytes",0,00000000,"FIXED",0,00,0,"Data Secure Unprivileged",0,"1 byte",0,"OKAY",0,c08d1dae,"OKAY",00000000,4,2,0,1,0,0,0,0,2,0,1,0,2,1,0,2,1,0,c08d1dae,3,f,0,0,0,00000004,3,1,0,0,1,"No Read Addr Cmds","No Read Addr Cmds","No Write Addr Cmds","No Write Addr Cmds","No Write Responses","No Write Responses","_","_","_","_","_","_","_","_","No Write Data Beats","No Write Data Beats"
1857,1857,0,0,1,1,0,0,0,8e5ffe20afb76fe31ba56e5faf65c9d2,0,3b9a3d13b8d6963fae1d8dc05a6037b2,0,1,0,1,ff81e4df,ffffffdb,0,1,0,0,0,00000000,"FIXED",3,00,"Data Secure Unprivileged","1 byte",0,0,00000000,"INCR",3,00,"Data Secure Unprivileged","4 bytes",0,0,ff8127fb,"OKAY",00000000,0,2,1,0,0,0,0,0,0,0,2,0,1,4,0,0,1,0,0037e400,"INCR",3,ff,0,"Data Secure Unprivileged",0,"4 bytes",0,00000000,"FIXED",0,00,0,"Data Secure Unprivileged",0,"1 byte",0,"OKAY",0,c08d1dae,"OKAY",00000000,4,2,0,1,0,0,0,0,2,0,1,0,2,1,0,2,1,0,c08d1dae,3,f,0,0,0,00000004,3,1,0,0,1,"No Read Addr Cmds","No Read Addr Cmds","No Write Addr Cmds","No Write Addr Cmds","No Write Responses","No Write Responses","_","_","_","_","_","_","_","_","No Write Data Beats","No Write Data Beats"
1858,1858,0,0,1,1,0,0,0,8e5ffe20afb76fe31ba56e5faf65c9d2,0,3b9a3d13b8d6963fae1d8dc05a6037b2,0,1,0,1,ff81e4df,ffffffdb,0,1,0,0,0,00000000,"FIXED",3,00,"Data Secure Unprivileged","1 byte",0,0,00000000,"INCR",3,00,"Data Secure Unprivileged","4 bytes",0,0,ff8127fb,"OKAY",00000000,0,2,1,0,0,0,0,0,0,0,2,0,1,4,0,0,1,0,0037e400,"INCR",3,ff,0,"Data Secure Unprivileged",0,"4 bytes",0,00000000,"FIXED",0,00,0,"Data Secure Unprivileged",0,"1 byte",0,"OKAY",0,c08d1dae,"OKAY",00000000,4,2,0,1,0,0,0,0,2,0,1,0,2,1,0,2,1,0,c08d1dae,3,f,0,0,0,00000004,3,1,0,0,1,"No Read Addr Cmds","No Read Addr Cmds","No Write Addr Cmds","No Write Addr Cmds","No Write Responses","No Write Responses","_","_","_","_","_","_","_","_","No Write Data Beats","No Write Data Beats"
1859,1859,0,0,1,1,0,0,0,8e5ffe20afb76fe31ba56e5faf65c9d2,0,3b9a3d13b8d6963fae1d8dc05a6037b2,0,1,0,1,ff81e4df,ffffffdb,0,1,0,0,0,00000000,"FIXED",3,00,"Data Secure Unprivileged","1 byte",0,0,00000000,"INCR",3,00,"Data Secure Unprivileged","4 bytes",0,0,ff8127fb,"OKAY",00000000,0,2,1,0,0,0,0,0,0,0,2,0,1,4,0,0,1,0,0037e400,"INCR",3,ff,0,"Data Secure Unprivileged",0,"4 bytes",0,00000000,"FIXED",0,00,0,"Data Secure Unprivileged",0,"1 byte",0,"OKAY",0,c08d1dae,"OKAY",00000000,4,2,0,1,0,0,0,0,2,0,1,0,2,1,0,2,1,0,c08d1dae,3,f,0,0,0,00000004,3,1,0,0,1,"No Read Addr Cmds","No Read Addr Cmds","No Write Addr Cmds","No Write Addr Cmds","No Write Responses","No Write Responses","_","_","_","_","_","_","_","_","No Write Data Beats","No Write Data Beats"
1860,1860,0,0,1,1,0,0,0,8e5ffe20afb76fe31ba56e5faf65c9d2,0,3b9a3d13b8d6963fae1d8dc05a6037b2,0,1,0,1,ff81e4df,ffffffdb,0,1,0,0,0,00000000,"FIXED",3,00,"Data Secure Unprivileged","1 byte",0,0,00000000,"INCR",3,00,"Data Secure Unprivileged","4 bytes",0,0,ff8127fb,"OKAY",00000000,0,2,1,0,0,0,0,0,0,0,2,0,1,4,0,0,1,0,0037e400,"INCR",3,ff,0,"Data Secure Unprivileged",0,"4 bytes",0,00000000,"FIXED",0,00,0,"Data Secure Unprivileged",0,"1 byte",0,"OKAY",0,c08d1dae,"OKAY",00000000,4,2,0,1,0,0,0,0,2,0,1,0,2,1,0,2,1,0,c08d1dae,3,f,0,0,0,00000004,3,1,0,0,1,"No Read Addr Cmds","No Read Addr Cmds","No Write Addr Cmds","No Write Addr Cmds","No Write Responses","No Write Responses","_","_","_","_","_","_","_","_","No Write Data Beats","No Write Data Beats"
1861,1861,0,0,1,1,0,0,0,8e5ffe20afb76fe31ba56e5faf65c9d2,0,3b9a3d13b8d6963fae1d8dc05a6037b2,0,1,0,1,ff81e4df,ffffffdb,0,1,0,0,0,00000000,"FIXED",3,00,"Data Secure Unprivileged","1 byte",0,0,00000000,"INCR",3,00,"Data Secure Unprivileged","4 bytes",0,0,ff8127fb,"OKAY",00000000,0,2,1,0,0,0,0,0,0,0,2,0,1,4,0,0,1,0,0037e400,"INCR",3,ff,0,"Data Secure Unprivileged",0,"4 bytes",0,00000000,"FIXED",0,00,0,"Data Secure Unprivileged",0,"1 byte",0,"OKAY",0,c08d1dae,"OKAY",00000000,4,2,0,1,0,0,0,0,2,0,1,0,2,1,0,2,1,0,c08d1dae,3,f,0,0,0,00000004,3,1,0,0,1,"No Read Addr Cmds","No Read Addr Cmds","No Write Addr Cmds","No Write Addr Cmds","No Write Responses","No Write Responses","_","_","_","_","_","_","_","_","No Write Data Beats","No Write Data Beats"
1862,1862,0,0,1,1,0,0,0,8e5ffe20afb76fe31ba56e5faf65c9d2,0,3b9a3d13b8d6963fae1d8dc05a6037b2,0,1,0,1,ff81e4df,ffffffdb,0,1,0,0,0,00000000,"FIXED",3,00,"Data Secure Unprivileged","1 byte",0,0,00000000,"INCR",3,00,"Data Secure Unprivileged","4 bytes",0,0,ff8127fb,"OKAY",00000000,0,2,1,0,0,0,0,0,0,0,2,0,1,4,0,0,1,0,0037e400,"INCR",3,ff,0,"Data Secure Unprivileged",0,"4 bytes",0,00000000,"FIXED",0,00,0,"Data Secure Unprivileged",0,"1 byte",0,"OKAY",0,c08d1dae,"OKAY",00000000,4,2,0,1,0,0,0,0,2,0,1,0,2,1,0,2,1,0,c08d1dae,3,f,0,0,0,00000004,3,1,0,0,1,"No Read Addr Cmds","No Read Addr Cmds","No Write Addr Cmds","No Write Addr Cmds","No Write Responses","No Write Responses","_","_","_","_","_","_","_","_","No Write Data Beats","No Write Data Beats"
1863,1863,0,0,1,1,0,0,0,8e5ffe20afb76fe31ba56e5faf65c9d2,0,3b9a3d13b8d6963fae1d8dc05a6037b2,0,1,0,1,ff81e4df,ffffffdb,0,1,0,0,0,00000000,"FIXED",3,00,"Data Secure Unprivileged","1 byte",0,0,00000000,"INCR",3,00,"Data Secure Unprivileged","4 bytes",0,0,ff8127fb,"OKAY",00000000,0,2,1,0,0,0,0,0,0,0,2,0,1,4,0,0,1,0,0037e400,"INCR",3,ff,0,"Data Secure Unprivileged",0,"4 bytes",0,00000000,"FIXED",0,00,0,"Data Secure Unprivileged",0,"1 byte",0,"OKAY",0,c08d1dae,"OKAY",00000000,4,2,0,1,0,0,0,0,2,0,1,0,2,1,0,2,1,0,c08d1dae,3,f,0,0,0,00000004,3,1,0,0,1,"No Read Addr Cmds","No Read Addr Cmds","No Write Addr Cmds","No Write Addr Cmds","No Write Responses","No Write Responses","_","_","_","_","_","_","_","_","No Write Data Beats","No Write Data Beats"
1864,1864,0,0,1,1,0,0,0,8e5ffe20afb76fe31ba56e5faf65c9d2,0,3b9a3d13b8d6963fae1d8dc05a6037b2,0,1,0,1,ff81e4df,ffffffdb,0,1,0,0,0,00000000,"FIXED",3,00,"Data Secure Unprivileged","1 byte",0,0,00000000,"INCR",3,00,"Data Secure Unprivileged","4 bytes",0,0,ff8127fb,"OKAY",00000000,0,2,1,0,0,0,0,0,0,0,2,0,1,4,0,0,1,0,0037e400,"INCR",3,ff,0,"Data Secure Unprivileged",0,"4 bytes",0,00000000,"FIXED",0,00,0,"Data Secure Unprivileged",0,"1 byte",0,"OKAY",0,c08d1dae,"OKAY",00000000,4,2,0,1,0,0,0,0,2,0,1,0,2,1,0,2,1,0,c08d1dae,3,f,0,0,0,00000004,3,1,0,0,1,"No Read Addr Cmds","No Read Addr Cmds","No Write Addr Cmds","No Write Addr Cmds","No Write Responses","No Write Responses","_","_","_","_","_","_","_","_","No Write Data Beats","No Write Data Beats"
1865,1865,0,0,1,1,0,0,0,8e5ffe20afb76fe31ba56e5faf65c9d2,0,3b9a3d13b8d6963fae1d8dc05a6037b2,0,1,0,1,ff81e4df,ffffffdb,0,1,0,0,0,00000000,"FIXED",3,00,"Data Secure Unprivileged","1 byte",0,0,00000000,"INCR",3,00,"Data Secure Unprivileged","4 bytes",0,0,ff8127fb,"OKAY",00000000,0,2,1,0,0,0,0,0,0,0,2,0,1,4,0,0,1,0,0037e400,"INCR",3,ff,0,"Data Secure Unprivileged",0,"4 bytes",0,00000000,"FIXED",0,00,0,"Data Secure Unprivileged",0,"1 byte",0,"OKAY",0,c08d1dae,"OKAY",00000000,4,2,0,1,0,0,0,0,2,0,1,0,2,1,0,2,1,0,c08d1dae,3,f,0,0,0,00000004,3,1,0,0,1,"No Read Addr Cmds","No Read Addr Cmds","No Write Addr Cmds","No Write Addr Cmds","No Write Responses","No Write Responses","_","_","_","_","_","_","_","_","No Write Data Beats","No Write Data Beats"
1866,1866,0,0,1,1,0,0,0,8e5ffe20afb76fe31ba56e5faf65c9d2,0,3b9a3d13b8d6963fae1d8dc05a6037b2,0,1,0,1,ff81e4df,ffffffdb,0,1,0,0,0,00000000,"FIXED",3,00,"Data Secure Unprivileged","1 byte",0,0,00000000,"INCR",3,00,"Data Secure Unprivileged","4 bytes",0,0,ff8127fb,"OKAY",00000000,0,2,1,0,0,0,0,0,0,0,2,0,1,4,0,0,1,0,0037e400,"INCR",3,ff,0,"Data Secure Unprivileged",0,"4 bytes",0,00000000,"FIXED",0,00,0,"Data Secure Unprivileged",0,"1 byte",0,"OKAY",0,c08d1dae,"OKAY",00000000,4,2,0,1,0,0,0,0,2,0,1,0,2,1,0,2,1,0,c08d1dae,3,f,0,0,0,00000004,3,1,0,0,1,"No Read Addr Cmds","No Read Addr Cmds","No Write Addr Cmds","No Write Addr Cmds","No Write Responses","No Write Responses","_","_","_","_","_","_","_","_","No Write Data Beats","No Write Data Beats"
1867,1867,0,0,1,1,0,0,0,8e5ffe20afb76fe31ba56e5faf65c9d2,0,3b9a3d13b8d6963fae1d8dc05a6037b2,0,1,0,1,ff81e4df,ffffffdb,0,1,0,0,0,00000000,"FIXED",3,00,"Data Secure Unprivileged","1 byte",0,0,00000000,"INCR",3,00,"Data Secure Unprivileged","4 bytes",0,0,ff8127fb,"OKAY",00000000,0,2,1,0,0,0,0,0,0,0,2,0,1,4,0,0,1,0,0037e400,"INCR",3,ff,0,"Data Secure Unprivileged",0,"4 bytes",0,00000000,"FIXED",0,00,0,"Data Secure Unprivileged",0,"1 byte",0,"OKAY",0,c08d1dae,"OKAY",00000000,4,2,0,1,0,0,0,0,2,0,1,0,2,1,0,2,1,0,c08d1dae,3,f,0,0,0,00000004,3,1,0,0,1,"No Read Addr Cmds","No Read Addr Cmds","No Write Addr Cmds","No Write Addr Cmds","No Write Responses","No Write Responses","_","_","_","_","_","_","_","_","No Write Data Beats","No Write Data Beats"
1868,1868,0,0,1,1,0,0,0,8e5ffe20afb76fe31ba56e5faf65c9d2,0,3b9a3d13b8d6963fae1d8dc05a6037b2,0,1,0,1,ff81e4df,ffffffdb,0,1,0,0,0,00000000,"FIXED",3,00,"Data Secure Unprivileged","1 byte",0,0,00000000,"INCR",3,00,"Data Secure Unprivileged","4 bytes",0,0,ff8127fb,"OKAY",00000000,0,2,1,0,0,0,0,0,0,0,2,0,1,4,0,0,1,0,0037e400,"INCR",3,ff,0,"Data Secure Unprivileged",0,"4 bytes",0,00000000,"FIXED",0,00,0,"Data Secure Unprivileged",0,"1 byte",0,"OKAY",0,c08d1dae,"OKAY",00000000,4,2,0,1,0,0,0,0,2,0,1,0,2,1,0,2,1,0,c08d1dae,3,f,0,0,0,00000004,3,1,0,0,1,"No Read Addr Cmds","No Read Addr Cmds","No Write Addr Cmds","No Write Addr Cmds","No Write Responses","No Write Responses","_","_","_","_","_","_","_","_","No Write Data Beats","No Write Data Beats"
1869,1869,0,0,1,1,0,0,0,8e5ffe20afb76fe31ba56e5faf65c9d2,0,3b9a3d13b8d6963fae1d8dc05a6037b2,0,1,0,1,ff81e4df,ffffffdb,0,1,0,0,0,00000000,"FIXED",3,00,"Data Secure Unprivileged","1 byte",0,0,00000000,"INCR",3,00,"Data Secure Unprivileged","4 bytes",0,0,ff8127fb,"OKAY",00000000,0,2,1,0,0,0,0,0,0,0,2,0,1,4,0,0,1,0,0037e400,"INCR",3,ff,0,"Data Secure Unprivileged",0,"4 bytes",0,00000000,"FIXED",0,00,0,"Data Secure Unprivileged",0,"1 byte",0,"OKAY",0,c08d1dae,"OKAY",00000000,4,2,0,1,0,0,0,0,2,0,1,0,2,1,0,2,1,0,c08d1dae,3,f,0,0,0,00000004,3,1,0,0,1,"No Read Addr Cmds","No Read Addr Cmds","No Write Addr Cmds","No Write Addr Cmds","No Write Responses","No Write Responses","_","_","_","_","_","_","_","_","No Write Data Beats","No Write Data Beats"
1870,1870,0,0,1,1,0,0,0,8e5ffe20afb76fe31ba56e5faf65c9d2,0,3b9a3d13b8d6963fae1d8dc05a6037b2,0,1,0,1,ff81e4df,ffffffdb,0,1,0,0,0,00000000,"FIXED",3,00,"Data Secure Unprivileged","1 byte",0,0,00000000,"INCR",3,00,"Data Secure Unprivileged","4 bytes",0,0,ff8127fb,"OKAY",00000000,0,2,1,0,0,0,0,0,0,0,2,0,1,4,0,0,1,0,0037e400,"INCR",3,ff,0,"Data Secure Unprivileged",0,"4 bytes",0,00000000,"FIXED",0,00,0,"Data Secure Unprivileged",0,"1 byte",0,"OKAY",0,c08d1dae,"OKAY",00000000,4,2,0,1,0,0,0,0,2,0,1,0,2,1,0,2,1,0,c08d1dae,3,f,0,0,0,00000004,3,1,0,0,1,"No Read Addr Cmds","No Read Addr Cmds","No Write Addr Cmds","No Write Addr Cmds","No Write Responses","No Write Responses","_","_","_","_","_","_","_","_","No Write Data Beats","No Write Data Beats"
1871,1871,0,0,1,1,0,0,0,8e5ffe20afb76fe31ba56e5faf65c9d2,0,3b9a3d13b8d6963fae1d8dc05a6037b2,0,1,0,1,ff81e4df,ffffffdb,0,1,0,0,0,00000000,"FIXED",3,00,"Data Secure Unprivileged","1 byte",0,0,00000000,"INCR",3,00,"Data Secure Unprivileged","4 bytes",0,0,ff8127fb,"OKAY",00000000,0,2,1,0,0,0,0,0,0,0,2,0,1,4,0,0,1,0,0037e400,"INCR",3,ff,0,"Data Secure Unprivileged",0,"4 bytes",0,00000000,"FIXED",0,00,0,"Data Secure Unprivileged",0,"1 byte",0,"OKAY",0,c08d1dae,"OKAY",00000000,4,2,0,1,0,0,0,0,2,0,1,0,2,1,0,2,1,0,c08d1dae,3,f,0,0,0,00000004,3,1,0,0,1,"No Read Addr Cmds","No Read Addr Cmds","No Write Addr Cmds","No Write Addr Cmds","No Write Responses","No Write Responses","_","_","_","_","_","_","_","_","No Write Data Beats","No Write Data Beats"
1872,1872,0,0,1,1,0,0,0,8e5ffe20afb76fe31ba56e5faf65c9d2,0,3b9a3d13b8d6963fae1d8dc05a6037b2,0,1,0,1,ff81e4df,ffffffdb,0,1,0,0,0,00000000,"FIXED",3,00,"Data Secure Unprivileged","1 byte",0,0,00000000,"INCR",3,00,"Data Secure Unprivileged","4 bytes",0,0,ff8127fb,"OKAY",00000000,0,2,1,0,0,0,0,0,0,0,2,0,1,4,0,0,1,0,0037e400,"INCR",3,ff,0,"Data Secure Unprivileged",0,"4 bytes",0,00000000,"FIXED",0,00,0,"Data Secure Unprivileged",0,"1 byte",0,"OKAY",0,c08d1dae,"OKAY",00000000,4,2,0,1,0,0,0,0,2,0,1,0,2,1,0,2,1,0,c08d1dae,3,f,0,0,0,00000004,3,1,0,0,1,"No Read Addr Cmds","No Read Addr Cmds","No Write Addr Cmds","No Write Addr Cmds","No Write Responses","No Write Responses","_","_","_","_","_","_","_","_","No Write Data Beats","No Write Data Beats"
1873,1873,0,0,1,1,0,0,0,8e5ffe20afb76fe31ba56e5faf65c9d2,0,3b9a3d13b8d6963fae1d8dc05a6037b2,0,1,0,1,ff81e4df,ffffffdb,0,1,0,0,0,00000000,"FIXED",3,00,"Data Secure Unprivileged","1 byte",0,0,00000000,"INCR",3,00,"Data Secure Unprivileged","4 bytes",0,0,ff8127fb,"OKAY",00000000,0,2,1,0,0,0,0,0,0,0,2,0,1,4,0,0,1,0,0037e400,"INCR",3,ff,0,"Data Secure Unprivileged",0,"4 bytes",0,00000000,"FIXED",0,00,0,"Data Secure Unprivileged",0,"1 byte",0,"OKAY",0,c08d1dae,"OKAY",00000000,4,2,0,1,0,0,0,0,2,0,1,0,2,1,0,2,1,0,c08d1dae,3,f,0,0,0,00000004,3,1,0,0,1,"No Read Addr Cmds","No Read Addr Cmds","No Write Addr Cmds","No Write Addr Cmds","No Write Responses","No Write Responses","_","_","_","_","_","_","_","_","No Write Data Beats","No Write Data Beats"
1874,1874,0,0,1,1,0,0,0,8e5ffe20afb76fe31ba56e5faf65c9d2,0,3b9a3d13b8d6963fae1d8dc05a6037b2,0,1,0,1,ff81e4df,ffffffdb,0,1,0,0,0,00000000,"FIXED",3,00,"Data Secure Unprivileged","1 byte",0,0,00000000,"INCR",3,00,"Data Secure Unprivileged","4 bytes",0,0,ff8127fb,"OKAY",00000000,0,2,1,0,0,0,0,0,0,0,2,0,1,4,0,0,1,0,0037e400,"INCR",3,ff,0,"Data Secure Unprivileged",0,"4 bytes",0,00000000,"FIXED",0,00,0,"Data Secure Unprivileged",0,"1 byte",0,"OKAY",0,c08d1dae,"OKAY",00000000,4,2,0,1,0,0,0,0,2,0,1,0,2,1,0,2,1,0,c08d1dae,3,f,0,0,0,00000004,3,1,0,0,1,"No Read Addr Cmds","No Read Addr Cmds","No Write Addr Cmds","No Write Addr Cmds","No Write Responses","No Write Responses","_","_","_","_","_","_","_","_","No Write Data Beats","No Write Data Beats"
1875,1875,0,0,1,1,0,0,0,8e5ffe20afb76fe31ba56e5faf65c9d2,0,3b9a3d13b8d6963fae1d8dc05a6037b2,0,1,0,1,ff81e4df,ffffffdb,0,1,0,0,0,00000000,"FIXED",3,00,"Data Secure Unprivileged","1 byte",0,0,00000000,"INCR",3,00,"Data Secure Unprivileged","4 bytes",0,0,ff8127fb,"OKAY",00000000,0,2,1,0,0,0,0,0,0,0,2,0,1,4,0,0,1,0,0037e400,"INCR",3,ff,0,"Data Secure Unprivileged",0,"4 bytes",0,00000000,"FIXED",0,00,0,"Data Secure Unprivileged",0,"1 byte",0,"OKAY",0,c08d1dae,"OKAY",00000000,4,2,0,1,0,0,0,0,2,0,1,0,2,1,0,2,1,0,c08d1dae,3,f,0,0,0,00000004,3,1,0,0,1,"No Read Addr Cmds","No Read Addr Cmds","No Write Addr Cmds","No Write Addr Cmds","No Write Responses","No Write Responses","_","_","_","_","_","_","_","_","No Write Data Beats","No Write Data Beats"
1876,1876,0,0,1,1,0,0,0,8e5ffe20afb76fe31ba56e5faf65c9d2,0,3b9a3d13b8d6963fae1d8dc05a6037b2,0,1,0,1,ff81e4df,ffffffdb,0,1,0,0,0,00000000,"FIXED",3,00,"Data Secure Unprivileged","1 byte",0,0,00000000,"INCR",3,00,"Data Secure Unprivileged","4 bytes",0,0,ff8127fb,"OKAY",00000000,0,2,1,0,0,0,0,0,0,0,2,0,1,4,0,0,1,0,0037e400,"INCR",3,ff,0,"Data Secure Unprivileged",0,"4 bytes",0,00000000,"FIXED",0,00,0,"Data Secure Unprivileged",0,"1 byte",0,"OKAY",0,c08d1dae,"OKAY",00000000,4,2,0,1,0,0,0,0,2,0,1,0,2,1,0,2,1,0,c08d1dae,3,f,0,0,0,00000004,3,1,0,0,1,"No Read Addr Cmds","No Read Addr Cmds","No Write Addr Cmds","No Write Addr Cmds","No Write Responses","No Write Responses","_","_","_","_","_","_","_","_","No Write Data Beats","No Write Data Beats"
1877,1877,0,0,1,1,0,0,0,8e5ffe20afb76fe31ba56e5faf65c9d2,0,3b9a3d13b8d6963fae1d8dc05a6037b2,0,1,0,1,ff81e4df,ffffffdb,0,1,0,0,0,00000000,"FIXED",3,00,"Data Secure Unprivileged","1 byte",0,0,00000000,"INCR",3,00,"Data Secure Unprivileged","4 bytes",0,0,ff8127fb,"OKAY",00000000,0,2,1,0,0,0,0,0,0,0,2,0,1,4,0,0,1,0,0037e400,"INCR",3,ff,0,"Data Secure Unprivileged",0,"4 bytes",0,00000000,"FIXED",0,00,0,"Data Secure Unprivileged",0,"1 byte",0,"OKAY",0,c08d1dae,"OKAY",00000000,4,2,0,1,0,0,0,0,2,0,1,0,2,1,0,2,1,0,c08d1dae,3,f,0,0,0,00000004,3,1,0,0,1,"No Read Addr Cmds","No Read Addr Cmds","No Write Addr Cmds","No Write Addr Cmds","No Write Responses","No Write Responses","_","_","_","_","_","_","_","_","No Write Data Beats","No Write Data Beats"
1878,1878,0,0,1,1,0,0,0,8e5ffe20afb76fe31ba56e5faf65c9d2,0,3b9a3d13b8d6963fae1d8dc05a6037b2,0,1,0,1,ff81e4df,ffffffdb,0,1,0,0,0,00000000,"FIXED",3,00,"Data Secure Unprivileged","1 byte",0,0,00000000,"INCR",3,00,"Data Secure Unprivileged","4 bytes",0,0,ff8127fb,"OKAY",00000000,0,2,1,0,0,0,0,0,0,0,2,0,1,4,0,0,1,0,0037e400,"INCR",3,ff,0,"Data Secure Unprivileged",0,"4 bytes",0,00000000,"FIXED",0,00,0,"Data Secure Unprivileged",0,"1 byte",0,"OKAY",0,c08d1dae,"OKAY",00000000,4,2,0,1,0,0,0,0,2,0,1,0,2,1,0,2,1,0,c08d1dae,3,f,0,0,0,00000004,3,1,0,0,1,"No Read Addr Cmds","No Read Addr Cmds","No Write Addr Cmds","No Write Addr Cmds","No Write Responses","No Write Responses","_","_","_","_","_","_","_","_","No Write Data Beats","No Write Data Beats"
1879,1879,0,0,1,1,0,0,0,8e5ffe20afb76fe31ba56e5faf65c9d2,0,3b9a3d13b8d6963fae1d8dc05a6037b2,0,1,0,1,ff81e4df,ffffffdb,0,1,0,0,0,00000000,"FIXED",3,00,"Data Secure Unprivileged","1 byte",0,0,00000000,"INCR",3,00,"Data Secure Unprivileged","4 bytes",0,0,ff8127fb,"OKAY",00000000,0,2,1,0,0,0,0,0,0,0,2,0,1,4,0,0,1,0,0037e400,"INCR",3,ff,0,"Data Secure Unprivileged",0,"4 bytes",0,00000000,"FIXED",0,00,0,"Data Secure Unprivileged",0,"1 byte",0,"OKAY",0,c08d1dae,"OKAY",00000000,4,2,0,1,0,0,0,0,2,0,1,0,2,1,0,2,1,0,c08d1dae,3,f,0,0,0,00000004,3,1,0,0,1,"No Read Addr Cmds","No Read Addr Cmds","No Write Addr Cmds","No Write Addr Cmds","No Write Responses","No Write Responses","_","_","_","_","_","_","_","_","No Write Data Beats","No Write Data Beats"
1880,1880,0,0,1,1,0,0,0,8e5ffe20afb76fe31ba56e5faf65c9d2,0,3b9a3d13b8d6963fae1d8dc05a6037b2,0,1,0,1,ff81e4df,ffffffdb,0,1,0,0,0,00000000,"FIXED",3,00,"Data Secure Unprivileged","1 byte",0,0,00000000,"INCR",3,00,"Data Secure Unprivileged","4 bytes",0,0,ff8127fb,"OKAY",00000000,0,2,1,0,0,0,0,0,0,0,2,0,1,4,0,0,1,0,0037e400,"INCR",3,ff,0,"Data Secure Unprivileged",0,"4 bytes",0,00000000,"FIXED",0,00,0,"Data Secure Unprivileged",0,"1 byte",0,"OKAY",0,c08d1dae,"OKAY",00000000,4,2,0,1,0,0,0,0,2,0,1,0,2,1,0,2,1,0,c08d1dae,3,f,0,0,0,00000004,3,1,0,0,1,"No Read Addr Cmds","No Read Addr Cmds","No Write Addr Cmds","No Write Addr Cmds","No Write Responses","No Write Responses","_","_","_","_","_","_","_","_","No Write Data Beats","No Write Data Beats"
1881,1881,0,0,1,1,0,0,0,8e5ffe20afb76fe31ba56e5faf65c9d2,0,3b9a3d13b8d6963fae1d8dc05a6037b2,0,1,0,1,ff81e4df,ffffffdb,0,1,0,0,0,00000000,"FIXED",3,00,"Data Secure Unprivileged","1 byte",0,0,00000000,"INCR",3,00,"Data Secure Unprivileged","4 bytes",0,0,ff8127fb,"OKAY",00000000,0,2,1,0,0,0,0,0,0,0,2,0,1,4,0,0,1,0,0037e400,"INCR",3,ff,0,"Data Secure Unprivileged",0,"4 bytes",0,00000000,"FIXED",0,00,0,"Data Secure Unprivileged",0,"1 byte",0,"OKAY",0,c08d1dae,"OKAY",00000000,4,2,0,1,0,0,0,0,2,0,1,0,2,1,0,2,1,0,c08d1dae,3,f,0,0,0,00000004,3,1,0,0,1,"No Read Addr Cmds","No Read Addr Cmds","No Write Addr Cmds","No Write Addr Cmds","No Write Responses","No Write Responses","_","_","_","_","_","_","_","_","No Write Data Beats","No Write Data Beats"
1882,1882,0,0,1,1,0,0,0,8e5ffe20afb76fe31ba56e5faf65c9d2,0,3b9a3d13b8d6963fae1d8dc05a6037b2,0,1,0,1,ff81e4df,ffffffdb,0,1,0,0,0,00000000,"FIXED",3,00,"Data Secure Unprivileged","1 byte",0,0,00000000,"INCR",3,00,"Data Secure Unprivileged","4 bytes",0,0,ff8127fb,"OKAY",00000000,0,2,1,0,0,0,0,0,0,0,2,0,1,4,0,0,1,0,0037e400,"INCR",3,ff,0,"Data Secure Unprivileged",0,"4 bytes",0,00000000,"FIXED",0,00,0,"Data Secure Unprivileged",0,"1 byte",0,"OKAY",0,c08d1dae,"OKAY",00000000,4,2,0,1,0,0,0,0,2,0,1,0,2,1,0,2,1,0,c08d1dae,3,f,0,0,0,00000004,3,1,0,0,1,"No Read Addr Cmds","No Read Addr Cmds","No Write Addr Cmds","No Write Addr Cmds","No Write Responses","No Write Responses","_","_","_","_","_","_","_","_","No Write Data Beats","No Write Data Beats"
1883,1883,0,0,1,1,0,0,0,8e5ffe20afb76fe31ba56e5faf65c9d2,0,3b9a3d13b8d6963fae1d8dc05a6037b2,0,1,0,1,ff81e4df,ffffffdb,0,1,0,0,0,00000000,"FIXED",3,00,"Data Secure Unprivileged","1 byte",0,0,00000000,"INCR",3,00,"Data Secure Unprivileged","4 bytes",0,0,ff8127fb,"OKAY",00000000,0,2,1,0,0,0,0,0,0,0,2,0,1,4,0,0,1,0,0037e400,"INCR",3,ff,0,"Data Secure Unprivileged",0,"4 bytes",0,00000000,"FIXED",0,00,0,"Data Secure Unprivileged",0,"1 byte",0,"OKAY",0,c08d1dae,"OKAY",00000000,4,2,0,1,0,0,0,0,2,0,1,0,2,1,0,2,1,0,c08d1dae,3,f,0,0,0,00000004,3,1,0,0,1,"No Read Addr Cmds","No Read Addr Cmds","No Write Addr Cmds","No Write Addr Cmds","No Write Responses","No Write Responses","_","_","_","_","_","_","_","_","No Write Data Beats","No Write Data Beats"
1884,1884,0,0,1,1,0,0,0,8e5ffe20afb76fe31ba56e5faf65c9d2,0,3b9a3d13b8d6963fae1d8dc05a6037b2,0,1,0,1,ff81e4df,ffffffdb,0,1,0,0,0,00000000,"FIXED",3,00,"Data Secure Unprivileged","1 byte",0,0,00000000,"INCR",3,00,"Data Secure Unprivileged","4 bytes",0,0,ff8127fb,"OKAY",00000000,0,2,1,0,0,0,0,0,0,0,2,0,1,4,0,0,1,0,0037e400,"INCR",3,ff,0,"Data Secure Unprivileged",0,"4 bytes",0,00000000,"FIXED",0,00,0,"Data Secure Unprivileged",0,"1 byte",0,"OKAY",0,c08d1dae,"OKAY",00000000,4,2,0,1,0,0,0,0,2,0,1,0,2,1,0,2,1,0,c08d1dae,3,f,0,0,0,00000004,3,1,0,0,1,"No Read Addr Cmds","No Read Addr Cmds","No Write Addr Cmds","No Write Addr Cmds","No Write Responses","No Write Responses","_","_","_","_","_","_","_","_","No Write Data Beats","No Write Data Beats"
1885,1885,0,0,1,1,0,0,0,8e5ffe20afb76fe31ba56e5faf65c9d2,0,3b9a3d13b8d6963fae1d8dc05a6037b2,0,1,0,1,ff81e4df,ffffffdb,0,1,0,0,0,00000000,"FIXED",3,00,"Data Secure Unprivileged","1 byte",0,0,00000000,"INCR",3,00,"Data Secure Unprivileged","4 bytes",0,0,ff8127fb,"OKAY",00000000,0,2,1,0,0,0,0,0,0,0,2,0,1,4,0,0,1,0,0037e400,"INCR",3,ff,0,"Data Secure Unprivileged",0,"4 bytes",0,00000000,"FIXED",0,00,0,"Data Secure Unprivileged",0,"1 byte",0,"OKAY",0,c08d1dae,"OKAY",00000000,4,2,0,1,0,0,0,0,2,0,1,0,2,1,0,2,1,0,c08d1dae,3,f,0,0,0,00000004,3,1,0,0,1,"No Read Addr Cmds","No Read Addr Cmds","No Write Addr Cmds","No Write Addr Cmds","No Write Responses","No Write Responses","_","_","_","_","_","_","_","_","No Write Data Beats","No Write Data Beats"
1886,1886,0,0,1,1,0,0,0,8e5ffe20afb76fe31ba56e5faf65c9d2,0,3b9a3d13b8d6963fae1d8dc05a6037b2,0,1,0,1,ff81e4df,ffffffdb,0,1,0,0,0,00000000,"FIXED",3,00,"Data Secure Unprivileged","1 byte",0,0,00000000,"INCR",3,00,"Data Secure Unprivileged","4 bytes",0,0,ff8127fb,"OKAY",00000000,0,2,1,0,0,0,0,0,0,0,2,0,1,4,0,0,1,0,0037e400,"INCR",3,ff,0,"Data Secure Unprivileged",0,"4 bytes",0,00000000,"FIXED",0,00,0,"Data Secure Unprivileged",0,"1 byte",0,"OKAY",0,c08d1dae,"OKAY",00000000,4,2,0,1,0,0,0,0,2,0,1,0,2,1,0,2,1,0,c08d1dae,3,f,0,0,0,00000004,3,1,0,0,1,"No Read Addr Cmds","No Read Addr Cmds","No Write Addr Cmds","No Write Addr Cmds","No Write Responses","No Write Responses","_","_","_","_","_","_","_","_","No Write Data Beats","No Write Data Beats"
1887,1887,0,0,1,1,0,0,0,8e5ffe20afb76fe31ba56e5faf65c9d2,0,3b9a3d13b8d6963fae1d8dc05a6037b2,0,1,0,1,ff81e4df,ffffffdb,0,1,0,0,0,00000000,"FIXED",3,00,"Data Secure Unprivileged","1 byte",0,0,00000000,"INCR",3,00,"Data Secure Unprivileged","4 bytes",0,0,ff8127fb,"OKAY",00000000,0,2,1,0,0,0,0,0,0,0,2,0,1,4,0,0,1,0,0037e400,"INCR",3,ff,0,"Data Secure Unprivileged",0,"4 bytes",0,00000000,"FIXED",0,00,0,"Data Secure Unprivileged",0,"1 byte",0,"OKAY",0,c08d1dae,"OKAY",00000000,4,2,0,1,0,0,0,0,2,0,1,0,2,1,0,2,1,0,c08d1dae,3,f,0,0,0,00000004,3,1,0,0,1,"No Read Addr Cmds","No Read Addr Cmds","No Write Addr Cmds","No Write Addr Cmds","No Write Responses","No Write Responses","_","_","_","_","_","_","_","_","No Write Data Beats","No Write Data Beats"
1888,1888,0,0,1,1,0,0,0,8e5ffe20afb76fe31ba56e5faf65c9d2,0,3b9a3d13b8d6963fae1d8dc05a6037b2,0,1,0,1,ff81e4df,ffffffdb,0,1,0,0,0,00000000,"FIXED",3,00,"Data Secure Unprivileged","1 byte",0,0,00000000,"INCR",3,00,"Data Secure Unprivileged","4 bytes",0,0,ff8127fb,"OKAY",00000000,0,2,1,0,0,0,0,0,0,0,2,0,1,4,0,0,1,0,0037e400,"INCR",3,ff,0,"Data Secure Unprivileged",0,"4 bytes",0,00000000,"FIXED",0,00,0,"Data Secure Unprivileged",0,"1 byte",0,"OKAY",0,c08d1dae,"OKAY",00000000,4,2,0,1,0,0,0,0,2,0,1,0,2,1,0,2,1,0,c08d1dae,3,f,0,0,0,00000004,3,1,0,0,1,"No Read Addr Cmds","No Read Addr Cmds","No Write Addr Cmds","No Write Addr Cmds","No Write Responses","No Write Responses","_","_","_","_","_","_","_","_","No Write Data Beats","No Write Data Beats"
1889,1889,0,0,1,1,0,0,0,8e5ffe20afb76fe31ba56e5faf65c9d2,0,3b9a3d13b8d6963fae1d8dc05a6037b2,0,1,0,1,ff81e4df,ffffffdb,0,1,0,0,0,00000000,"FIXED",3,00,"Data Secure Unprivileged","1 byte",0,0,00000000,"INCR",3,00,"Data Secure Unprivileged","4 bytes",0,0,ff8127fb,"OKAY",00000000,0,2,1,0,0,0,0,0,0,0,2,0,1,4,0,0,1,0,0037e400,"INCR",3,ff,0,"Data Secure Unprivileged",0,"4 bytes",0,00000000,"FIXED",0,00,0,"Data Secure Unprivileged",0,"1 byte",0,"OKAY",0,c08d1dae,"OKAY",00000000,4,2,0,1,0,0,0,0,2,0,1,0,2,1,0,2,1,0,c08d1dae,3,f,0,0,0,00000004,3,1,0,0,1,"No Read Addr Cmds","No Read Addr Cmds","No Write Addr Cmds","No Write Addr Cmds","No Write Responses","No Write Responses","_","_","_","_","_","_","_","_","No Write Data Beats","No Write Data Beats"
1890,1890,0,0,1,1,0,0,0,8e5ffe20afb76fe31ba56e5faf65c9d2,0,3b9a3d13b8d6963fae1d8dc05a6037b2,0,1,0,1,ff81e4df,ffffffdb,0,1,0,0,0,00000000,"FIXED",3,00,"Data Secure Unprivileged","1 byte",0,0,00000000,"INCR",3,00,"Data Secure Unprivileged","4 bytes",0,0,ff8127fb,"OKAY",00000000,0,2,1,0,0,0,0,0,0,0,2,0,1,4,0,0,1,0,0037e400,"INCR",3,ff,0,"Data Secure Unprivileged",0,"4 bytes",0,00000000,"FIXED",0,00,0,"Data Secure Unprivileged",0,"1 byte",0,"OKAY",0,c08d1dae,"OKAY",00000000,4,2,0,1,0,0,0,0,2,0,1,0,2,1,0,2,1,0,c08d1dae,3,f,0,0,0,00000004,3,1,0,0,1,"No Read Addr Cmds","No Read Addr Cmds","No Write Addr Cmds","No Write Addr Cmds","No Write Responses","No Write Responses","_","_","_","_","_","_","_","_","No Write Data Beats","No Write Data Beats"
1891,1891,0,0,1,1,0,0,0,8e5ffe20afb76fe31ba56e5faf65c9d2,0,3b9a3d13b8d6963fae1d8dc05a6037b2,0,1,0,1,ff81e4df,ffffffdb,0,1,0,0,0,00000000,"FIXED",3,00,"Data Secure Unprivileged","1 byte",0,0,00000000,"INCR",3,00,"Data Secure Unprivileged","4 bytes",0,0,ff8127fb,"OKAY",00000000,0,2,1,0,0,0,0,0,0,0,2,0,1,4,0,0,1,0,0037e400,"INCR",3,ff,0,"Data Secure Unprivileged",0,"4 bytes",0,00000000,"FIXED",0,00,0,"Data Secure Unprivileged",0,"1 byte",0,"OKAY",0,c08d1dae,"OKAY",00000000,4,2,0,1,0,0,0,0,2,0,1,0,2,1,0,2,1,0,c08d1dae,3,f,0,0,0,00000004,3,1,0,0,1,"No Read Addr Cmds","No Read Addr Cmds","No Write Addr Cmds","No Write Addr Cmds","No Write Responses","No Write Responses","_","_","_","_","_","_","_","_","No Write Data Beats","No Write Data Beats"
1892,1892,0,0,1,1,0,0,0,8e5ffe20afb76fe31ba56e5faf65c9d2,0,3b9a3d13b8d6963fae1d8dc05a6037b2,0,1,0,1,ff81e4df,ffffffdb,0,1,0,0,0,00000000,"FIXED",3,00,"Data Secure Unprivileged","1 byte",0,0,00000000,"INCR",3,00,"Data Secure Unprivileged","4 bytes",0,0,ff8127fb,"OKAY",00000000,0,2,1,0,0,0,0,0,0,0,2,0,1,4,0,0,1,0,0037e400,"INCR",3,ff,0,"Data Secure Unprivileged",0,"4 bytes",0,00000000,"FIXED",0,00,0,"Data Secure Unprivileged",0,"1 byte",0,"OKAY",0,c08d1dae,"OKAY",00000000,4,2,0,1,0,0,0,0,2,0,1,0,2,1,0,2,1,0,c08d1dae,3,f,0,0,0,00000004,3,1,0,0,1,"No Read Addr Cmds","No Read Addr Cmds","No Write Addr Cmds","No Write Addr Cmds","No Write Responses","No Write Responses","_","_","_","_","_","_","_","_","No Write Data Beats","No Write Data Beats"
1893,1893,0,0,1,1,0,0,0,8e5ffe20afb76fe31ba56e5faf65c9d2,0,3b9a3d13b8d6963fae1d8dc05a6037b2,0,1,0,1,ff81e4df,ffffffdb,0,1,0,0,0,00000000,"FIXED",3,00,"Data Secure Unprivileged","1 byte",0,0,00000000,"INCR",3,00,"Data Secure Unprivileged","4 bytes",0,0,ff8127fb,"OKAY",00000000,0,2,1,0,0,0,0,0,0,0,2,0,1,4,0,0,1,0,0037e400,"INCR",3,ff,0,"Data Secure Unprivileged",0,"4 bytes",0,00000000,"FIXED",0,00,0,"Data Secure Unprivileged",0,"1 byte",0,"OKAY",0,c08d1dae,"OKAY",00000000,4,2,0,1,0,0,0,0,2,0,1,0,2,1,0,2,1,0,c08d1dae,3,f,0,0,0,00000004,3,1,0,0,1,"No Read Addr Cmds","No Read Addr Cmds","No Write Addr Cmds","No Write Addr Cmds","No Write Responses","No Write Responses","_","_","_","_","_","_","_","_","No Write Data Beats","No Write Data Beats"
1894,1894,0,0,1,1,0,0,0,8e5ffe20afb76fe31ba56e5faf65c9d2,0,3b9a3d13b8d6963fae1d8dc05a6037b2,0,1,0,1,ff81e4df,ffffffdb,0,1,0,0,0,00000000,"FIXED",3,00,"Data Secure Unprivileged","1 byte",0,0,00000000,"INCR",3,00,"Data Secure Unprivileged","4 bytes",0,0,ff8127fb,"OKAY",00000000,0,2,1,0,0,0,0,0,0,0,2,0,1,4,0,0,1,0,0037e400,"INCR",3,ff,0,"Data Secure Unprivileged",0,"4 bytes",0,00000000,"FIXED",0,00,0,"Data Secure Unprivileged",0,"1 byte",0,"OKAY",0,c08d1dae,"OKAY",00000000,4,2,0,1,0,0,0,0,2,0,1,0,2,1,0,2,1,0,c08d1dae,3,f,0,0,0,00000004,3,1,0,0,1,"No Read Addr Cmds","No Read Addr Cmds","No Write Addr Cmds","No Write Addr Cmds","No Write Responses","No Write Responses","_","_","_","_","_","_","_","_","No Write Data Beats","No Write Data Beats"
1895,1895,0,0,1,1,0,0,0,8e5ffe20afb76fe31ba56e5faf65c9d2,0,3b9a3d13b8d6963fae1d8dc05a6037b2,0,1,0,1,ff81e4df,ffffffdb,0,1,0,0,0,00000000,"FIXED",3,00,"Data Secure Unprivileged","1 byte",0,0,00000000,"INCR",3,00,"Data Secure Unprivileged","4 bytes",0,0,ff8127fb,"OKAY",00000000,0,2,1,0,0,0,0,0,0,0,2,0,1,4,0,0,1,0,0037e400,"INCR",3,ff,0,"Data Secure Unprivileged",0,"4 bytes",0,00000000,"FIXED",0,00,0,"Data Secure Unprivileged",0,"1 byte",0,"OKAY",0,c08d1dae,"OKAY",00000000,4,2,0,1,0,0,0,0,2,0,1,0,2,1,0,2,1,0,c08d1dae,3,f,0,0,0,00000004,3,1,0,0,1,"No Read Addr Cmds","No Read Addr Cmds","No Write Addr Cmds","No Write Addr Cmds","No Write Responses","No Write Responses","_","_","_","_","_","_","_","_","No Write Data Beats","No Write Data Beats"
1896,1896,0,0,1,1,0,0,0,8e5ffe20afb76fe31ba56e5faf65c9d2,0,3b9a3d13b8d6963fae1d8dc05a6037b2,0,1,0,1,ff81e4df,ffffffdb,0,1,0,0,0,00000000,"FIXED",3,00,"Data Secure Unprivileged","1 byte",0,0,00000000,"INCR",3,00,"Data Secure Unprivileged","4 bytes",0,0,ff8127fb,"OKAY",00000000,0,2,1,0,0,0,0,0,0,0,2,0,1,4,0,0,1,0,0037e400,"INCR",3,ff,0,"Data Secure Unprivileged",0,"4 bytes",0,00000000,"FIXED",0,00,0,"Data Secure Unprivileged",0,"1 byte",0,"OKAY",0,c08d1dae,"OKAY",00000000,4,2,0,1,0,0,0,0,2,0,1,0,2,1,0,2,1,0,c08d1dae,3,f,0,0,0,00000004,3,1,0,0,1,"No Read Addr Cmds","No Read Addr Cmds","No Write Addr Cmds","No Write Addr Cmds","No Write Responses","No Write Responses","_","_","_","_","_","_","_","_","No Write Data Beats","No Write Data Beats"
1897,1897,0,0,1,1,0,0,0,8e5ffe20afb76fe31ba56e5faf65c9d2,0,3b9a3d13b8d6963fae1d8dc05a6037b2,0,1,0,1,ff81e4df,ffffffdb,0,1,0,0,0,00000000,"FIXED",3,00,"Data Secure Unprivileged","1 byte",0,0,00000000,"INCR",3,00,"Data Secure Unprivileged","4 bytes",0,0,ff8127fb,"OKAY",00000000,0,2,1,0,0,0,0,0,0,0,2,0,1,4,0,0,1,0,0037e400,"INCR",3,ff,0,"Data Secure Unprivileged",0,"4 bytes",0,00000000,"FIXED",0,00,0,"Data Secure Unprivileged",0,"1 byte",0,"OKAY",0,c08d1dae,"OKAY",00000000,4,2,0,1,0,0,0,0,2,0,1,0,2,1,0,2,1,0,c08d1dae,3,f,0,0,0,00000004,3,1,0,0,1,"No Read Addr Cmds","No Read Addr Cmds","No Write Addr Cmds","No Write Addr Cmds","No Write Responses","No Write Responses","_","_","_","_","_","_","_","_","No Write Data Beats","No Write Data Beats"
1898,1898,0,0,1,1,0,0,0,8e5ffe20afb76fe31ba56e5faf65c9d2,0,3b9a3d13b8d6963fae1d8dc05a6037b2,0,1,0,1,ff81e4df,ffffffdb,0,1,0,0,0,00000000,"FIXED",3,00,"Data Secure Unprivileged","1 byte",0,0,00000000,"INCR",3,00,"Data Secure Unprivileged","4 bytes",0,0,ff8127fb,"OKAY",00000000,0,2,1,0,0,0,0,0,0,0,2,0,1,4,0,0,1,0,0037e400,"INCR",3,ff,0,"Data Secure Unprivileged",0,"4 bytes",0,00000000,"FIXED",0,00,0,"Data Secure Unprivileged",0,"1 byte",0,"OKAY",0,c08d1dae,"OKAY",00000000,4,2,0,1,0,0,0,0,2,0,1,0,2,1,0,2,1,0,c08d1dae,3,f,0,0,0,00000004,3,1,0,0,1,"No Read Addr Cmds","No Read Addr Cmds","No Write Addr Cmds","No Write Addr Cmds","No Write Responses","No Write Responses","_","_","_","_","_","_","_","_","No Write Data Beats","No Write Data Beats"
1899,1899,0,0,1,1,0,0,0,8e5ffe20afb76fe31ba56e5faf65c9d2,0,3b9a3d13b8d6963fae1d8dc05a6037b2,0,1,0,1,ff81e4df,ffffffdb,0,1,0,0,0,00000000,"FIXED",3,00,"Data Secure Unprivileged","1 byte",0,0,00000000,"INCR",3,00,"Data Secure Unprivileged","4 bytes",0,0,ff8127fb,"OKAY",00000000,0,2,1,0,0,0,0,0,0,0,2,0,1,4,0,0,1,0,0037e400,"INCR",3,ff,0,"Data Secure Unprivileged",0,"4 bytes",0,00000000,"FIXED",0,00,0,"Data Secure Unprivileged",0,"1 byte",0,"OKAY",0,c08d1dae,"OKAY",00000000,4,2,0,1,0,0,0,0,2,0,1,0,2,1,0,2,1,0,c08d1dae,3,f,0,0,0,00000004,3,1,0,0,1,"No Read Addr Cmds","No Read Addr Cmds","No Write Addr Cmds","No Write Addr Cmds","No Write Responses","No Write Responses","_","_","_","_","_","_","_","_","No Write Data Beats","No Write Data Beats"
1900,1900,0,0,1,1,0,0,0,8e5ffe20afb76fe31ba56e5faf65c9d2,0,3b9a3d13b8d6963fae1d8dc05a6037b2,0,1,0,1,ff81e4df,ffffffdb,0,1,0,0,0,00000000,"FIXED",3,00,"Data Secure Unprivileged","1 byte",0,0,00000000,"INCR",3,00,"Data Secure Unprivileged","4 bytes",0,0,ff8127fb,"OKAY",00000000,0,2,1,0,0,0,0,0,0,0,2,0,1,4,0,0,1,0,0037e400,"INCR",3,ff,0,"Data Secure Unprivileged",0,"4 bytes",0,00000000,"FIXED",0,00,0,"Data Secure Unprivileged",0,"1 byte",0,"OKAY",0,c08d1dae,"OKAY",00000000,4,2,0,1,0,0,0,0,2,0,1,0,2,1,0,2,1,0,c08d1dae,3,f,0,0,0,00000004,3,1,0,0,1,"No Read Addr Cmds","No Read Addr Cmds","No Write Addr Cmds","No Write Addr Cmds","No Write Responses","No Write Responses","_","_","_","_","_","_","_","_","No Write Data Beats","No Write Data Beats"
1901,1901,0,0,1,1,0,0,0,8e5ffe20afb76fe31ba56e5faf65c9d2,0,3b9a3d13b8d6963fae1d8dc05a6037b2,0,1,0,1,ff81e4df,ffffffdb,0,1,0,0,0,00000000,"FIXED",3,00,"Data Secure Unprivileged","1 byte",0,0,00000000,"INCR",3,00,"Data Secure Unprivileged","4 bytes",0,0,ff8127fb,"OKAY",00000000,0,2,1,0,0,0,0,0,0,0,2,0,1,4,0,0,1,0,0037e400,"INCR",3,ff,0,"Data Secure Unprivileged",0,"4 bytes",0,00000000,"FIXED",0,00,0,"Data Secure Unprivileged",0,"1 byte",0,"OKAY",0,c08d1dae,"OKAY",00000000,4,2,0,1,0,0,0,0,2,0,1,0,2,1,0,2,1,0,c08d1dae,3,f,0,0,0,00000004,3,1,0,0,1,"No Read Addr Cmds","No Read Addr Cmds","No Write Addr Cmds","No Write Addr Cmds","No Write Responses","No Write Responses","_","_","_","_","_","_","_","_","No Write Data Beats","No Write Data Beats"
1902,1902,0,0,1,1,0,0,0,8e5ffe20afb76fe31ba56e5faf65c9d2,0,3b9a3d13b8d6963fae1d8dc05a6037b2,0,1,0,1,ff81e4df,ffffffdb,0,1,0,0,0,00000000,"FIXED",3,00,"Data Secure Unprivileged","1 byte",0,0,00000000,"INCR",3,00,"Data Secure Unprivileged","4 bytes",0,0,ff8127fb,"OKAY",00000000,0,2,1,0,0,0,0,0,0,0,2,0,1,4,0,0,1,0,0037e400,"INCR",3,ff,0,"Data Secure Unprivileged",0,"4 bytes",0,00000000,"FIXED",0,00,0,"Data Secure Unprivileged",0,"1 byte",0,"OKAY",0,c08d1dae,"OKAY",00000000,4,2,0,1,0,0,0,0,2,0,1,0,2,1,0,2,1,0,c08d1dae,3,f,0,0,0,00000004,3,1,0,0,1,"No Read Addr Cmds","No Read Addr Cmds","No Write Addr Cmds","No Write Addr Cmds","No Write Responses","No Write Responses","_","_","_","_","_","_","_","_","No Write Data Beats","No Write Data Beats"
1903,1903,0,0,1,1,0,0,0,8e5ffe20afb76fe31ba56e5faf65c9d2,0,3b9a3d13b8d6963fae1d8dc05a6037b2,0,1,0,1,ff81e4df,ffffffdb,0,1,0,0,0,00000000,"FIXED",3,00,"Data Secure Unprivileged","1 byte",0,0,00000000,"INCR",3,00,"Data Secure Unprivileged","4 bytes",0,0,ff8127fb,"OKAY",00000000,0,2,1,0,0,0,0,0,0,0,2,0,1,4,0,0,1,0,0037e400,"INCR",3,ff,0,"Data Secure Unprivileged",0,"4 bytes",0,00000000,"FIXED",0,00,0,"Data Secure Unprivileged",0,"1 byte",0,"OKAY",0,c08d1dae,"OKAY",00000000,4,2,0,1,0,0,0,0,2,0,1,0,2,1,0,2,1,0,c08d1dae,3,f,0,0,0,00000004,3,1,0,0,1,"No Read Addr Cmds","No Read Addr Cmds","No Write Addr Cmds","No Write Addr Cmds","No Write Responses","No Write Responses","_","_","_","_","_","_","_","_","No Write Data Beats","No Write Data Beats"
1904,1904,0,0,1,1,0,0,0,8e5ffe20afb76fe31ba56e5faf65c9d2,0,3b9a3d13b8d6963fae1d8dc05a6037b2,0,1,0,1,ff81e4df,ffffffdb,0,1,0,0,0,00000000,"FIXED",3,00,"Data Secure Unprivileged","1 byte",0,0,00000000,"INCR",3,00,"Data Secure Unprivileged","4 bytes",0,0,ff8127fb,"OKAY",00000000,0,2,1,0,0,0,0,0,0,0,2,0,1,4,0,0,1,0,0037e400,"INCR",3,ff,0,"Data Secure Unprivileged",0,"4 bytes",0,00000000,"FIXED",0,00,0,"Data Secure Unprivileged",0,"1 byte",0,"OKAY",0,c08d1dae,"OKAY",00000000,4,2,0,1,0,0,0,0,2,0,1,0,2,1,0,2,1,0,c08d1dae,3,f,0,0,0,00000004,3,1,0,0,1,"No Read Addr Cmds","No Read Addr Cmds","No Write Addr Cmds","No Write Addr Cmds","No Write Responses","No Write Responses","_","_","_","_","_","_","_","_","No Write Data Beats","No Write Data Beats"
1905,1905,0,0,1,1,0,0,0,8e5ffe20afb76fe31ba56e5faf65c9d2,0,3b9a3d13b8d6963fae1d8dc05a6037b2,0,1,0,1,ff81e4df,ffffffdb,0,1,0,0,0,00000000,"FIXED",3,00,"Data Secure Unprivileged","1 byte",0,0,00000000,"INCR",3,00,"Data Secure Unprivileged","4 bytes",0,0,ff8127fb,"OKAY",00000000,0,2,1,0,0,0,0,0,0,0,2,0,1,4,0,0,1,0,0037e400,"INCR",3,ff,0,"Data Secure Unprivileged",0,"4 bytes",0,00000000,"FIXED",0,00,0,"Data Secure Unprivileged",0,"1 byte",0,"OKAY",0,c08d1dae,"OKAY",00000000,4,2,0,1,0,0,0,0,2,0,1,0,2,1,0,2,1,0,c08d1dae,3,f,0,0,0,00000004,3,1,0,0,1,"No Read Addr Cmds","No Read Addr Cmds","No Write Addr Cmds","No Write Addr Cmds","No Write Responses","No Write Responses","_","_","_","_","_","_","_","_","No Write Data Beats","No Write Data Beats"
1906,1906,0,0,1,1,0,0,0,8e5ffe20afb76fe31ba56e5faf65c9d2,0,3b9a3d13b8d6963fae1d8dc05a6037b2,0,1,0,1,ff81e4df,ffffffdb,0,1,0,0,0,00000000,"FIXED",3,00,"Data Secure Unprivileged","1 byte",0,0,00000000,"INCR",3,00,"Data Secure Unprivileged","4 bytes",0,0,ff8127fb,"OKAY",00000000,0,2,1,0,0,0,0,0,0,0,2,0,1,4,0,0,1,0,0037e400,"INCR",3,ff,0,"Data Secure Unprivileged",0,"4 bytes",0,00000000,"FIXED",0,00,0,"Data Secure Unprivileged",0,"1 byte",0,"OKAY",0,c08d1dae,"OKAY",00000000,4,2,0,1,0,0,0,0,2,0,1,0,2,1,0,2,1,0,c08d1dae,3,f,0,0,0,00000004,3,1,0,0,1,"No Read Addr Cmds","No Read Addr Cmds","No Write Addr Cmds","No Write Addr Cmds","No Write Responses","No Write Responses","_","_","_","_","_","_","_","_","No Write Data Beats","No Write Data Beats"
1907,1907,0,0,1,1,0,0,0,8e5ffe20afb76fe31ba56e5faf65c9d2,0,3b9a3d13b8d6963fae1d8dc05a6037b2,0,1,0,1,ff81e4df,ffffffdb,0,1,0,0,0,00000000,"FIXED",3,00,"Data Secure Unprivileged","1 byte",0,0,00000000,"INCR",3,00,"Data Secure Unprivileged","4 bytes",0,0,ff8127fb,"OKAY",00000000,0,2,1,0,0,0,0,0,0,0,2,0,1,4,0,0,1,0,0037e400,"INCR",3,ff,0,"Data Secure Unprivileged",0,"4 bytes",0,00000000,"FIXED",0,00,0,"Data Secure Unprivileged",0,"1 byte",0,"OKAY",0,c08d1dae,"OKAY",00000000,4,2,0,1,0,0,0,0,2,0,1,0,2,1,0,2,1,0,c08d1dae,3,f,0,0,0,00000004,3,1,0,0,1,"No Read Addr Cmds","No Read Addr Cmds","No Write Addr Cmds","No Write Addr Cmds","No Write Responses","No Write Responses","_","_","_","_","_","_","_","_","No Write Data Beats","No Write Data Beats"
1908,1908,0,0,1,1,0,0,0,8e5ffe20afb76fe31ba56e5faf65c9d2,0,3b9a3d13b8d6963fae1d8dc05a6037b2,0,1,0,1,ff81e4df,ffffffdb,0,1,0,0,0,00000000,"FIXED",3,00,"Data Secure Unprivileged","1 byte",0,0,00000000,"INCR",3,00,"Data Secure Unprivileged","4 bytes",0,0,ff8127fb,"OKAY",00000000,0,2,1,0,0,0,0,0,0,0,2,0,1,4,0,0,1,0,0037e400,"INCR",3,ff,0,"Data Secure Unprivileged",0,"4 bytes",0,00000000,"FIXED",0,00,0,"Data Secure Unprivileged",0,"1 byte",0,"OKAY",0,c08d1dae,"OKAY",00000000,4,2,0,1,0,0,0,0,2,0,1,0,2,1,0,2,1,0,c08d1dae,3,f,0,0,0,00000004,3,1,0,0,1,"No Read Addr Cmds","No Read Addr Cmds","No Write Addr Cmds","No Write Addr Cmds","No Write Responses","No Write Responses","_","_","_","_","_","_","_","_","No Write Data Beats","No Write Data Beats"
1909,1909,0,0,1,1,0,0,0,8e5ffe20afb76fe31ba56e5faf65c9d2,0,3b9a3d13b8d6963fae1d8dc05a6037b2,0,1,0,1,ff81e4df,ffffffdb,0,1,0,0,0,00000000,"FIXED",3,00,"Data Secure Unprivileged","1 byte",0,0,00000000,"INCR",3,00,"Data Secure Unprivileged","4 bytes",0,0,ff8127fb,"OKAY",00000000,0,2,1,0,0,0,0,0,0,0,2,0,1,4,0,0,1,0,0037e400,"INCR",3,ff,0,"Data Secure Unprivileged",0,"4 bytes",0,00000000,"FIXED",0,00,0,"Data Secure Unprivileged",0,"1 byte",0,"OKAY",0,c08d1dae,"OKAY",00000000,4,2,0,1,0,0,0,0,2,0,1,0,2,1,0,2,1,0,c08d1dae,3,f,0,0,0,00000004,3,1,0,0,1,"No Read Addr Cmds","No Read Addr Cmds","No Write Addr Cmds","No Write Addr Cmds","No Write Responses","No Write Responses","_","_","_","_","_","_","_","_","No Write Data Beats","No Write Data Beats"
1910,1910,0,0,1,1,0,0,0,8e5ffe20afb76fe31ba56e5faf65c9d2,0,3b9a3d13b8d6963fae1d8dc05a6037b2,0,1,0,1,ff81e4df,ffffffdb,0,1,0,0,0,00000000,"FIXED",3,00,"Data Secure Unprivileged","1 byte",0,0,00000000,"INCR",3,00,"Data Secure Unprivileged","4 bytes",0,0,ff8127fb,"OKAY",00000000,0,2,1,0,0,0,0,0,0,0,2,0,1,4,0,0,1,0,0037e400,"INCR",3,ff,0,"Data Secure Unprivileged",0,"4 bytes",0,00000000,"FIXED",0,00,0,"Data Secure Unprivileged",0,"1 byte",0,"OKAY",0,c08d1dae,"OKAY",00000000,4,2,0,1,0,0,0,0,2,0,1,0,2,1,0,2,1,0,c08d1dae,3,f,0,0,0,00000004,3,1,0,0,1,"No Read Addr Cmds","No Read Addr Cmds","No Write Addr Cmds","No Write Addr Cmds","No Write Responses","No Write Responses","_","_","_","_","_","_","_","_","No Write Data Beats","No Write Data Beats"
1911,1911,0,0,1,1,0,0,0,8e5ffe20afb76fe31ba56e5faf65c9d2,0,3b9a3d13b8d6963fae1d8dc05a6037b2,0,1,0,1,ff81e4df,ffffffdb,0,1,0,0,0,00000000,"FIXED",3,00,"Data Secure Unprivileged","1 byte",0,0,00000000,"INCR",3,00,"Data Secure Unprivileged","4 bytes",0,0,ff8127fb,"OKAY",00000000,0,2,1,0,0,0,0,0,0,0,2,0,1,4,0,0,1,0,0037e400,"INCR",3,ff,0,"Data Secure Unprivileged",0,"4 bytes",0,00000000,"FIXED",0,00,0,"Data Secure Unprivileged",0,"1 byte",0,"OKAY",0,c08d1dae,"OKAY",00000000,4,2,0,1,0,0,0,0,2,0,1,0,2,1,0,2,1,0,c08d1dae,3,f,0,0,0,00000004,3,1,0,0,1,"No Read Addr Cmds","No Read Addr Cmds","No Write Addr Cmds","No Write Addr Cmds","No Write Responses","No Write Responses","_","_","_","_","_","_","_","_","No Write Data Beats","No Write Data Beats"
1912,1912,0,0,1,1,0,0,0,8e5ffe20afb76fe31ba56e5faf65c9d2,0,3b9a3d13b8d6963fae1d8dc05a6037b2,0,1,0,1,ff81e4df,ffffffdb,0,1,0,0,0,00000000,"FIXED",3,00,"Data Secure Unprivileged","1 byte",0,0,00000000,"INCR",3,00,"Data Secure Unprivileged","4 bytes",0,0,ff8127fb,"OKAY",00000000,0,2,1,0,0,0,0,0,0,0,2,0,1,4,0,0,1,0,0037e400,"INCR",3,ff,0,"Data Secure Unprivileged",0,"4 bytes",0,00000000,"FIXED",0,00,0,"Data Secure Unprivileged",0,"1 byte",0,"OKAY",0,c08d1dae,"OKAY",00000000,4,2,0,1,0,0,0,0,2,0,1,0,2,1,0,2,1,0,c08d1dae,3,f,0,0,0,00000004,3,1,0,0,1,"No Read Addr Cmds","No Read Addr Cmds","No Write Addr Cmds","No Write Addr Cmds","No Write Responses","No Write Responses","_","_","_","_","_","_","_","_","No Write Data Beats","No Write Data Beats"
1913,1913,0,0,1,1,0,0,0,8e5ffe20afb76fe31ba56e5faf65c9d2,0,3b9a3d13b8d6963fae1d8dc05a6037b2,0,1,0,1,ff81e4df,ffffffdb,0,1,0,0,0,00000000,"FIXED",3,00,"Data Secure Unprivileged","1 byte",0,0,00000000,"INCR",3,00,"Data Secure Unprivileged","4 bytes",0,0,ff8127fb,"OKAY",00000000,0,2,1,0,0,0,0,0,0,0,2,0,1,4,0,0,1,0,0037e400,"INCR",3,ff,0,"Data Secure Unprivileged",0,"4 bytes",0,00000000,"FIXED",0,00,0,"Data Secure Unprivileged",0,"1 byte",0,"OKAY",0,c08d1dae,"OKAY",00000000,4,2,0,1,0,0,0,0,2,0,1,0,2,1,0,2,1,0,c08d1dae,3,f,0,0,0,00000004,3,1,0,0,1,"No Read Addr Cmds","No Read Addr Cmds","No Write Addr Cmds","No Write Addr Cmds","No Write Responses","No Write Responses","_","_","_","_","_","_","_","_","No Write Data Beats","No Write Data Beats"
1914,1914,0,0,1,1,0,0,0,8e5ffe20afb76fe31ba56e5faf65c9d2,0,3b9a3d13b8d6963fae1d8dc05a6037b2,0,1,0,1,ff81e4df,ffffffdb,0,1,0,0,0,00000000,"FIXED",3,00,"Data Secure Unprivileged","1 byte",0,0,00000000,"INCR",3,00,"Data Secure Unprivileged","4 bytes",0,0,ff8127fb,"OKAY",00000000,0,2,1,0,0,0,0,0,0,0,2,0,1,4,0,0,1,0,0037e400,"INCR",3,ff,0,"Data Secure Unprivileged",0,"4 bytes",0,00000000,"FIXED",0,00,0,"Data Secure Unprivileged",0,"1 byte",0,"OKAY",0,c08d1dae,"OKAY",00000000,4,2,0,1,0,0,0,0,2,0,1,0,2,1,0,2,1,0,c08d1dae,3,f,0,0,0,00000004,3,1,0,0,1,"No Read Addr Cmds","No Read Addr Cmds","No Write Addr Cmds","No Write Addr Cmds","No Write Responses","No Write Responses","_","_","_","_","_","_","_","_","No Write Data Beats","No Write Data Beats"
1915,1915,0,0,1,1,0,0,0,8e5ffe20afb76fe31ba56e5faf65c9d2,0,3b9a3d13b8d6963fae1d8dc05a6037b2,0,1,0,1,ff81e4df,ffffffdb,0,1,0,0,0,00000000,"FIXED",3,00,"Data Secure Unprivileged","1 byte",0,0,00000000,"INCR",3,00,"Data Secure Unprivileged","4 bytes",0,0,ff8127fb,"OKAY",00000000,0,2,1,0,0,0,0,0,0,0,2,0,1,4,0,0,1,0,0037e400,"INCR",3,ff,0,"Data Secure Unprivileged",0,"4 bytes",0,00000000,"FIXED",0,00,0,"Data Secure Unprivileged",0,"1 byte",0,"OKAY",0,c08d1dae,"OKAY",00000000,4,2,0,1,0,0,0,0,2,0,1,0,2,1,0,2,1,0,c08d1dae,3,f,0,0,0,00000004,3,1,0,0,1,"No Read Addr Cmds","No Read Addr Cmds","No Write Addr Cmds","No Write Addr Cmds","No Write Responses","No Write Responses","_","_","_","_","_","_","_","_","No Write Data Beats","No Write Data Beats"
1916,1916,0,0,1,1,0,0,0,8e5ffe20afb76fe31ba56e5faf65c9d2,0,3b9a3d13b8d6963fae1d8dc05a6037b2,0,1,0,1,ff81e4df,ffffffdb,0,1,0,0,0,00000000,"FIXED",3,00,"Data Secure Unprivileged","1 byte",0,0,00000000,"INCR",3,00,"Data Secure Unprivileged","4 bytes",0,0,ff8127fb,"OKAY",00000000,0,2,1,0,0,0,0,0,0,0,2,0,1,4,0,0,1,0,0037e400,"INCR",3,ff,0,"Data Secure Unprivileged",0,"4 bytes",0,00000000,"FIXED",0,00,0,"Data Secure Unprivileged",0,"1 byte",0,"OKAY",0,c08d1dae,"OKAY",00000000,4,2,0,1,0,0,0,0,2,0,1,0,2,1,0,2,1,0,c08d1dae,3,f,0,0,0,00000004,3,1,0,0,1,"No Read Addr Cmds","No Read Addr Cmds","No Write Addr Cmds","No Write Addr Cmds","No Write Responses","No Write Responses","_","_","_","_","_","_","_","_","No Write Data Beats","No Write Data Beats"
1917,1917,0,0,1,1,0,0,0,8e5ffe20afb76fe31ba56e5faf65c9d2,0,3b9a3d13b8d6963fae1d8dc05a6037b2,0,1,0,1,ff81e4df,ffffffdb,0,1,0,0,0,00000000,"FIXED",3,00,"Data Secure Unprivileged","1 byte",0,0,00000000,"INCR",3,00,"Data Secure Unprivileged","4 bytes",0,0,ff8127fb,"OKAY",00000000,0,2,1,0,0,0,0,0,0,0,2,0,1,4,0,0,1,0,0037e400,"INCR",3,ff,0,"Data Secure Unprivileged",0,"4 bytes",0,00000000,"FIXED",0,00,0,"Data Secure Unprivileged",0,"1 byte",0,"OKAY",0,c08d1dae,"OKAY",00000000,4,2,0,1,0,0,0,0,2,0,1,0,2,1,0,2,1,0,c08d1dae,3,f,0,0,0,00000004,3,1,0,0,1,"No Read Addr Cmds","No Read Addr Cmds","No Write Addr Cmds","No Write Addr Cmds","No Write Responses","No Write Responses","_","_","_","_","_","_","_","_","No Write Data Beats","No Write Data Beats"
1918,1918,0,0,1,1,0,0,0,8e5ffe20afb76fe31ba56e5faf65c9d2,0,3b9a3d13b8d6963fae1d8dc05a6037b2,0,1,0,1,ff81e4df,ffffffdb,0,1,0,0,0,00000000,"FIXED",3,00,"Data Secure Unprivileged","1 byte",0,0,00000000,"INCR",3,00,"Data Secure Unprivileged","4 bytes",0,0,ff8127fb,"OKAY",00000000,0,2,1,0,0,0,0,0,0,0,2,0,1,4,0,0,1,0,0037e400,"INCR",3,ff,0,"Data Secure Unprivileged",0,"4 bytes",0,00000000,"FIXED",0,00,0,"Data Secure Unprivileged",0,"1 byte",0,"OKAY",0,c08d1dae,"OKAY",00000000,4,2,0,1,0,0,0,0,2,0,1,0,2,1,0,2,1,0,c08d1dae,3,f,0,0,0,00000004,3,1,0,0,1,"No Read Addr Cmds","No Read Addr Cmds","No Write Addr Cmds","No Write Addr Cmds","No Write Responses","No Write Responses","_","_","_","_","_","_","_","_","No Write Data Beats","No Write Data Beats"
1919,1919,0,0,1,1,0,0,0,8e5ffe20afb76fe31ba56e5faf65c9d2,0,3b9a3d13b8d6963fae1d8dc05a6037b2,0,1,0,1,ff81e4df,ffffffdb,0,1,0,0,0,00000000,"FIXED",3,00,"Data Secure Unprivileged","1 byte",0,0,00000000,"INCR",3,00,"Data Secure Unprivileged","4 bytes",0,0,ff8127fb,"OKAY",00000000,0,2,1,0,0,0,0,0,0,0,2,0,1,4,0,0,1,0,0037e400,"INCR",3,ff,0,"Data Secure Unprivileged",0,"4 bytes",0,00000000,"FIXED",0,00,0,"Data Secure Unprivileged",0,"1 byte",0,"OKAY",0,c08d1dae,"OKAY",00000000,4,2,0,1,0,0,0,0,2,0,1,0,2,1,0,2,1,0,c08d1dae,3,f,0,0,0,00000004,3,1,0,0,1,"No Read Addr Cmds","No Read Addr Cmds","No Write Addr Cmds","No Write Addr Cmds","No Write Responses","No Write Responses","_","_","_","_","_","_","_","_","No Write Data Beats","No Write Data Beats"
1920,1920,0,0,1,1,0,0,0,8e5ffe20afb76fe31ba56e5faf65c9d2,0,3b9a3d13b8d6963fae1d8dc05a6037b2,0,1,0,1,ff81e4df,ffffffdb,0,1,0,0,0,00000000,"FIXED",3,00,"Data Secure Unprivileged","1 byte",0,0,00000000,"INCR",3,00,"Data Secure Unprivileged","4 bytes",0,0,ff8127fb,"OKAY",00000000,0,2,1,0,0,0,0,0,0,0,2,0,1,4,0,0,1,0,0037e400,"INCR",3,ff,0,"Data Secure Unprivileged",0,"4 bytes",0,00000000,"FIXED",0,00,0,"Data Secure Unprivileged",0,"1 byte",0,"OKAY",0,c08d1dae,"OKAY",00000000,4,2,0,1,0,0,0,0,2,0,1,0,2,1,0,2,1,0,c08d1dae,3,f,0,0,0,00000004,3,1,0,0,1,"No Read Addr Cmds","No Read Addr Cmds","No Write Addr Cmds","No Write Addr Cmds","No Write Responses","No Write Responses","_","_","_","_","_","_","_","_","No Write Data Beats","No Write Data Beats"
1921,1921,0,0,1,1,0,0,0,8e5ffe20afb76fe31ba56e5faf65c9d2,0,3b9a3d13b8d6963fae1d8dc05a6037b2,0,1,0,1,ff81e4df,ffffffdb,0,1,0,0,0,00000000,"FIXED",3,00,"Data Secure Unprivileged","1 byte",0,0,00000000,"INCR",3,00,"Data Secure Unprivileged","4 bytes",0,0,ff8127fb,"OKAY",00000000,0,2,1,0,0,0,0,0,0,0,2,0,1,4,0,0,1,0,0037e400,"INCR",3,ff,0,"Data Secure Unprivileged",0,"4 bytes",0,00000000,"FIXED",0,00,0,"Data Secure Unprivileged",0,"1 byte",0,"OKAY",0,c08d1dae,"OKAY",00000000,4,2,0,1,0,0,0,0,2,0,1,0,2,1,0,2,1,0,c08d1dae,3,f,0,0,0,00000004,3,1,0,0,1,"No Read Addr Cmds","No Read Addr Cmds","No Write Addr Cmds","No Write Addr Cmds","No Write Responses","No Write Responses","_","_","_","_","_","_","_","_","No Write Data Beats","No Write Data Beats"
1922,1922,0,0,1,1,0,0,0,8e5ffe20afb76fe31ba56e5faf65c9d2,0,3b9a3d13b8d6963fae1d8dc05a6037b2,0,1,0,1,ff81e4df,ffffffdb,0,1,0,0,0,00000000,"FIXED",3,00,"Data Secure Unprivileged","1 byte",0,0,00000000,"INCR",3,00,"Data Secure Unprivileged","4 bytes",0,0,ff8127fb,"OKAY",00000000,0,2,1,0,0,0,0,0,0,0,2,0,1,4,0,0,1,0,0037e400,"INCR",3,ff,0,"Data Secure Unprivileged",0,"4 bytes",0,00000000,"FIXED",0,00,0,"Data Secure Unprivileged",0,"1 byte",0,"OKAY",0,c08d1dae,"OKAY",00000000,4,2,0,1,0,0,0,0,2,0,1,0,2,1,0,2,1,0,c08d1dae,3,f,0,0,0,00000004,3,1,0,0,1,"No Read Addr Cmds","No Read Addr Cmds","No Write Addr Cmds","No Write Addr Cmds","No Write Responses","No Write Responses","_","_","_","_","_","_","_","_","No Write Data Beats","No Write Data Beats"
1923,1923,0,0,1,1,0,0,0,8e5ffe20afb76fe31ba56e5faf65c9d2,0,3b9a3d13b8d6963fae1d8dc05a6037b2,0,1,0,1,ff81e4df,ffffffdb,0,1,0,0,0,00000000,"FIXED",3,00,"Data Secure Unprivileged","1 byte",0,0,00000000,"INCR",3,00,"Data Secure Unprivileged","4 bytes",0,0,ff8127fb,"OKAY",00000000,0,2,1,0,0,0,0,0,0,0,2,0,1,4,0,0,1,0,0037e400,"INCR",3,ff,0,"Data Secure Unprivileged",0,"4 bytes",0,00000000,"FIXED",0,00,0,"Data Secure Unprivileged",0,"1 byte",0,"OKAY",0,c08d1dae,"OKAY",00000000,4,2,0,1,0,0,0,0,2,0,1,0,2,1,0,2,1,0,c08d1dae,3,f,0,0,0,00000004,3,1,0,0,1,"No Read Addr Cmds","No Read Addr Cmds","No Write Addr Cmds","No Write Addr Cmds","No Write Responses","No Write Responses","_","_","_","_","_","_","_","_","No Write Data Beats","No Write Data Beats"
1924,1924,0,0,1,1,0,0,0,8e5ffe20afb76fe31ba56e5faf65c9d2,0,3b9a3d13b8d6963fae1d8dc05a6037b2,0,1,0,1,ff81e4df,ffffffdb,0,1,0,0,0,00000000,"FIXED",3,00,"Data Secure Unprivileged","1 byte",0,0,00000000,"INCR",3,00,"Data Secure Unprivileged","4 bytes",0,0,ff8127fb,"OKAY",00000000,0,2,1,0,0,0,0,0,0,0,2,0,1,4,0,0,1,0,0037e400,"INCR",3,ff,0,"Data Secure Unprivileged",0,"4 bytes",0,00000000,"FIXED",0,00,0,"Data Secure Unprivileged",0,"1 byte",0,"OKAY",0,c08d1dae,"OKAY",00000000,4,2,0,1,0,0,0,0,2,0,1,0,2,1,0,2,1,0,c08d1dae,3,f,0,0,0,00000004,3,1,0,0,1,"No Read Addr Cmds","No Read Addr Cmds","No Write Addr Cmds","No Write Addr Cmds","No Write Responses","No Write Responses","_","_","_","_","_","_","_","_","No Write Data Beats","No Write Data Beats"
1925,1925,0,0,1,1,0,0,0,8e5ffe20afb76fe31ba56e5faf65c9d2,0,3b9a3d13b8d6963fae1d8dc05a6037b2,0,1,0,1,ff81e4df,ffffffdb,0,1,0,0,0,00000000,"FIXED",3,00,"Data Secure Unprivileged","1 byte",0,0,00000000,"INCR",3,00,"Data Secure Unprivileged","4 bytes",0,0,ff8127fb,"OKAY",00000000,0,2,1,0,0,0,0,0,0,0,2,0,1,4,0,0,1,0,0037e400,"INCR",3,ff,0,"Data Secure Unprivileged",0,"4 bytes",0,00000000,"FIXED",0,00,0,"Data Secure Unprivileged",0,"1 byte",0,"OKAY",0,c08d1dae,"OKAY",00000000,4,2,0,1,0,0,0,0,2,0,1,0,2,1,0,2,1,0,c08d1dae,3,f,0,0,0,00000004,3,1,0,0,1,"No Read Addr Cmds","No Read Addr Cmds","No Write Addr Cmds","No Write Addr Cmds","No Write Responses","No Write Responses","_","_","_","_","_","_","_","_","No Write Data Beats","No Write Data Beats"
1926,1926,0,0,1,1,0,0,0,8e5ffe20afb76fe31ba56e5faf65c9d2,0,3b9a3d13b8d6963fae1d8dc05a6037b2,0,1,0,1,ff81e4df,ffffffdb,0,1,0,0,0,00000000,"FIXED",3,00,"Data Secure Unprivileged","1 byte",0,0,00000000,"INCR",3,00,"Data Secure Unprivileged","4 bytes",0,0,ff8127fb,"OKAY",00000000,0,2,1,0,0,0,0,0,0,0,2,0,1,4,0,0,1,0,0037e400,"INCR",3,ff,0,"Data Secure Unprivileged",0,"4 bytes",0,00000000,"FIXED",0,00,0,"Data Secure Unprivileged",0,"1 byte",0,"OKAY",0,c08d1dae,"OKAY",00000000,4,2,0,1,0,0,0,0,2,0,1,0,2,1,0,2,1,0,c08d1dae,3,f,0,0,0,00000004,3,1,0,0,1,"No Read Addr Cmds","No Read Addr Cmds","No Write Addr Cmds","No Write Addr Cmds","No Write Responses","No Write Responses","_","_","_","_","_","_","_","_","No Write Data Beats","No Write Data Beats"
1927,1927,0,0,1,1,0,0,0,8e5ffe20afb76fe31ba56e5faf65c9d2,0,3b9a3d13b8d6963fae1d8dc05a6037b2,0,1,0,1,ff81e4df,ffffffdb,0,1,0,0,0,00000000,"FIXED",3,00,"Data Secure Unprivileged","1 byte",0,0,00000000,"INCR",3,00,"Data Secure Unprivileged","4 bytes",0,0,ff8127fb,"OKAY",00000000,0,2,1,0,0,0,0,0,0,0,2,0,1,4,0,0,1,0,0037e400,"INCR",3,ff,0,"Data Secure Unprivileged",0,"4 bytes",0,00000000,"FIXED",0,00,0,"Data Secure Unprivileged",0,"1 byte",0,"OKAY",0,c08d1dae,"OKAY",00000000,4,2,0,1,0,0,0,0,2,0,1,0,2,1,0,2,1,0,c08d1dae,3,f,0,0,0,00000004,3,1,0,0,1,"No Read Addr Cmds","No Read Addr Cmds","No Write Addr Cmds","No Write Addr Cmds","No Write Responses","No Write Responses","_","_","_","_","_","_","_","_","No Write Data Beats","No Write Data Beats"
1928,1928,0,0,1,1,0,0,0,8e5ffe20afb76fe31ba56e5faf65c9d2,0,3b9a3d13b8d6963fae1d8dc05a6037b2,0,1,0,1,ff81e4df,ffffffdb,0,1,0,0,0,00000000,"FIXED",3,00,"Data Secure Unprivileged","1 byte",0,0,00000000,"INCR",3,00,"Data Secure Unprivileged","4 bytes",0,0,ff8127fb,"OKAY",00000000,0,2,1,0,0,0,0,0,0,0,2,0,1,4,0,0,1,0,0037e400,"INCR",3,ff,0,"Data Secure Unprivileged",0,"4 bytes",0,00000000,"FIXED",0,00,0,"Data Secure Unprivileged",0,"1 byte",0,"OKAY",0,c08d1dae,"OKAY",00000000,4,2,0,1,0,0,0,0,2,0,1,0,2,1,0,2,1,0,c08d1dae,3,f,0,0,0,00000004,3,1,0,0,1,"No Read Addr Cmds","No Read Addr Cmds","No Write Addr Cmds","No Write Addr Cmds","No Write Responses","No Write Responses","_","_","_","_","_","_","_","_","No Write Data Beats","No Write Data Beats"
1929,1929,0,0,1,1,0,0,0,8e5ffe20afb76fe31ba56e5faf65c9d2,0,3b9a3d13b8d6963fae1d8dc05a6037b2,0,1,0,1,ff81e4df,ffffffdb,0,1,0,0,0,00000000,"FIXED",3,00,"Data Secure Unprivileged","1 byte",0,0,00000000,"INCR",3,00,"Data Secure Unprivileged","4 bytes",0,0,ff8127fb,"OKAY",00000000,0,2,1,0,0,0,0,0,0,0,2,0,1,4,0,0,1,0,0037e400,"INCR",3,ff,0,"Data Secure Unprivileged",0,"4 bytes",0,00000000,"FIXED",0,00,0,"Data Secure Unprivileged",0,"1 byte",0,"OKAY",0,c08d1dae,"OKAY",00000000,4,2,0,1,0,0,0,0,2,0,1,0,2,1,0,2,1,0,c08d1dae,3,f,0,0,0,00000004,3,1,0,0,1,"No Read Addr Cmds","No Read Addr Cmds","No Write Addr Cmds","No Write Addr Cmds","No Write Responses","No Write Responses","_","_","_","_","_","_","_","_","No Write Data Beats","No Write Data Beats"
1930,1930,0,0,1,1,0,0,0,8e5ffe20afb76fe31ba56e5faf65c9d2,0,3b9a3d13b8d6963fae1d8dc05a6037b2,0,1,0,1,ff81e4df,ffffffdb,0,1,0,0,0,00000000,"FIXED",3,00,"Data Secure Unprivileged","1 byte",0,0,00000000,"INCR",3,00,"Data Secure Unprivileged","4 bytes",0,0,ff8127fb,"OKAY",00000000,0,2,1,0,0,0,0,0,0,0,2,0,1,4,0,0,1,0,0037e400,"INCR",3,ff,0,"Data Secure Unprivileged",0,"4 bytes",0,00000000,"FIXED",0,00,0,"Data Secure Unprivileged",0,"1 byte",0,"OKAY",0,c08d1dae,"OKAY",00000000,4,2,0,1,0,0,0,0,2,0,1,0,2,1,0,2,1,0,c08d1dae,3,f,0,0,0,00000004,3,1,0,0,1,"No Read Addr Cmds","No Read Addr Cmds","No Write Addr Cmds","No Write Addr Cmds","No Write Responses","No Write Responses","_","_","_","_","_","_","_","_","No Write Data Beats","No Write Data Beats"
1931,1931,0,0,1,1,0,0,0,8e5ffe20afb76fe31ba56e5faf65c9d2,0,3b9a3d13b8d6963fae1d8dc05a6037b2,0,1,0,1,ff81e4df,ffffffdb,0,1,0,0,0,00000000,"FIXED",3,00,"Data Secure Unprivileged","1 byte",0,0,00000000,"INCR",3,00,"Data Secure Unprivileged","4 bytes",0,0,ff8127fb,"OKAY",00000000,0,2,1,0,0,0,0,0,0,0,2,0,1,4,0,0,1,0,0037e400,"INCR",3,ff,0,"Data Secure Unprivileged",0,"4 bytes",0,00000000,"FIXED",0,00,0,"Data Secure Unprivileged",0,"1 byte",0,"OKAY",0,c08d1dae,"OKAY",00000000,4,2,0,1,0,0,0,0,2,0,1,0,2,1,0,2,1,0,c08d1dae,3,f,0,0,0,00000004,3,1,0,0,1,"No Read Addr Cmds","No Read Addr Cmds","No Write Addr Cmds","No Write Addr Cmds","No Write Responses","No Write Responses","_","_","_","_","_","_","_","_","No Write Data Beats","No Write Data Beats"
1932,1932,0,0,1,1,0,0,0,8e5ffe20afb76fe31ba56e5faf65c9d2,0,3b9a3d13b8d6963fae1d8dc05a6037b2,0,1,0,1,ff81e4df,ffffffdb,0,1,0,0,0,00000000,"FIXED",3,00,"Data Secure Unprivileged","1 byte",0,0,00000000,"INCR",3,00,"Data Secure Unprivileged","4 bytes",0,0,ff8127fb,"OKAY",00000000,0,2,1,0,0,0,0,0,0,0,2,0,1,4,0,0,1,0,0037e400,"INCR",3,ff,0,"Data Secure Unprivileged",0,"4 bytes",0,00000000,"FIXED",0,00,0,"Data Secure Unprivileged",0,"1 byte",0,"OKAY",0,c08d1dae,"OKAY",00000000,4,2,0,1,0,0,0,0,2,0,1,0,2,1,0,2,1,0,c08d1dae,3,f,0,0,0,00000004,3,1,0,0,1,"No Read Addr Cmds","No Read Addr Cmds","No Write Addr Cmds","No Write Addr Cmds","No Write Responses","No Write Responses","_","_","_","_","_","_","_","_","No Write Data Beats","No Write Data Beats"
1933,1933,0,0,1,1,0,0,0,8e5ffe20afb76fe31ba56e5faf65c9d2,0,3b9a3d13b8d6963fae1d8dc05a6037b2,0,1,0,1,ff81e4df,ffffffdb,0,1,0,0,0,00000000,"FIXED",3,00,"Data Secure Unprivileged","1 byte",0,0,00000000,"INCR",3,00,"Data Secure Unprivileged","4 bytes",0,0,ff8127fb,"OKAY",00000000,0,2,1,0,0,0,0,0,0,0,2,0,1,4,0,0,1,0,0037e400,"INCR",3,ff,0,"Data Secure Unprivileged",0,"4 bytes",0,00000000,"FIXED",0,00,0,"Data Secure Unprivileged",0,"1 byte",0,"OKAY",0,c08d1dae,"OKAY",00000000,4,2,0,1,0,0,0,0,2,0,1,0,2,1,0,2,1,0,c08d1dae,3,f,0,0,0,00000004,3,1,0,0,1,"No Read Addr Cmds","No Read Addr Cmds","No Write Addr Cmds","No Write Addr Cmds","No Write Responses","No Write Responses","_","_","_","_","_","_","_","_","No Write Data Beats","No Write Data Beats"
1934,1934,0,0,1,1,0,0,0,8e5ffe20afb76fe31ba56e5faf65c9d2,0,3b9a3d13b8d6963fae1d8dc05a6037b2,0,1,0,1,ff81e4df,ffffffdb,0,1,0,0,0,00000000,"FIXED",3,00,"Data Secure Unprivileged","1 byte",0,0,00000000,"INCR",3,00,"Data Secure Unprivileged","4 bytes",0,0,ff8127fb,"OKAY",00000000,0,2,1,0,0,0,0,0,0,0,2,0,1,4,0,0,1,0,0037e400,"INCR",3,ff,0,"Data Secure Unprivileged",0,"4 bytes",0,00000000,"FIXED",0,00,0,"Data Secure Unprivileged",0,"1 byte",0,"OKAY",0,c08d1dae,"OKAY",00000000,4,2,0,1,0,0,0,0,2,0,1,0,2,1,0,2,1,0,c08d1dae,3,f,0,0,0,00000004,3,1,0,0,1,"No Read Addr Cmds","No Read Addr Cmds","No Write Addr Cmds","No Write Addr Cmds","No Write Responses","No Write Responses","_","_","_","_","_","_","_","_","No Write Data Beats","No Write Data Beats"
1935,1935,0,0,1,1,0,0,0,8e5ffe20afb76fe31ba56e5faf65c9d2,0,3b9a3d13b8d6963fae1d8dc05a6037b2,0,1,0,1,ff81e4df,ffffffdb,0,1,0,0,0,00000000,"FIXED",3,00,"Data Secure Unprivileged","1 byte",0,0,00000000,"INCR",3,00,"Data Secure Unprivileged","4 bytes",0,0,ff8127fb,"OKAY",00000000,0,2,1,0,0,0,0,0,0,0,2,0,1,4,0,0,1,0,0037e400,"INCR",3,ff,0,"Data Secure Unprivileged",0,"4 bytes",0,00000000,"FIXED",0,00,0,"Data Secure Unprivileged",0,"1 byte",0,"OKAY",0,c08d1dae,"OKAY",00000000,4,2,0,1,0,0,0,0,2,0,1,0,2,1,0,2,1,0,c08d1dae,3,f,0,0,0,00000004,3,1,0,0,1,"No Read Addr Cmds","No Read Addr Cmds","No Write Addr Cmds","No Write Addr Cmds","No Write Responses","No Write Responses","_","_","_","_","_","_","_","_","No Write Data Beats","No Write Data Beats"
1936,1936,0,0,1,1,0,0,0,8e5ffe20afb76fe31ba56e5faf65c9d2,0,3b9a3d13b8d6963fae1d8dc05a6037b2,0,1,0,1,ff81e4df,ffffffdb,0,1,0,0,0,00000000,"FIXED",3,00,"Data Secure Unprivileged","1 byte",0,0,00000000,"INCR",3,00,"Data Secure Unprivileged","4 bytes",0,0,ff8127fb,"OKAY",00000000,0,2,1,0,0,0,0,0,0,0,2,0,1,4,0,0,1,0,0037e400,"INCR",3,ff,0,"Data Secure Unprivileged",0,"4 bytes",0,00000000,"FIXED",0,00,0,"Data Secure Unprivileged",0,"1 byte",0,"OKAY",0,c08d1dae,"OKAY",00000000,4,2,0,1,0,0,0,0,2,0,1,0,2,1,0,2,1,0,c08d1dae,3,f,0,0,0,00000004,3,1,0,0,1,"No Read Addr Cmds","No Read Addr Cmds","No Write Addr Cmds","No Write Addr Cmds","No Write Responses","No Write Responses","_","_","_","_","_","_","_","_","No Write Data Beats","No Write Data Beats"
1937,1937,0,0,1,1,0,0,0,8e5ffe20afb76fe31ba56e5faf65c9d2,0,3b9a3d13b8d6963fae1d8dc05a6037b2,0,1,0,1,ff81e4df,ffffffdb,0,1,0,0,0,00000000,"FIXED",3,00,"Data Secure Unprivileged","1 byte",0,0,00000000,"INCR",3,00,"Data Secure Unprivileged","4 bytes",0,0,ff8127fb,"OKAY",00000000,0,2,1,0,0,0,0,0,0,0,2,0,1,4,0,0,1,0,0037e400,"INCR",3,ff,0,"Data Secure Unprivileged",0,"4 bytes",0,00000000,"FIXED",0,00,0,"Data Secure Unprivileged",0,"1 byte",0,"OKAY",0,c08d1dae,"OKAY",00000000,4,2,0,1,0,0,0,0,2,0,1,0,2,1,0,2,1,0,c08d1dae,3,f,0,0,0,00000004,3,1,0,0,1,"No Read Addr Cmds","No Read Addr Cmds","No Write Addr Cmds","No Write Addr Cmds","No Write Responses","No Write Responses","_","_","_","_","_","_","_","_","No Write Data Beats","No Write Data Beats"
1938,1938,0,0,1,1,0,0,0,8e5ffe20afb76fe31ba56e5faf65c9d2,0,3b9a3d13b8d6963fae1d8dc05a6037b2,0,1,0,1,ff81e4df,ffffffdb,0,1,0,0,0,00000000,"FIXED",3,00,"Data Secure Unprivileged","1 byte",0,0,00000000,"INCR",3,00,"Data Secure Unprivileged","4 bytes",0,0,ff8127fb,"OKAY",00000000,0,2,1,0,0,0,0,0,0,0,2,0,1,4,0,0,1,0,0037e400,"INCR",3,ff,0,"Data Secure Unprivileged",0,"4 bytes",0,00000000,"FIXED",0,00,0,"Data Secure Unprivileged",0,"1 byte",0,"OKAY",0,c08d1dae,"OKAY",00000000,4,2,0,1,0,0,0,0,2,0,1,0,2,1,0,2,1,0,c08d1dae,3,f,0,0,0,00000004,3,1,0,0,1,"No Read Addr Cmds","No Read Addr Cmds","No Write Addr Cmds","No Write Addr Cmds","No Write Responses","No Write Responses","_","_","_","_","_","_","_","_","No Write Data Beats","No Write Data Beats"
1939,1939,0,0,1,1,0,0,0,8e5ffe20afb76fe31ba56e5faf65c9d2,0,3b9a3d13b8d6963fae1d8dc05a6037b2,0,1,0,1,ff81e4df,ffffffdb,0,1,0,0,0,00000000,"FIXED",3,00,"Data Secure Unprivileged","1 byte",0,0,00000000,"INCR",3,00,"Data Secure Unprivileged","4 bytes",0,0,ff8127fb,"OKAY",00000000,0,2,1,0,0,0,0,0,0,0,2,0,1,4,0,0,1,0,0037e400,"INCR",3,ff,0,"Data Secure Unprivileged",0,"4 bytes",0,00000000,"FIXED",0,00,0,"Data Secure Unprivileged",0,"1 byte",0,"OKAY",0,c08d1dae,"OKAY",00000000,4,2,0,1,0,0,0,0,2,0,1,0,2,1,0,2,1,0,c08d1dae,3,f,0,0,0,00000004,3,1,0,0,1,"No Read Addr Cmds","No Read Addr Cmds","No Write Addr Cmds","No Write Addr Cmds","No Write Responses","No Write Responses","_","_","_","_","_","_","_","_","No Write Data Beats","No Write Data Beats"
1940,1940,0,0,1,1,0,0,0,8e5ffe20afb76fe31ba56e5faf65c9d2,0,3b9a3d13b8d6963fae1d8dc05a6037b2,0,1,0,1,ff81e4df,ffffffdb,0,1,0,0,0,00000000,"FIXED",3,00,"Data Secure Unprivileged","1 byte",0,0,00000000,"INCR",3,00,"Data Secure Unprivileged","4 bytes",0,0,ff8127fb,"OKAY",00000000,0,2,1,0,0,0,0,0,0,0,2,0,1,4,0,0,1,0,0037e400,"INCR",3,ff,0,"Data Secure Unprivileged",0,"4 bytes",0,00000000,"FIXED",0,00,0,"Data Secure Unprivileged",0,"1 byte",0,"OKAY",0,c08d1dae,"OKAY",00000000,4,2,0,1,0,0,0,0,2,0,1,0,2,1,0,2,1,0,c08d1dae,3,f,0,0,0,00000004,3,1,0,0,1,"No Read Addr Cmds","No Read Addr Cmds","No Write Addr Cmds","No Write Addr Cmds","No Write Responses","No Write Responses","_","_","_","_","_","_","_","_","No Write Data Beats","No Write Data Beats"
1941,1941,0,0,1,1,0,0,0,8e5ffe20afb76fe31ba56e5faf65c9d2,0,3b9a3d13b8d6963fae1d8dc05a6037b2,0,1,0,1,ff81e4df,ffffffdb,0,1,0,0,0,00000000,"FIXED",3,00,"Data Secure Unprivileged","1 byte",0,0,00000000,"INCR",3,00,"Data Secure Unprivileged","4 bytes",0,0,ff8127fb,"OKAY",00000000,0,2,1,0,0,0,0,0,0,0,2,0,1,4,0,0,1,0,0037e400,"INCR",3,ff,0,"Data Secure Unprivileged",0,"4 bytes",0,00000000,"FIXED",0,00,0,"Data Secure Unprivileged",0,"1 byte",0,"OKAY",0,c08d1dae,"OKAY",00000000,4,2,0,1,0,0,0,0,2,0,1,0,2,1,0,2,1,0,c08d1dae,3,f,0,0,0,00000004,3,1,0,0,1,"No Read Addr Cmds","No Read Addr Cmds","No Write Addr Cmds","No Write Addr Cmds","No Write Responses","No Write Responses","_","_","_","_","_","_","_","_","No Write Data Beats","No Write Data Beats"
1942,1942,0,0,1,1,0,0,0,8e5ffe20afb76fe31ba56e5faf65c9d2,0,3b9a3d13b8d6963fae1d8dc05a6037b2,0,1,0,1,ff81e4df,ffffffdb,0,1,0,0,0,00000000,"FIXED",3,00,"Data Secure Unprivileged","1 byte",0,0,00000000,"INCR",3,00,"Data Secure Unprivileged","4 bytes",0,0,ff8127fb,"OKAY",00000000,0,2,1,0,0,0,0,0,0,0,2,0,1,4,0,0,1,0,0037e400,"INCR",3,ff,0,"Data Secure Unprivileged",0,"4 bytes",0,00000000,"FIXED",0,00,0,"Data Secure Unprivileged",0,"1 byte",0,"OKAY",0,c08d1dae,"OKAY",00000000,4,2,0,1,0,0,0,0,2,0,1,0,2,1,0,2,1,0,c08d1dae,3,f,0,0,0,00000004,3,1,0,0,1,"No Read Addr Cmds","No Read Addr Cmds","No Write Addr Cmds","No Write Addr Cmds","No Write Responses","No Write Responses","_","_","_","_","_","_","_","_","No Write Data Beats","No Write Data Beats"
1943,1943,0,0,1,1,0,0,0,8e5ffe20afb76fe31ba56e5faf65c9d2,0,3b9a3d13b8d6963fae1d8dc05a6037b2,0,1,0,1,ff81e4df,ffffffdb,0,1,0,0,0,00000000,"FIXED",3,00,"Data Secure Unprivileged","1 byte",0,0,00000000,"INCR",3,00,"Data Secure Unprivileged","4 bytes",0,0,ff8127fb,"OKAY",00000000,0,2,1,0,0,0,0,0,0,0,2,0,1,4,0,0,1,0,0037e400,"INCR",3,ff,0,"Data Secure Unprivileged",0,"4 bytes",0,00000000,"FIXED",0,00,0,"Data Secure Unprivileged",0,"1 byte",0,"OKAY",0,c08d1dae,"OKAY",00000000,4,2,0,1,0,0,0,0,2,0,1,0,2,1,0,2,1,0,c08d1dae,3,f,0,0,0,00000004,3,1,0,0,1,"No Read Addr Cmds","No Read Addr Cmds","No Write Addr Cmds","No Write Addr Cmds","No Write Responses","No Write Responses","_","_","_","_","_","_","_","_","No Write Data Beats","No Write Data Beats"
1944,1944,0,0,1,1,0,0,0,8e5ffe20afb76fe31ba56e5faf65c9d2,0,3b9a3d13b8d6963fae1d8dc05a6037b2,0,1,0,1,ff81e4df,ffffffdb,0,1,0,0,0,00000000,"FIXED",3,00,"Data Secure Unprivileged","1 byte",0,0,00000000,"INCR",3,00,"Data Secure Unprivileged","4 bytes",0,0,ff8127fb,"OKAY",00000000,0,2,1,0,0,0,0,0,0,0,2,0,1,4,0,0,1,0,0037e400,"INCR",3,ff,0,"Data Secure Unprivileged",0,"4 bytes",0,00000000,"FIXED",0,00,0,"Data Secure Unprivileged",0,"1 byte",0,"OKAY",0,c08d1dae,"OKAY",00000000,4,2,0,1,0,0,0,0,2,0,1,0,2,1,0,2,1,0,c08d1dae,3,f,0,0,0,00000004,3,1,0,0,1,"No Read Addr Cmds","No Read Addr Cmds","No Write Addr Cmds","No Write Addr Cmds","No Write Responses","No Write Responses","_","_","_","_","_","_","_","_","No Write Data Beats","No Write Data Beats"
1945,1945,0,0,1,1,0,0,0,8e5ffe20afb76fe31ba56e5faf65c9d2,0,3b9a3d13b8d6963fae1d8dc05a6037b2,0,1,0,1,ff81e4df,ffffffdb,0,1,0,0,0,00000000,"FIXED",3,00,"Data Secure Unprivileged","1 byte",0,0,00000000,"INCR",3,00,"Data Secure Unprivileged","4 bytes",0,0,ff8127fb,"OKAY",00000000,0,2,1,0,0,0,0,0,0,0,2,0,1,4,0,0,1,0,0037e400,"INCR",3,ff,0,"Data Secure Unprivileged",0,"4 bytes",0,00000000,"FIXED",0,00,0,"Data Secure Unprivileged",0,"1 byte",0,"OKAY",0,c08d1dae,"OKAY",00000000,4,2,0,1,0,0,0,0,2,0,1,0,2,1,0,2,1,0,c08d1dae,3,f,0,0,0,00000004,3,1,0,0,1,"No Read Addr Cmds","No Read Addr Cmds","No Write Addr Cmds","No Write Addr Cmds","No Write Responses","No Write Responses","_","_","_","_","_","_","_","_","No Write Data Beats","No Write Data Beats"
1946,1946,0,0,1,1,0,0,0,8e5ffe20afb76fe31ba56e5faf65c9d2,0,3b9a3d13b8d6963fae1d8dc05a6037b2,0,1,0,1,ff81e4df,ffffffdb,0,1,0,0,0,00000000,"FIXED",3,00,"Data Secure Unprivileged","1 byte",0,0,00000000,"INCR",3,00,"Data Secure Unprivileged","4 bytes",0,0,ff8127fb,"OKAY",00000000,0,2,1,0,0,0,0,0,0,0,2,0,1,4,0,0,1,0,0037e400,"INCR",3,ff,0,"Data Secure Unprivileged",0,"4 bytes",0,00000000,"FIXED",0,00,0,"Data Secure Unprivileged",0,"1 byte",0,"OKAY",0,c08d1dae,"OKAY",00000000,4,2,0,1,0,0,0,0,2,0,1,0,2,1,0,2,1,0,c08d1dae,3,f,0,0,0,00000004,3,1,0,0,1,"No Read Addr Cmds","No Read Addr Cmds","No Write Addr Cmds","No Write Addr Cmds","No Write Responses","No Write Responses","_","_","_","_","_","_","_","_","No Write Data Beats","No Write Data Beats"
1947,1947,0,0,1,1,0,0,0,8e5ffe20afb76fe31ba56e5faf65c9d2,0,3b9a3d13b8d6963fae1d8dc05a6037b2,0,1,0,1,ff81e4df,ffffffdb,0,1,0,0,0,00000000,"FIXED",3,00,"Data Secure Unprivileged","1 byte",0,0,00000000,"INCR",3,00,"Data Secure Unprivileged","4 bytes",0,0,ff8127fb,"OKAY",00000000,0,2,1,0,0,0,0,0,0,0,2,0,1,4,0,0,1,0,0037e400,"INCR",3,ff,0,"Data Secure Unprivileged",0,"4 bytes",0,00000000,"FIXED",0,00,0,"Data Secure Unprivileged",0,"1 byte",0,"OKAY",0,c08d1dae,"OKAY",00000000,4,2,0,1,0,0,0,0,2,0,1,0,2,1,0,2,1,0,c08d1dae,3,f,0,0,0,00000004,3,1,0,0,1,"No Read Addr Cmds","No Read Addr Cmds","No Write Addr Cmds","No Write Addr Cmds","No Write Responses","No Write Responses","_","_","_","_","_","_","_","_","No Write Data Beats","No Write Data Beats"
1948,1948,0,0,1,1,0,0,0,8e5ffe20afb76fe31ba56e5faf65c9d2,0,3b9a3d13b8d6963fae1d8dc05a6037b2,0,1,0,1,ff81e4df,ffffffdb,0,1,0,0,0,00000000,"FIXED",3,00,"Data Secure Unprivileged","1 byte",0,0,00000000,"INCR",3,00,"Data Secure Unprivileged","4 bytes",0,0,ff8127fb,"OKAY",00000000,0,2,1,0,0,0,0,0,0,0,2,0,1,4,0,0,1,0,0037e400,"INCR",3,ff,0,"Data Secure Unprivileged",0,"4 bytes",0,00000000,"FIXED",0,00,0,"Data Secure Unprivileged",0,"1 byte",0,"OKAY",0,c08d1dae,"OKAY",00000000,4,2,0,1,0,0,0,0,2,0,1,0,2,1,0,2,1,0,c08d1dae,3,f,0,0,0,00000004,3,1,0,0,1,"No Read Addr Cmds","No Read Addr Cmds","No Write Addr Cmds","No Write Addr Cmds","No Write Responses","No Write Responses","_","_","_","_","_","_","_","_","No Write Data Beats","No Write Data Beats"
1949,1949,0,0,1,1,0,0,0,8e5ffe20afb76fe31ba56e5faf65c9d2,0,3b9a3d13b8d6963fae1d8dc05a6037b2,0,1,0,1,ff81e4df,ffffffdb,0,1,0,0,0,00000000,"FIXED",3,00,"Data Secure Unprivileged","1 byte",0,0,00000000,"INCR",3,00,"Data Secure Unprivileged","4 bytes",0,0,ff8127fb,"OKAY",00000000,0,2,1,0,0,0,0,0,0,0,2,0,1,4,0,0,1,0,0037e400,"INCR",3,ff,0,"Data Secure Unprivileged",0,"4 bytes",0,00000000,"FIXED",0,00,0,"Data Secure Unprivileged",0,"1 byte",0,"OKAY",0,c08d1dae,"OKAY",00000000,4,2,0,1,0,0,0,0,2,0,1,0,2,1,0,2,1,0,c08d1dae,3,f,0,0,0,00000004,3,1,0,0,1,"No Read Addr Cmds","No Read Addr Cmds","No Write Addr Cmds","No Write Addr Cmds","No Write Responses","No Write Responses","_","_","_","_","_","_","_","_","No Write Data Beats","No Write Data Beats"
1950,1950,0,0,1,1,0,0,0,8e5ffe20afb76fe31ba56e5faf65c9d2,0,3b9a3d13b8d6963fae1d8dc05a6037b2,0,1,0,1,ff81e4df,ffffffdb,0,1,0,0,0,00000000,"FIXED",3,00,"Data Secure Unprivileged","1 byte",0,0,00000000,"INCR",3,00,"Data Secure Unprivileged","4 bytes",0,0,ff8127fb,"OKAY",00000000,0,2,1,0,0,0,0,0,0,0,2,0,1,4,0,0,1,0,0037e400,"INCR",3,ff,0,"Data Secure Unprivileged",0,"4 bytes",0,00000000,"FIXED",0,00,0,"Data Secure Unprivileged",0,"1 byte",0,"OKAY",0,c08d1dae,"OKAY",00000000,4,2,0,1,0,0,0,0,2,0,1,0,2,1,0,2,1,0,c08d1dae,3,f,0,0,0,00000004,3,1,0,0,1,"No Read Addr Cmds","No Read Addr Cmds","No Write Addr Cmds","No Write Addr Cmds","No Write Responses","No Write Responses","_","_","_","_","_","_","_","_","No Write Data Beats","No Write Data Beats"
1951,1951,0,0,1,1,0,0,0,8e5ffe20afb76fe31ba56e5faf65c9d2,0,3b9a3d13b8d6963fae1d8dc05a6037b2,0,1,0,1,ff81e4df,ffffffdb,0,1,0,0,0,00000000,"FIXED",3,00,"Data Secure Unprivileged","1 byte",0,0,00000000,"INCR",3,00,"Data Secure Unprivileged","4 bytes",0,0,ff8127fb,"OKAY",00000000,0,2,1,0,0,0,0,0,0,0,2,0,1,4,0,0,1,0,0037e400,"INCR",3,ff,0,"Data Secure Unprivileged",0,"4 bytes",0,00000000,"FIXED",0,00,0,"Data Secure Unprivileged",0,"1 byte",0,"OKAY",0,c08d1dae,"OKAY",00000000,4,2,0,1,0,0,0,0,2,0,1,0,2,1,0,2,1,0,c08d1dae,3,f,0,0,0,00000004,3,1,0,0,1,"No Read Addr Cmds","No Read Addr Cmds","No Write Addr Cmds","No Write Addr Cmds","No Write Responses","No Write Responses","_","_","_","_","_","_","_","_","No Write Data Beats","No Write Data Beats"
1952,1952,0,0,1,1,0,0,0,8e5ffe20afb76fe31ba56e5faf65c9d2,0,3b9a3d13b8d6963fae1d8dc05a6037b2,0,1,0,1,ff81e4df,ffffffdb,0,1,0,0,0,00000000,"FIXED",3,00,"Data Secure Unprivileged","1 byte",0,0,00000000,"INCR",3,00,"Data Secure Unprivileged","4 bytes",0,0,ff8127fb,"OKAY",00000000,0,2,1,0,0,0,0,0,0,0,2,0,1,4,0,0,1,0,0037e400,"INCR",3,ff,0,"Data Secure Unprivileged",0,"4 bytes",0,00000000,"FIXED",0,00,0,"Data Secure Unprivileged",0,"1 byte",0,"OKAY",0,c08d1dae,"OKAY",00000000,4,2,0,1,0,0,0,0,2,0,1,0,2,1,0,2,1,0,c08d1dae,3,f,0,0,0,00000004,3,1,0,0,1,"No Read Addr Cmds","No Read Addr Cmds","No Write Addr Cmds","No Write Addr Cmds","No Write Responses","No Write Responses","_","_","_","_","_","_","_","_","No Write Data Beats","No Write Data Beats"
1953,1953,0,0,1,1,0,0,0,8e5ffe20afb76fe31ba56e5faf65c9d2,0,3b9a3d13b8d6963fae1d8dc05a6037b2,0,1,0,1,ff81e4df,ffffffdb,0,1,0,0,0,00000000,"FIXED",3,00,"Data Secure Unprivileged","1 byte",0,0,00000000,"INCR",3,00,"Data Secure Unprivileged","4 bytes",0,0,ff8127fb,"OKAY",00000000,0,2,1,0,0,0,0,0,0,0,2,0,1,4,0,0,1,0,0037e400,"INCR",3,ff,0,"Data Secure Unprivileged",0,"4 bytes",0,00000000,"FIXED",0,00,0,"Data Secure Unprivileged",0,"1 byte",0,"OKAY",0,c08d1dae,"OKAY",00000000,4,2,0,1,0,0,0,0,2,0,1,0,2,1,0,2,1,0,c08d1dae,3,f,0,0,0,00000004,3,1,0,0,1,"No Read Addr Cmds","No Read Addr Cmds","No Write Addr Cmds","No Write Addr Cmds","No Write Responses","No Write Responses","_","_","_","_","_","_","_","_","No Write Data Beats","No Write Data Beats"
1954,1954,0,0,1,1,0,0,0,8e5ffe20afb76fe31ba56e5faf65c9d2,0,3b9a3d13b8d6963fae1d8dc05a6037b2,0,1,0,1,ff81e4df,ffffffdb,0,1,0,0,0,00000000,"FIXED",3,00,"Data Secure Unprivileged","1 byte",0,0,00000000,"INCR",3,00,"Data Secure Unprivileged","4 bytes",0,0,ff8127fb,"OKAY",00000000,0,2,1,0,0,0,0,0,0,0,2,0,1,4,0,0,1,0,0037e400,"INCR",3,ff,0,"Data Secure Unprivileged",0,"4 bytes",0,00000000,"FIXED",0,00,0,"Data Secure Unprivileged",0,"1 byte",0,"OKAY",0,c08d1dae,"OKAY",00000000,4,2,0,1,0,0,0,0,2,0,1,0,2,1,0,2,1,0,c08d1dae,3,f,0,0,0,00000004,3,1,0,0,1,"No Read Addr Cmds","No Read Addr Cmds","No Write Addr Cmds","No Write Addr Cmds","No Write Responses","No Write Responses","_","_","_","_","_","_","_","_","No Write Data Beats","No Write Data Beats"
1955,1955,0,0,1,1,0,0,0,8e5ffe20afb76fe31ba56e5faf65c9d2,0,3b9a3d13b8d6963fae1d8dc05a6037b2,0,1,0,1,ff81e4df,ffffffdb,0,1,0,0,0,00000000,"FIXED",3,00,"Data Secure Unprivileged","1 byte",0,0,00000000,"INCR",3,00,"Data Secure Unprivileged","4 bytes",0,0,ff8127fb,"OKAY",00000000,0,2,1,0,0,0,0,0,0,0,2,0,1,4,0,0,1,0,0037e400,"INCR",3,ff,0,"Data Secure Unprivileged",0,"4 bytes",0,00000000,"FIXED",0,00,0,"Data Secure Unprivileged",0,"1 byte",0,"OKAY",0,c08d1dae,"OKAY",00000000,4,2,0,1,0,0,0,0,2,0,1,0,2,1,0,2,1,0,c08d1dae,3,f,0,0,0,00000004,3,1,0,0,1,"No Read Addr Cmds","No Read Addr Cmds","No Write Addr Cmds","No Write Addr Cmds","No Write Responses","No Write Responses","_","_","_","_","_","_","_","_","No Write Data Beats","No Write Data Beats"
1956,1956,0,0,1,1,0,0,0,8e5ffe20afb76fe31ba56e5faf65c9d2,0,3b9a3d13b8d6963fae1d8dc05a6037b2,0,1,0,1,ff81e4df,ffffffdb,0,1,0,0,0,00000000,"FIXED",3,00,"Data Secure Unprivileged","1 byte",0,0,00000000,"INCR",3,00,"Data Secure Unprivileged","4 bytes",0,0,ff8127fb,"OKAY",00000000,0,2,1,0,0,0,0,0,0,0,2,0,1,4,0,0,1,0,0037e400,"INCR",3,ff,0,"Data Secure Unprivileged",0,"4 bytes",0,00000000,"FIXED",0,00,0,"Data Secure Unprivileged",0,"1 byte",0,"OKAY",0,c08d1dae,"OKAY",00000000,4,2,0,1,0,0,0,0,2,0,1,0,2,1,0,2,1,0,c08d1dae,3,f,0,0,0,00000004,3,1,0,0,1,"No Read Addr Cmds","No Read Addr Cmds","No Write Addr Cmds","No Write Addr Cmds","No Write Responses","No Write Responses","_","_","_","_","_","_","_","_","No Write Data Beats","No Write Data Beats"
1957,1957,0,0,1,1,0,0,0,8e5ffe20afb76fe31ba56e5faf65c9d2,0,3b9a3d13b8d6963fae1d8dc05a6037b2,0,1,0,1,ff81e4df,ffffffdb,0,1,0,0,0,00000000,"FIXED",3,00,"Data Secure Unprivileged","1 byte",0,0,00000000,"INCR",3,00,"Data Secure Unprivileged","4 bytes",0,0,ff8127fb,"OKAY",00000000,0,2,1,0,0,0,0,0,0,0,2,0,1,4,0,0,1,0,0037e400,"INCR",3,ff,0,"Data Secure Unprivileged",0,"4 bytes",0,00000000,"FIXED",0,00,0,"Data Secure Unprivileged",0,"1 byte",0,"OKAY",0,c08d1dae,"OKAY",00000000,4,2,0,1,0,0,0,0,2,0,1,0,2,1,0,2,1,0,c08d1dae,3,f,0,0,0,00000004,3,1,0,0,1,"No Read Addr Cmds","No Read Addr Cmds","No Write Addr Cmds","No Write Addr Cmds","No Write Responses","No Write Responses","_","_","_","_","_","_","_","_","No Write Data Beats","No Write Data Beats"
1958,1958,0,0,1,1,0,0,0,8e5ffe20afb76fe31ba56e5faf65c9d2,0,3b9a3d13b8d6963fae1d8dc05a6037b2,0,1,0,1,ff81e4df,ffffffdb,0,1,0,0,0,00000000,"FIXED",3,00,"Data Secure Unprivileged","1 byte",0,0,00000000,"INCR",3,00,"Data Secure Unprivileged","4 bytes",0,0,ff8127fb,"OKAY",00000000,0,2,1,0,0,0,0,0,0,0,2,0,1,4,0,0,1,0,0037e400,"INCR",3,ff,0,"Data Secure Unprivileged",0,"4 bytes",0,00000000,"FIXED",0,00,0,"Data Secure Unprivileged",0,"1 byte",0,"OKAY",0,c08d1dae,"OKAY",00000000,4,2,0,1,0,0,0,0,2,0,1,0,2,1,0,2,1,0,c08d1dae,3,f,0,0,0,00000004,3,1,0,0,1,"No Read Addr Cmds","No Read Addr Cmds","No Write Addr Cmds","No Write Addr Cmds","No Write Responses","No Write Responses","_","_","_","_","_","_","_","_","No Write Data Beats","No Write Data Beats"
1959,1959,0,0,1,1,0,0,0,8e5ffe20afb76fe31ba56e5faf65c9d2,0,3b9a3d13b8d6963fae1d8dc05a6037b2,0,1,0,1,ff81e4df,ffffffdb,0,1,0,0,0,00000000,"FIXED",3,00,"Data Secure Unprivileged","1 byte",0,0,00000000,"INCR",3,00,"Data Secure Unprivileged","4 bytes",0,0,ff8127fb,"OKAY",00000000,0,2,1,0,0,0,0,0,0,0,2,0,1,4,0,0,1,0,0037e400,"INCR",3,ff,0,"Data Secure Unprivileged",0,"4 bytes",0,00000000,"FIXED",0,00,0,"Data Secure Unprivileged",0,"1 byte",0,"OKAY",0,c08d1dae,"OKAY",00000000,4,2,0,1,0,0,0,0,2,0,1,0,2,1,0,2,1,0,c08d1dae,3,f,0,0,0,00000004,3,1,0,0,1,"No Read Addr Cmds","No Read Addr Cmds","No Write Addr Cmds","No Write Addr Cmds","No Write Responses","No Write Responses","_","_","_","_","_","_","_","_","No Write Data Beats","No Write Data Beats"
1960,1960,0,0,1,1,0,0,0,8e5ffe20afb76fe31ba56e5faf65c9d2,0,3b9a3d13b8d6963fae1d8dc05a6037b2,0,1,0,1,ff81e4df,ffffffdb,0,1,0,0,0,00000000,"FIXED",3,00,"Data Secure Unprivileged","1 byte",0,0,00000000,"INCR",3,00,"Data Secure Unprivileged","4 bytes",0,0,ff8127fb,"OKAY",00000000,0,2,1,0,0,0,0,0,0,0,2,0,1,4,0,0,1,0,0037e400,"INCR",3,ff,0,"Data Secure Unprivileged",0,"4 bytes",0,00000000,"FIXED",0,00,0,"Data Secure Unprivileged",0,"1 byte",0,"OKAY",0,c08d1dae,"OKAY",00000000,4,2,0,1,0,0,0,0,2,0,1,0,2,1,0,2,1,0,c08d1dae,3,f,0,0,0,00000004,3,1,0,0,1,"No Read Addr Cmds","No Read Addr Cmds","No Write Addr Cmds","No Write Addr Cmds","No Write Responses","No Write Responses","_","_","_","_","_","_","_","_","No Write Data Beats","No Write Data Beats"
1961,1961,0,0,1,1,0,0,0,8e5ffe20afb76fe31ba56e5faf65c9d2,0,3b9a3d13b8d6963fae1d8dc05a6037b2,0,1,0,1,ff81e4df,ffffffdb,0,1,0,0,0,00000000,"FIXED",3,00,"Data Secure Unprivileged","1 byte",0,0,00000000,"INCR",3,00,"Data Secure Unprivileged","4 bytes",0,0,ff8127fb,"OKAY",00000000,0,2,1,0,0,0,0,0,0,0,2,0,1,4,0,0,1,0,0037e400,"INCR",3,ff,0,"Data Secure Unprivileged",0,"4 bytes",0,00000000,"FIXED",0,00,0,"Data Secure Unprivileged",0,"1 byte",0,"OKAY",0,c08d1dae,"OKAY",00000000,4,2,0,1,0,0,0,0,2,0,1,0,2,1,0,2,1,0,c08d1dae,3,f,0,0,0,00000004,3,1,0,0,1,"No Read Addr Cmds","No Read Addr Cmds","No Write Addr Cmds","No Write Addr Cmds","No Write Responses","No Write Responses","_","_","_","_","_","_","_","_","No Write Data Beats","No Write Data Beats"
1962,1962,0,0,1,1,0,0,0,8e5ffe20afb76fe31ba56e5faf65c9d2,0,3b9a3d13b8d6963fae1d8dc05a6037b2,0,1,0,1,ff81e4df,ffffffdb,0,1,0,0,0,00000000,"FIXED",3,00,"Data Secure Unprivileged","1 byte",0,0,00000000,"INCR",3,00,"Data Secure Unprivileged","4 bytes",0,0,ff8127fb,"OKAY",00000000,0,2,1,0,0,0,0,0,0,0,2,0,1,4,0,0,1,0,0037e400,"INCR",3,ff,0,"Data Secure Unprivileged",0,"4 bytes",0,00000000,"FIXED",0,00,0,"Data Secure Unprivileged",0,"1 byte",0,"OKAY",0,c08d1dae,"OKAY",00000000,4,2,0,1,0,0,0,0,2,0,1,0,2,1,0,2,1,0,c08d1dae,3,f,0,0,0,00000004,3,1,0,0,1,"No Read Addr Cmds","No Read Addr Cmds","No Write Addr Cmds","No Write Addr Cmds","No Write Responses","No Write Responses","_","_","_","_","_","_","_","_","No Write Data Beats","No Write Data Beats"
1963,1963,0,0,1,1,0,0,0,8e5ffe20afb76fe31ba56e5faf65c9d2,0,3b9a3d13b8d6963fae1d8dc05a6037b2,0,1,0,1,ff81e4df,ffffffdb,0,1,0,0,0,00000000,"FIXED",3,00,"Data Secure Unprivileged","1 byte",0,0,00000000,"INCR",3,00,"Data Secure Unprivileged","4 bytes",0,0,ff8127fb,"OKAY",00000000,0,2,1,0,0,0,0,0,0,0,2,0,1,4,0,0,1,0,0037e400,"INCR",3,ff,0,"Data Secure Unprivileged",0,"4 bytes",0,00000000,"FIXED",0,00,0,"Data Secure Unprivileged",0,"1 byte",0,"OKAY",0,c08d1dae,"OKAY",00000000,4,2,0,1,0,0,0,0,2,0,1,0,2,1,0,2,1,0,c08d1dae,3,f,0,0,0,00000004,3,1,0,0,1,"No Read Addr Cmds","No Read Addr Cmds","No Write Addr Cmds","No Write Addr Cmds","No Write Responses","No Write Responses","_","_","_","_","_","_","_","_","No Write Data Beats","No Write Data Beats"
1964,1964,0,0,1,1,0,0,0,8e5ffe20afb76fe31ba56e5faf65c9d2,0,3b9a3d13b8d6963fae1d8dc05a6037b2,0,1,0,1,ff81e4df,ffffffdb,0,1,0,0,0,00000000,"FIXED",3,00,"Data Secure Unprivileged","1 byte",0,0,00000000,"INCR",3,00,"Data Secure Unprivileged","4 bytes",0,0,ff8127fb,"OKAY",00000000,0,2,1,0,0,0,0,0,0,0,2,0,1,4,0,0,1,0,0037e400,"INCR",3,ff,0,"Data Secure Unprivileged",0,"4 bytes",0,00000000,"FIXED",0,00,0,"Data Secure Unprivileged",0,"1 byte",0,"OKAY",0,c08d1dae,"OKAY",00000000,4,2,0,1,0,0,0,0,2,0,1,0,2,1,0,2,1,0,c08d1dae,3,f,0,0,0,00000004,3,1,0,0,1,"No Read Addr Cmds","No Read Addr Cmds","No Write Addr Cmds","No Write Addr Cmds","No Write Responses","No Write Responses","_","_","_","_","_","_","_","_","No Write Data Beats","No Write Data Beats"
1965,1965,0,0,1,1,0,0,0,8e5ffe20afb76fe31ba56e5faf65c9d2,0,3b9a3d13b8d6963fae1d8dc05a6037b2,0,1,0,1,ff81e4df,ffffffdb,0,1,0,0,0,00000000,"FIXED",3,00,"Data Secure Unprivileged","1 byte",0,0,00000000,"INCR",3,00,"Data Secure Unprivileged","4 bytes",0,0,ff8127fb,"OKAY",00000000,0,2,1,0,0,0,0,0,0,0,2,0,1,4,0,0,1,0,0037e400,"INCR",3,ff,0,"Data Secure Unprivileged",0,"4 bytes",0,00000000,"FIXED",0,00,0,"Data Secure Unprivileged",0,"1 byte",0,"OKAY",0,c08d1dae,"OKAY",00000000,4,2,0,1,0,0,0,0,2,0,1,0,2,1,0,2,1,0,c08d1dae,3,f,0,0,0,00000004,3,1,0,0,1,"No Read Addr Cmds","No Read Addr Cmds","No Write Addr Cmds","No Write Addr Cmds","No Write Responses","No Write Responses","_","_","_","_","_","_","_","_","No Write Data Beats","No Write Data Beats"
1966,1966,0,0,1,1,0,0,0,8e5ffe20afb76fe31ba56e5faf65c9d2,0,3b9a3d13b8d6963fae1d8dc05a6037b2,0,1,0,1,ff81e4df,ffffffdb,0,1,0,0,0,00000000,"FIXED",3,00,"Data Secure Unprivileged","1 byte",0,0,00000000,"INCR",3,00,"Data Secure Unprivileged","4 bytes",0,0,ff8127fb,"OKAY",00000000,0,2,1,0,0,0,0,0,0,0,2,0,1,4,0,0,1,0,0037e400,"INCR",3,ff,0,"Data Secure Unprivileged",0,"4 bytes",0,00000000,"FIXED",0,00,0,"Data Secure Unprivileged",0,"1 byte",0,"OKAY",0,c08d1dae,"OKAY",00000000,4,2,0,1,0,0,0,0,2,0,1,0,2,1,0,2,1,0,c08d1dae,3,f,0,0,0,00000004,3,1,0,0,1,"No Read Addr Cmds","No Read Addr Cmds","No Write Addr Cmds","No Write Addr Cmds","No Write Responses","No Write Responses","_","_","_","_","_","_","_","_","No Write Data Beats","No Write Data Beats"
1967,1967,0,0,1,1,0,0,0,8e5ffe20afb76fe31ba56e5faf65c9d2,0,3b9a3d13b8d6963fae1d8dc05a6037b2,0,1,0,1,ff81e4df,ffffffdb,0,1,0,0,0,00000000,"FIXED",3,00,"Data Secure Unprivileged","1 byte",0,0,00000000,"INCR",3,00,"Data Secure Unprivileged","4 bytes",0,0,ff8127fb,"OKAY",00000000,0,2,1,0,0,0,0,0,0,0,2,0,1,4,0,0,1,0,0037e400,"INCR",3,ff,0,"Data Secure Unprivileged",0,"4 bytes",0,00000000,"FIXED",0,00,0,"Data Secure Unprivileged",0,"1 byte",0,"OKAY",0,c08d1dae,"OKAY",00000000,4,2,0,1,0,0,0,0,2,0,1,0,2,1,0,2,1,0,c08d1dae,3,f,0,0,0,00000004,3,1,0,0,1,"No Read Addr Cmds","No Read Addr Cmds","No Write Addr Cmds","No Write Addr Cmds","No Write Responses","No Write Responses","_","_","_","_","_","_","_","_","No Write Data Beats","No Write Data Beats"
1968,1968,0,0,1,1,0,0,0,8e5ffe20afb76fe31ba56e5faf65c9d2,0,3b9a3d13b8d6963fae1d8dc05a6037b2,0,1,0,1,ff81e4df,ffffffdb,0,1,0,0,0,00000000,"FIXED",3,00,"Data Secure Unprivileged","1 byte",0,0,00000000,"INCR",3,00,"Data Secure Unprivileged","4 bytes",0,0,ff8127fb,"OKAY",00000000,0,2,1,0,0,0,0,0,0,0,2,0,1,4,0,0,1,0,0037e400,"INCR",3,ff,0,"Data Secure Unprivileged",0,"4 bytes",0,00000000,"FIXED",0,00,0,"Data Secure Unprivileged",0,"1 byte",0,"OKAY",0,c08d1dae,"OKAY",00000000,4,2,0,1,0,0,0,0,2,0,1,0,2,1,0,2,1,0,c08d1dae,3,f,0,0,0,00000004,3,1,0,0,1,"No Read Addr Cmds","No Read Addr Cmds","No Write Addr Cmds","No Write Addr Cmds","No Write Responses","No Write Responses","_","_","_","_","_","_","_","_","No Write Data Beats","No Write Data Beats"
1969,1969,0,0,1,1,0,0,0,8e5ffe20afb76fe31ba56e5faf65c9d2,0,3b9a3d13b8d6963fae1d8dc05a6037b2,0,1,0,1,ff81e4df,ffffffdb,0,1,0,0,0,00000000,"FIXED",3,00,"Data Secure Unprivileged","1 byte",0,0,00000000,"INCR",3,00,"Data Secure Unprivileged","4 bytes",0,0,ff8127fb,"OKAY",00000000,0,2,1,0,0,0,0,0,0,0,2,0,1,4,0,0,1,0,0037e400,"INCR",3,ff,0,"Data Secure Unprivileged",0,"4 bytes",0,00000000,"FIXED",0,00,0,"Data Secure Unprivileged",0,"1 byte",0,"OKAY",0,c08d1dae,"OKAY",00000000,4,2,0,1,0,0,0,0,2,0,1,0,2,1,0,2,1,0,c08d1dae,3,f,0,0,0,00000004,3,1,0,0,1,"No Read Addr Cmds","No Read Addr Cmds","No Write Addr Cmds","No Write Addr Cmds","No Write Responses","No Write Responses","_","_","_","_","_","_","_","_","No Write Data Beats","No Write Data Beats"
1970,1970,0,0,1,1,0,0,0,8e5ffe20afb76fe31ba56e5faf65c9d2,0,3b9a3d13b8d6963fae1d8dc05a6037b2,0,1,0,1,ff81e4df,ffffffdb,0,1,0,0,0,00000000,"FIXED",3,00,"Data Secure Unprivileged","1 byte",0,0,00000000,"INCR",3,00,"Data Secure Unprivileged","4 bytes",0,0,ff8127fb,"OKAY",00000000,0,2,1,0,0,0,0,0,0,0,2,0,1,4,0,0,1,0,0037e400,"INCR",3,ff,0,"Data Secure Unprivileged",0,"4 bytes",0,00000000,"FIXED",0,00,0,"Data Secure Unprivileged",0,"1 byte",0,"OKAY",0,c08d1dae,"OKAY",00000000,4,2,0,1,0,0,0,0,2,0,1,0,2,1,0,2,1,0,c08d1dae,3,f,0,0,0,00000004,3,1,0,0,1,"No Read Addr Cmds","No Read Addr Cmds","No Write Addr Cmds","No Write Addr Cmds","No Write Responses","No Write Responses","_","_","_","_","_","_","_","_","No Write Data Beats","No Write Data Beats"
1971,1971,0,0,1,1,0,0,0,8e5ffe20afb76fe31ba56e5faf65c9d2,0,3b9a3d13b8d6963fae1d8dc05a6037b2,0,1,0,1,ff81e4df,ffffffdb,0,1,0,0,0,00000000,"FIXED",3,00,"Data Secure Unprivileged","1 byte",0,0,00000000,"INCR",3,00,"Data Secure Unprivileged","4 bytes",0,0,ff8127fb,"OKAY",00000000,0,2,1,0,0,0,0,0,0,0,2,0,1,4,0,0,1,0,0037e400,"INCR",3,ff,0,"Data Secure Unprivileged",0,"4 bytes",0,00000000,"FIXED",0,00,0,"Data Secure Unprivileged",0,"1 byte",0,"OKAY",0,c08d1dae,"OKAY",00000000,4,2,0,1,0,0,0,0,2,0,1,0,2,1,0,2,1,0,c08d1dae,3,f,0,0,0,00000004,3,1,0,0,1,"No Read Addr Cmds","No Read Addr Cmds","No Write Addr Cmds","No Write Addr Cmds","No Write Responses","No Write Responses","_","_","_","_","_","_","_","_","No Write Data Beats","No Write Data Beats"
1972,1972,0,0,1,1,0,0,0,8e5ffe20afb76fe31ba56e5faf65c9d2,0,3b9a3d13b8d6963fae1d8dc05a6037b2,0,1,0,1,ff81e4df,ffffffdb,0,1,0,0,0,00000000,"FIXED",3,00,"Data Secure Unprivileged","1 byte",0,0,00000000,"INCR",3,00,"Data Secure Unprivileged","4 bytes",0,0,ff8127fb,"OKAY",00000000,0,2,1,0,0,0,0,0,0,0,2,0,1,4,0,0,1,0,0037e400,"INCR",3,ff,0,"Data Secure Unprivileged",0,"4 bytes",0,00000000,"FIXED",0,00,0,"Data Secure Unprivileged",0,"1 byte",0,"OKAY",0,c08d1dae,"OKAY",00000000,4,2,0,1,0,0,0,0,2,0,1,0,2,1,0,2,1,0,c08d1dae,3,f,0,0,0,00000004,3,1,0,0,1,"No Read Addr Cmds","No Read Addr Cmds","No Write Addr Cmds","No Write Addr Cmds","No Write Responses","No Write Responses","_","_","_","_","_","_","_","_","No Write Data Beats","No Write Data Beats"
1973,1973,0,0,1,1,0,0,0,8e5ffe20afb76fe31ba56e5faf65c9d2,0,3b9a3d13b8d6963fae1d8dc05a6037b2,0,1,0,1,ff81e4df,ffffffdb,0,1,0,0,0,00000000,"FIXED",3,00,"Data Secure Unprivileged","1 byte",0,0,00000000,"INCR",3,00,"Data Secure Unprivileged","4 bytes",0,0,ff8127fb,"OKAY",00000000,0,2,1,0,0,0,0,0,0,0,2,0,1,4,0,0,1,0,0037e400,"INCR",3,ff,0,"Data Secure Unprivileged",0,"4 bytes",0,00000000,"FIXED",0,00,0,"Data Secure Unprivileged",0,"1 byte",0,"OKAY",0,c08d1dae,"OKAY",00000000,4,2,0,1,0,0,0,0,2,0,1,0,2,1,0,2,1,0,c08d1dae,3,f,0,0,0,00000004,3,1,0,0,1,"No Read Addr Cmds","No Read Addr Cmds","No Write Addr Cmds","No Write Addr Cmds","No Write Responses","No Write Responses","_","_","_","_","_","_","_","_","No Write Data Beats","No Write Data Beats"
1974,1974,0,0,1,1,0,0,0,8e5ffe20afb76fe31ba56e5faf65c9d2,0,3b9a3d13b8d6963fae1d8dc05a6037b2,0,1,0,1,ff81e4df,ffffffdb,0,1,0,0,0,00000000,"FIXED",3,00,"Data Secure Unprivileged","1 byte",0,0,00000000,"INCR",3,00,"Data Secure Unprivileged","4 bytes",0,0,ff8127fb,"OKAY",00000000,0,2,1,0,0,0,0,0,0,0,2,0,1,4,0,0,1,0,0037e400,"INCR",3,ff,0,"Data Secure Unprivileged",0,"4 bytes",0,00000000,"FIXED",0,00,0,"Data Secure Unprivileged",0,"1 byte",0,"OKAY",0,c08d1dae,"OKAY",00000000,4,2,0,1,0,0,0,0,2,0,1,0,2,1,0,2,1,0,c08d1dae,3,f,0,0,0,00000004,3,1,0,0,1,"No Read Addr Cmds","No Read Addr Cmds","No Write Addr Cmds","No Write Addr Cmds","No Write Responses","No Write Responses","_","_","_","_","_","_","_","_","No Write Data Beats","No Write Data Beats"
1975,1975,0,0,1,1,0,0,0,8e5ffe20afb76fe31ba56e5faf65c9d2,0,3b9a3d13b8d6963fae1d8dc05a6037b2,0,1,0,1,ff81e4df,ffffffdb,0,1,0,0,0,00000000,"FIXED",3,00,"Data Secure Unprivileged","1 byte",0,0,00000000,"INCR",3,00,"Data Secure Unprivileged","4 bytes",0,0,ff8127fb,"OKAY",00000000,0,2,1,0,0,0,0,0,0,0,2,0,1,4,0,0,1,0,0037e400,"INCR",3,ff,0,"Data Secure Unprivileged",0,"4 bytes",0,00000000,"FIXED",0,00,0,"Data Secure Unprivileged",0,"1 byte",0,"OKAY",0,c08d1dae,"OKAY",00000000,4,2,0,1,0,0,0,0,2,0,1,0,2,1,0,2,1,0,c08d1dae,3,f,0,0,0,00000004,3,1,0,0,1,"No Read Addr Cmds","No Read Addr Cmds","No Write Addr Cmds","No Write Addr Cmds","No Write Responses","No Write Responses","_","_","_","_","_","_","_","_","No Write Data Beats","No Write Data Beats"
1976,1976,0,0,1,1,0,0,0,8e5ffe20afb76fe31ba56e5faf65c9d2,0,3b9a3d13b8d6963fae1d8dc05a6037b2,0,1,0,1,ff81e4df,ffffffdb,0,1,0,0,0,00000000,"FIXED",3,00,"Data Secure Unprivileged","1 byte",0,0,00000000,"INCR",3,00,"Data Secure Unprivileged","4 bytes",0,0,ff8127fb,"OKAY",00000000,0,2,1,0,0,0,0,0,0,0,2,0,1,4,0,0,1,0,0037e400,"INCR",3,ff,0,"Data Secure Unprivileged",0,"4 bytes",0,00000000,"FIXED",0,00,0,"Data Secure Unprivileged",0,"1 byte",0,"OKAY",0,c08d1dae,"OKAY",00000000,4,2,0,1,0,0,0,0,2,0,1,0,2,1,0,2,1,0,c08d1dae,3,f,0,0,0,00000004,3,1,0,0,1,"No Read Addr Cmds","No Read Addr Cmds","No Write Addr Cmds","No Write Addr Cmds","No Write Responses","No Write Responses","_","_","_","_","_","_","_","_","No Write Data Beats","No Write Data Beats"
1977,1977,0,0,1,1,0,0,0,8e5ffe20afb76fe31ba56e5faf65c9d2,0,3b9a3d13b8d6963fae1d8dc05a6037b2,0,1,0,1,ff81e4df,ffffffdb,0,1,0,0,0,00000000,"FIXED",3,00,"Data Secure Unprivileged","1 byte",0,0,00000000,"INCR",3,00,"Data Secure Unprivileged","4 bytes",0,0,ff8127fb,"OKAY",00000000,0,2,1,0,0,0,0,0,0,0,2,0,1,4,0,0,1,0,0037e400,"INCR",3,ff,0,"Data Secure Unprivileged",0,"4 bytes",0,00000000,"FIXED",0,00,0,"Data Secure Unprivileged",0,"1 byte",0,"OKAY",0,c08d1dae,"OKAY",00000000,4,2,0,1,0,0,0,0,2,0,1,0,2,1,0,2,1,0,c08d1dae,3,f,0,0,0,00000004,3,1,0,0,1,"No Read Addr Cmds","No Read Addr Cmds","No Write Addr Cmds","No Write Addr Cmds","No Write Responses","No Write Responses","_","_","_","_","_","_","_","_","No Write Data Beats","No Write Data Beats"
1978,1978,0,0,1,1,0,0,0,8e5ffe20afb76fe31ba56e5faf65c9d2,0,3b9a3d13b8d6963fae1d8dc05a6037b2,0,1,0,1,ff81e4df,ffffffdb,0,1,0,0,0,00000000,"FIXED",3,00,"Data Secure Unprivileged","1 byte",0,0,00000000,"INCR",3,00,"Data Secure Unprivileged","4 bytes",0,0,ff8127fb,"OKAY",00000000,0,2,1,0,0,0,0,0,0,0,2,0,1,4,0,0,1,0,0037e400,"INCR",3,ff,0,"Data Secure Unprivileged",0,"4 bytes",0,00000000,"FIXED",0,00,0,"Data Secure Unprivileged",0,"1 byte",0,"OKAY",0,c08d1dae,"OKAY",00000000,4,2,0,1,0,0,0,0,2,0,1,0,2,1,0,2,1,0,c08d1dae,3,f,0,0,0,00000004,3,1,0,0,1,"No Read Addr Cmds","No Read Addr Cmds","No Write Addr Cmds","No Write Addr Cmds","No Write Responses","No Write Responses","_","_","_","_","_","_","_","_","No Write Data Beats","No Write Data Beats"
1979,1979,0,0,1,1,0,0,0,8e5ffe20afb76fe31ba56e5faf65c9d2,0,3b9a3d13b8d6963fae1d8dc05a6037b2,0,1,0,1,ff81e4df,ffffffdb,0,1,0,0,0,00000000,"FIXED",3,00,"Data Secure Unprivileged","1 byte",0,0,00000000,"INCR",3,00,"Data Secure Unprivileged","4 bytes",0,0,ff8127fb,"OKAY",00000000,0,2,1,0,0,0,0,0,0,0,2,0,1,4,0,0,1,0,0037e400,"INCR",3,ff,0,"Data Secure Unprivileged",0,"4 bytes",0,00000000,"FIXED",0,00,0,"Data Secure Unprivileged",0,"1 byte",0,"OKAY",0,c08d1dae,"OKAY",00000000,4,2,0,1,0,0,0,0,2,0,1,0,2,1,0,2,1,0,c08d1dae,3,f,0,0,0,00000004,3,1,0,0,1,"No Read Addr Cmds","No Read Addr Cmds","No Write Addr Cmds","No Write Addr Cmds","No Write Responses","No Write Responses","_","_","_","_","_","_","_","_","No Write Data Beats","No Write Data Beats"
1980,1980,0,0,1,1,0,0,0,8e5ffe20afb76fe31ba56e5faf65c9d2,0,3b9a3d13b8d6963fae1d8dc05a6037b2,0,1,0,1,ff81e4df,ffffffdb,0,1,0,0,0,00000000,"FIXED",3,00,"Data Secure Unprivileged","1 byte",0,0,00000000,"INCR",3,00,"Data Secure Unprivileged","4 bytes",0,0,ff8127fb,"OKAY",00000000,0,2,1,0,0,0,0,0,0,0,2,0,1,4,0,0,1,0,0037e400,"INCR",3,ff,0,"Data Secure Unprivileged",0,"4 bytes",0,00000000,"FIXED",0,00,0,"Data Secure Unprivileged",0,"1 byte",0,"OKAY",0,c08d1dae,"OKAY",00000000,4,2,0,1,0,0,0,0,2,0,1,0,2,1,0,2,1,0,c08d1dae,3,f,0,0,0,00000004,3,1,0,0,1,"No Read Addr Cmds","No Read Addr Cmds","No Write Addr Cmds","No Write Addr Cmds","No Write Responses","No Write Responses","_","_","_","_","_","_","_","_","No Write Data Beats","No Write Data Beats"
1981,1981,0,0,1,1,0,0,0,8e5ffe20afb76fe31ba56e5faf65c9d2,0,3b9a3d13b8d6963fae1d8dc05a6037b2,0,1,0,1,ff81e4df,ffffffdb,0,1,0,0,0,00000000,"FIXED",3,00,"Data Secure Unprivileged","1 byte",0,0,00000000,"INCR",3,00,"Data Secure Unprivileged","4 bytes",0,0,ff8127fb,"OKAY",00000000,0,2,1,0,0,0,0,0,0,0,2,0,1,4,0,0,1,0,0037e400,"INCR",3,ff,0,"Data Secure Unprivileged",0,"4 bytes",0,00000000,"FIXED",0,00,0,"Data Secure Unprivileged",0,"1 byte",0,"OKAY",0,c08d1dae,"OKAY",00000000,4,2,0,1,0,0,0,0,2,0,1,0,2,1,0,2,1,0,c08d1dae,3,f,0,0,0,00000004,3,1,0,0,1,"No Read Addr Cmds","No Read Addr Cmds","No Write Addr Cmds","No Write Addr Cmds","No Write Responses","No Write Responses","_","_","_","_","_","_","_","_","No Write Data Beats","No Write Data Beats"
1982,1982,0,0,1,1,0,0,0,8e5ffe20afb76fe31ba56e5faf65c9d2,0,3b9a3d13b8d6963fae1d8dc05a6037b2,0,1,0,1,ff81e4df,ffffffdb,0,1,0,0,0,00000000,"FIXED",3,00,"Data Secure Unprivileged","1 byte",0,0,00000000,"INCR",3,00,"Data Secure Unprivileged","4 bytes",0,0,ff8127fb,"OKAY",00000000,0,2,1,0,0,0,0,0,0,0,2,0,1,4,0,0,1,0,0037e400,"INCR",3,ff,0,"Data Secure Unprivileged",0,"4 bytes",0,00000000,"FIXED",0,00,0,"Data Secure Unprivileged",0,"1 byte",0,"OKAY",0,c08d1dae,"OKAY",00000000,4,2,0,1,0,0,0,0,2,0,1,0,2,1,0,2,1,0,c08d1dae,3,f,0,0,0,00000004,3,1,0,0,1,"No Read Addr Cmds","No Read Addr Cmds","No Write Addr Cmds","No Write Addr Cmds","No Write Responses","No Write Responses","_","_","_","_","_","_","_","_","No Write Data Beats","No Write Data Beats"
1983,1983,0,0,1,1,0,0,0,8e5ffe20afb76fe31ba56e5faf65c9d2,0,3b9a3d13b8d6963fae1d8dc05a6037b2,0,1,0,1,ff81e4df,ffffffdb,0,1,0,0,0,00000000,"FIXED",3,00,"Data Secure Unprivileged","1 byte",0,0,00000000,"INCR",3,00,"Data Secure Unprivileged","4 bytes",0,0,ff8127fb,"OKAY",00000000,0,2,1,0,0,0,0,0,0,0,2,0,1,4,0,0,1,0,0037e400,"INCR",3,ff,0,"Data Secure Unprivileged",0,"4 bytes",0,00000000,"FIXED",0,00,0,"Data Secure Unprivileged",0,"1 byte",0,"OKAY",0,c08d1dae,"OKAY",00000000,4,2,0,1,0,0,0,0,2,0,1,0,2,1,0,2,1,0,c08d1dae,3,f,0,0,0,00000004,3,1,0,0,1,"No Read Addr Cmds","No Read Addr Cmds","No Write Addr Cmds","No Write Addr Cmds","No Write Responses","No Write Responses","_","_","_","_","_","_","_","_","No Write Data Beats","No Write Data Beats"
1984,1984,0,0,1,1,0,0,0,8e5ffe20afb76fe31ba56e5faf65c9d2,0,3b9a3d13b8d6963fae1d8dc05a6037b2,0,1,0,1,ff81e4df,ffffffdb,0,1,0,0,0,00000000,"FIXED",3,00,"Data Secure Unprivileged","1 byte",0,0,00000000,"INCR",3,00,"Data Secure Unprivileged","4 bytes",0,0,ff8127fb,"OKAY",00000000,0,2,1,0,0,0,0,0,0,0,2,0,1,4,0,0,1,0,0037e400,"INCR",3,ff,0,"Data Secure Unprivileged",0,"4 bytes",0,00000000,"FIXED",0,00,0,"Data Secure Unprivileged",0,"1 byte",0,"OKAY",0,c08d1dae,"OKAY",00000000,4,2,0,1,0,0,0,0,2,0,1,0,2,1,0,2,1,0,c08d1dae,3,f,0,0,0,00000004,3,1,0,0,1,"No Read Addr Cmds","No Read Addr Cmds","No Write Addr Cmds","No Write Addr Cmds","No Write Responses","No Write Responses","_","_","_","_","_","_","_","_","No Write Data Beats","No Write Data Beats"
1985,1985,0,0,1,1,0,0,0,8e5ffe20afb76fe31ba56e5faf65c9d2,0,3b9a3d13b8d6963fae1d8dc05a6037b2,0,1,0,1,ff81e4df,ffffffdb,0,1,0,0,0,00000000,"FIXED",3,00,"Data Secure Unprivileged","1 byte",0,0,00000000,"INCR",3,00,"Data Secure Unprivileged","4 bytes",0,0,ff8127fb,"OKAY",00000000,0,2,1,0,0,0,0,0,0,0,2,0,1,4,0,0,1,0,0037e400,"INCR",3,ff,0,"Data Secure Unprivileged",0,"4 bytes",0,00000000,"FIXED",0,00,0,"Data Secure Unprivileged",0,"1 byte",0,"OKAY",0,c08d1dae,"OKAY",00000000,4,2,0,1,0,0,0,0,2,0,1,0,2,1,0,2,1,0,c08d1dae,3,f,0,0,0,00000004,3,1,0,0,1,"No Read Addr Cmds","No Read Addr Cmds","No Write Addr Cmds","No Write Addr Cmds","No Write Responses","No Write Responses","_","_","_","_","_","_","_","_","No Write Data Beats","No Write Data Beats"
1986,1986,0,0,1,1,0,0,0,8e5ffe20afb76fe31ba56e5faf65c9d2,0,3b9a3d13b8d6963fae1d8dc05a6037b2,0,1,0,1,ff81e4df,ffffffdb,0,1,0,0,0,00000000,"FIXED",3,00,"Data Secure Unprivileged","1 byte",0,0,00000000,"INCR",3,00,"Data Secure Unprivileged","4 bytes",0,0,ff8127fb,"OKAY",00000000,0,2,1,0,0,0,0,0,0,0,2,0,1,4,0,0,1,0,0037e400,"INCR",3,ff,0,"Data Secure Unprivileged",0,"4 bytes",0,00000000,"FIXED",0,00,0,"Data Secure Unprivileged",0,"1 byte",0,"OKAY",0,c08d1dae,"OKAY",00000000,4,2,0,1,0,0,0,0,2,0,1,0,2,1,0,2,1,0,c08d1dae,3,f,0,0,0,00000004,3,1,0,0,1,"No Read Addr Cmds","No Read Addr Cmds","No Write Addr Cmds","No Write Addr Cmds","No Write Responses","No Write Responses","_","_","_","_","_","_","_","_","No Write Data Beats","No Write Data Beats"
1987,1987,0,0,1,1,0,0,0,8e5ffe20afb76fe31ba56e5faf65c9d2,0,3b9a3d13b8d6963fae1d8dc05a6037b2,0,1,0,1,ff81e4df,ffffffdb,0,1,0,0,0,00000000,"FIXED",3,00,"Data Secure Unprivileged","1 byte",0,0,00000000,"INCR",3,00,"Data Secure Unprivileged","4 bytes",0,0,ff8127fb,"OKAY",00000000,0,2,1,0,0,0,0,0,0,0,2,0,1,4,0,0,1,0,0037e400,"INCR",3,ff,0,"Data Secure Unprivileged",0,"4 bytes",0,00000000,"FIXED",0,00,0,"Data Secure Unprivileged",0,"1 byte",0,"OKAY",0,c08d1dae,"OKAY",00000000,4,2,0,1,0,0,0,0,2,0,1,0,2,1,0,2,1,0,c08d1dae,3,f,0,0,0,00000004,3,1,0,0,1,"No Read Addr Cmds","No Read Addr Cmds","No Write Addr Cmds","No Write Addr Cmds","No Write Responses","No Write Responses","_","_","_","_","_","_","_","_","No Write Data Beats","No Write Data Beats"
1988,1988,0,0,1,1,0,0,0,8e5ffe20afb76fe31ba56e5faf65c9d2,0,3b9a3d13b8d6963fae1d8dc05a6037b2,0,1,0,1,ff81e4df,ffffffdb,0,1,0,0,0,00000000,"FIXED",3,00,"Data Secure Unprivileged","1 byte",0,0,00000000,"INCR",3,00,"Data Secure Unprivileged","4 bytes",0,0,ff8127fb,"OKAY",00000000,0,2,1,0,0,0,0,0,0,0,2,0,1,4,0,0,1,0,0037e400,"INCR",3,ff,0,"Data Secure Unprivileged",0,"4 bytes",0,00000000,"FIXED",0,00,0,"Data Secure Unprivileged",0,"1 byte",0,"OKAY",0,c08d1dae,"OKAY",00000000,4,2,0,1,0,0,0,0,2,0,1,0,2,1,0,2,1,0,c08d1dae,3,f,0,0,0,00000004,3,1,0,0,1,"No Read Addr Cmds","No Read Addr Cmds","No Write Addr Cmds","No Write Addr Cmds","No Write Responses","No Write Responses","_","_","_","_","_","_","_","_","No Write Data Beats","No Write Data Beats"
1989,1989,0,0,1,1,0,0,0,8e5ffe20afb76fe31ba56e5faf65c9d2,0,3b9a3d13b8d6963fae1d8dc05a6037b2,0,1,0,1,ff81e4df,ffffffdb,0,1,0,0,0,00000000,"FIXED",3,00,"Data Secure Unprivileged","1 byte",0,0,00000000,"INCR",3,00,"Data Secure Unprivileged","4 bytes",0,0,ff8127fb,"OKAY",00000000,0,2,1,0,0,0,0,0,0,0,2,0,1,4,0,0,1,0,0037e400,"INCR",3,ff,0,"Data Secure Unprivileged",0,"4 bytes",0,00000000,"FIXED",0,00,0,"Data Secure Unprivileged",0,"1 byte",0,"OKAY",0,c08d1dae,"OKAY",00000000,4,2,0,1,0,0,0,0,2,0,1,0,2,1,0,2,1,0,c08d1dae,3,f,0,0,0,00000004,3,1,0,0,1,"No Read Addr Cmds","No Read Addr Cmds","No Write Addr Cmds","No Write Addr Cmds","No Write Responses","No Write Responses","_","_","_","_","_","_","_","_","No Write Data Beats","No Write Data Beats"
1990,1990,0,0,1,1,0,0,0,8e5ffe20afb76fe31ba56e5faf65c9d2,0,3b9a3d13b8d6963fae1d8dc05a6037b2,0,1,0,1,ff81e4df,ffffffdb,0,1,0,0,0,00000000,"FIXED",3,00,"Data Secure Unprivileged","1 byte",0,0,00000000,"INCR",3,00,"Data Secure Unprivileged","4 bytes",0,0,ff8127fb,"OKAY",00000000,0,2,1,0,0,0,0,0,0,0,2,0,1,4,0,0,1,0,0037e400,"INCR",3,ff,0,"Data Secure Unprivileged",0,"4 bytes",0,00000000,"FIXED",0,00,0,"Data Secure Unprivileged",0,"1 byte",0,"OKAY",0,c08d1dae,"OKAY",00000000,4,2,0,1,0,0,0,0,2,0,1,0,2,1,0,2,1,0,c08d1dae,3,f,0,0,0,00000004,3,1,0,0,1,"No Read Addr Cmds","No Read Addr Cmds","No Write Addr Cmds","No Write Addr Cmds","No Write Responses","No Write Responses","_","_","_","_","_","_","_","_","No Write Data Beats","No Write Data Beats"
1991,1991,0,0,1,1,0,0,0,8e5ffe20afb76fe31ba56e5faf65c9d2,0,3b9a3d13b8d6963fae1d8dc05a6037b2,0,1,0,1,ff81e4df,ffffffdb,0,1,0,0,0,00000000,"FIXED",3,00,"Data Secure Unprivileged","1 byte",0,0,00000000,"INCR",3,00,"Data Secure Unprivileged","4 bytes",0,0,ff8127fb,"OKAY",00000000,0,2,1,0,0,0,0,0,0,0,2,0,1,4,0,0,1,0,0037e400,"INCR",3,ff,0,"Data Secure Unprivileged",0,"4 bytes",0,00000000,"FIXED",0,00,0,"Data Secure Unprivileged",0,"1 byte",0,"OKAY",0,c08d1dae,"OKAY",00000000,4,2,0,1,0,0,0,0,2,0,1,0,2,1,0,2,1,0,c08d1dae,3,f,0,0,0,00000004,3,1,0,0,1,"No Read Addr Cmds","No Read Addr Cmds","No Write Addr Cmds","No Write Addr Cmds","No Write Responses","No Write Responses","_","_","_","_","_","_","_","_","No Write Data Beats","No Write Data Beats"
1992,1992,0,0,1,1,0,0,0,8e5ffe20afb76fe31ba56e5faf65c9d2,0,3b9a3d13b8d6963fae1d8dc05a6037b2,0,1,0,1,ff81e4df,ffffffdb,0,1,0,0,0,00000000,"FIXED",3,00,"Data Secure Unprivileged","1 byte",0,0,00000000,"INCR",3,00,"Data Secure Unprivileged","4 bytes",0,0,ff8127fb,"OKAY",00000000,0,2,1,0,0,0,0,0,0,0,2,0,1,4,0,0,1,0,0037e400,"INCR",3,ff,0,"Data Secure Unprivileged",0,"4 bytes",0,00000000,"FIXED",0,00,0,"Data Secure Unprivileged",0,"1 byte",0,"OKAY",0,c08d1dae,"OKAY",00000000,4,2,0,1,0,0,0,0,2,0,1,0,2,1,0,2,1,0,c08d1dae,3,f,0,0,0,00000004,3,1,0,0,1,"No Read Addr Cmds","No Read Addr Cmds","No Write Addr Cmds","No Write Addr Cmds","No Write Responses","No Write Responses","_","_","_","_","_","_","_","_","No Write Data Beats","No Write Data Beats"
1993,1993,0,0,1,1,0,0,0,8e5ffe20afb76fe31ba56e5faf65c9d2,0,3b9a3d13b8d6963fae1d8dc05a6037b2,0,1,0,1,ff81e4df,ffffffdb,0,1,0,0,0,00000000,"FIXED",3,00,"Data Secure Unprivileged","1 byte",0,0,00000000,"INCR",3,00,"Data Secure Unprivileged","4 bytes",0,0,ff8127fb,"OKAY",00000000,0,2,1,0,0,0,0,0,0,0,2,0,1,4,0,0,1,0,0037e400,"INCR",3,ff,0,"Data Secure Unprivileged",0,"4 bytes",0,00000000,"FIXED",0,00,0,"Data Secure Unprivileged",0,"1 byte",0,"OKAY",0,c08d1dae,"OKAY",00000000,4,2,0,1,0,0,0,0,2,0,1,0,2,1,0,2,1,0,c08d1dae,3,f,0,0,0,00000004,3,1,0,0,1,"No Read Addr Cmds","No Read Addr Cmds","No Write Addr Cmds","No Write Addr Cmds","No Write Responses","No Write Responses","_","_","_","_","_","_","_","_","No Write Data Beats","No Write Data Beats"
1994,1994,0,0,1,1,0,0,0,8e5ffe20afb76fe31ba56e5faf65c9d2,0,3b9a3d13b8d6963fae1d8dc05a6037b2,0,1,0,1,ff81e4df,ffffffdb,0,1,0,0,0,00000000,"FIXED",3,00,"Data Secure Unprivileged","1 byte",0,0,00000000,"INCR",3,00,"Data Secure Unprivileged","4 bytes",0,0,ff8127fb,"OKAY",00000000,0,2,1,0,0,0,0,0,0,0,2,0,1,4,0,0,1,0,0037e400,"INCR",3,ff,0,"Data Secure Unprivileged",0,"4 bytes",0,00000000,"FIXED",0,00,0,"Data Secure Unprivileged",0,"1 byte",0,"OKAY",0,c08d1dae,"OKAY",00000000,4,2,0,1,0,0,0,0,2,0,1,0,2,1,0,2,1,0,c08d1dae,3,f,0,0,0,00000004,3,1,0,0,1,"No Read Addr Cmds","No Read Addr Cmds","No Write Addr Cmds","No Write Addr Cmds","No Write Responses","No Write Responses","_","_","_","_","_","_","_","_","No Write Data Beats","No Write Data Beats"
1995,1995,0,0,1,1,0,0,0,8e5ffe20afb76fe31ba56e5faf65c9d2,0,3b9a3d13b8d6963fae1d8dc05a6037b2,0,1,0,1,ff81e4df,ffffffdb,0,1,0,0,0,00000000,"FIXED",3,00,"Data Secure Unprivileged","1 byte",0,0,00000000,"INCR",3,00,"Data Secure Unprivileged","4 bytes",0,0,ff8127fb,"OKAY",00000000,0,2,1,0,0,0,0,0,0,0,2,0,1,4,0,0,1,0,0037e400,"INCR",3,ff,0,"Data Secure Unprivileged",0,"4 bytes",0,00000000,"FIXED",0,00,0,"Data Secure Unprivileged",0,"1 byte",0,"OKAY",0,c08d1dae,"OKAY",00000000,4,2,0,1,0,0,0,0,2,0,1,0,2,1,0,2,1,0,c08d1dae,3,f,0,0,0,00000004,3,1,0,0,1,"No Read Addr Cmds","No Read Addr Cmds","No Write Addr Cmds","No Write Addr Cmds","No Write Responses","No Write Responses","_","_","_","_","_","_","_","_","No Write Data Beats","No Write Data Beats"
1996,1996,0,0,1,1,0,0,0,8e5ffe20afb76fe31ba56e5faf65c9d2,0,3b9a3d13b8d6963fae1d8dc05a6037b2,0,1,0,1,ff81e4df,ffffffdb,0,1,0,0,0,00000000,"FIXED",3,00,"Data Secure Unprivileged","1 byte",0,0,00000000,"INCR",3,00,"Data Secure Unprivileged","4 bytes",0,0,ff8127fb,"OKAY",00000000,0,2,1,0,0,0,0,0,0,0,2,0,1,4,0,0,1,0,0037e400,"INCR",3,ff,0,"Data Secure Unprivileged",0,"4 bytes",0,00000000,"FIXED",0,00,0,"Data Secure Unprivileged",0,"1 byte",0,"OKAY",0,c08d1dae,"OKAY",00000000,4,2,0,1,0,0,0,0,2,0,1,0,2,1,0,2,1,0,c08d1dae,3,f,0,0,0,00000004,3,1,0,0,1,"No Read Addr Cmds","No Read Addr Cmds","No Write Addr Cmds","No Write Addr Cmds","No Write Responses","No Write Responses","_","_","_","_","_","_","_","_","No Write Data Beats","No Write Data Beats"
1997,1997,0,0,1,1,0,0,0,8e5ffe20afb76fe31ba56e5faf65c9d2,0,3b9a3d13b8d6963fae1d8dc05a6037b2,0,1,0,1,ff81e4df,ffffffdb,0,1,0,0,0,00000000,"FIXED",3,00,"Data Secure Unprivileged","1 byte",0,0,00000000,"INCR",3,00,"Data Secure Unprivileged","4 bytes",0,0,ff8127fb,"OKAY",00000000,0,2,1,0,0,0,0,0,0,0,2,0,1,4,0,0,1,0,0037e400,"INCR",3,ff,0,"Data Secure Unprivileged",0,"4 bytes",0,00000000,"FIXED",0,00,0,"Data Secure Unprivileged",0,"1 byte",0,"OKAY",0,c08d1dae,"OKAY",00000000,4,2,0,1,0,0,0,0,2,0,1,0,2,1,0,2,1,0,c08d1dae,3,f,0,0,0,00000004,3,1,0,0,1,"No Read Addr Cmds","No Read Addr Cmds","No Write Addr Cmds","No Write Addr Cmds","No Write Responses","No Write Responses","_","_","_","_","_","_","_","_","No Write Data Beats","No Write Data Beats"
1998,1998,0,0,1,1,0,0,0,8e5ffe20afb76fe31ba56e5faf65c9d2,0,3b9a3d13b8d6963fae1d8dc05a6037b2,0,1,0,1,ff81e4df,ffffffdb,0,1,0,0,0,00000000,"FIXED",3,00,"Data Secure Unprivileged","1 byte",0,0,00000000,"INCR",3,00,"Data Secure Unprivileged","4 bytes",0,0,ff8127fb,"OKAY",00000000,0,2,1,0,0,0,0,0,0,0,2,0,1,4,0,0,1,0,0037e400,"INCR",3,ff,0,"Data Secure Unprivileged",0,"4 bytes",0,00000000,"FIXED",0,00,0,"Data Secure Unprivileged",0,"1 byte",0,"OKAY",0,c08d1dae,"OKAY",00000000,4,2,0,1,0,0,0,0,2,0,1,0,2,1,0,2,1,0,c08d1dae,3,f,0,0,0,00000004,3,1,0,0,1,"No Read Addr Cmds","No Read Addr Cmds","No Write Addr Cmds","No Write Addr Cmds","No Write Responses","No Write Responses","_","_","_","_","_","_","_","_","No Write Data Beats","No Write Data Beats"
1999,1999,0,0,1,1,0,0,0,8e5ffe20afb76fe31ba56e5faf65c9d2,0,3b9a3d13b8d6963fae1d8dc05a6037b2,0,1,0,1,ff81e4df,ffffffdb,0,1,0,0,0,00000000,"FIXED",3,00,"Data Secure Unprivileged","1 byte",0,0,00000000,"INCR",3,00,"Data Secure Unprivileged","4 bytes",0,0,ff8127fb,"OKAY",00000000,0,2,1,0,0,0,0,0,0,0,2,0,1,4,0,0,1,0,0037e400,"INCR",3,ff,0,"Data Secure Unprivileged",0,"4 bytes",0,00000000,"FIXED",0,00,0,"Data Secure Unprivileged",0,"1 byte",0,"OKAY",0,c08d1dae,"OKAY",00000000,4,2,0,1,0,0,0,0,2,0,1,0,2,1,0,2,1,0,c08d1dae,3,f,0,0,0,00000004,3,1,0,0,1,"No Read Addr Cmds","No Read Addr Cmds","No Write Addr Cmds","No Write Addr Cmds","No Write Responses","No Write Responses","_","_","_","_","_","_","_","_","No Write Data Beats","No Write Data Beats"
2000,2000,0,0,1,1,0,0,0,8e5ffe20afb76fe31ba56e5faf65c9d2,0,3b9a3d13b8d6963fae1d8dc05a6037b2,0,1,0,1,ff81e4df,ffffffdb,0,1,0,0,0,00000000,"FIXED",3,00,"Data Secure Unprivileged","1 byte",0,0,00000000,"INCR",3,00,"Data Secure Unprivileged","4 bytes",0,0,ff8127fb,"OKAY",00000000,0,2,1,0,0,0,0,0,0,0,2,0,1,4,0,0,1,0,0037e400,"INCR",3,ff,0,"Data Secure Unprivileged",0,"4 bytes",0,00000000,"FIXED",0,00,0,"Data Secure Unprivileged",0,"1 byte",0,"OKAY",0,c08d1dae,"OKAY",00000000,4,2,0,1,0,0,0,0,2,0,1,0,2,1,0,2,1,0,c08d1dae,3,f,0,0,0,00000004,3,1,0,0,1,"No Read Addr Cmds","No Read Addr Cmds","No Write Addr Cmds","No Write Addr Cmds","No Write Responses","No Write Responses","_","_","_","_","_","_","_","_","No Write Data Beats","No Write Data Beats"
2001,2001,0,0,1,1,0,0,0,8e5ffe20afb76fe31ba56e5faf65c9d2,0,3b9a3d13b8d6963fae1d8dc05a6037b2,0,1,0,1,ff81e4df,ffffffdb,0,1,0,0,0,00000000,"FIXED",3,00,"Data Secure Unprivileged","1 byte",0,0,00000000,"INCR",3,00,"Data Secure Unprivileged","4 bytes",0,0,ff8127fb,"OKAY",00000000,0,2,1,0,0,0,0,0,0,0,2,0,1,4,0,0,1,0,0037e400,"INCR",3,ff,0,"Data Secure Unprivileged",0,"4 bytes",0,00000000,"FIXED",0,00,0,"Data Secure Unprivileged",0,"1 byte",0,"OKAY",0,c08d1dae,"OKAY",00000000,4,2,0,1,0,0,0,0,2,0,1,0,2,1,0,2,1,0,c08d1dae,3,f,0,0,0,00000004,3,1,0,0,1,"No Read Addr Cmds","No Read Addr Cmds","No Write Addr Cmds","No Write Addr Cmds","No Write Responses","No Write Responses","_","_","_","_","_","_","_","_","No Write Data Beats","No Write Data Beats"
2002,2002,0,0,1,1,0,0,0,8e5ffe20afb76fe31ba56e5faf65c9d2,0,3b9a3d13b8d6963fae1d8dc05a6037b2,0,1,0,1,ff81e4df,ffffffdb,0,1,0,0,0,00000000,"FIXED",3,00,"Data Secure Unprivileged","1 byte",0,0,00000000,"INCR",3,00,"Data Secure Unprivileged","4 bytes",0,0,ff8127fb,"OKAY",00000000,0,2,1,0,0,0,0,0,0,0,2,0,1,4,0,0,1,0,0037e400,"INCR",3,ff,0,"Data Secure Unprivileged",0,"4 bytes",0,00000000,"FIXED",0,00,0,"Data Secure Unprivileged",0,"1 byte",0,"OKAY",0,c08d1dae,"OKAY",00000000,4,2,0,1,0,0,0,0,2,0,1,0,2,1,0,2,1,0,c08d1dae,3,f,0,0,0,00000004,3,1,0,0,1,"No Read Addr Cmds","No Read Addr Cmds","No Write Addr Cmds","No Write Addr Cmds","No Write Responses","No Write Responses","_","_","_","_","_","_","_","_","No Write Data Beats","No Write Data Beats"
2003,2003,0,0,1,1,0,0,0,8e5ffe20afb76fe31ba56e5faf65c9d2,0,3b9a3d13b8d6963fae1d8dc05a6037b2,0,1,0,1,ff81e4df,ffffffdb,0,1,0,0,0,00000000,"FIXED",3,00,"Data Secure Unprivileged","1 byte",0,0,00000000,"INCR",3,00,"Data Secure Unprivileged","4 bytes",0,0,ff8127fb,"OKAY",00000000,0,2,1,0,0,0,0,0,0,0,2,0,1,4,0,0,1,0,0037e400,"INCR",3,ff,0,"Data Secure Unprivileged",0,"4 bytes",0,00000000,"FIXED",0,00,0,"Data Secure Unprivileged",0,"1 byte",0,"OKAY",0,c08d1dae,"OKAY",00000000,4,2,0,1,0,0,0,0,2,0,1,0,2,1,0,2,1,0,c08d1dae,3,f,0,0,0,00000004,3,1,0,0,1,"No Read Addr Cmds","No Read Addr Cmds","No Write Addr Cmds","No Write Addr Cmds","No Write Responses","No Write Responses","_","_","_","_","_","_","_","_","No Write Data Beats","No Write Data Beats"
2004,2004,0,0,1,1,0,0,0,8e5ffe20afb76fe31ba56e5faf65c9d2,0,3b9a3d13b8d6963fae1d8dc05a6037b2,0,1,0,1,ff81e4df,ffffffdb,0,1,0,0,0,00000000,"FIXED",3,00,"Data Secure Unprivileged","1 byte",0,0,00000000,"INCR",3,00,"Data Secure Unprivileged","4 bytes",0,0,ff8127fb,"OKAY",00000000,0,2,1,0,0,0,0,0,0,0,2,0,1,4,0,0,1,0,0037e400,"INCR",3,ff,0,"Data Secure Unprivileged",0,"4 bytes",0,00000000,"FIXED",0,00,0,"Data Secure Unprivileged",0,"1 byte",0,"OKAY",0,c08d1dae,"OKAY",00000000,4,2,0,1,0,0,0,0,2,0,1,0,2,1,0,2,1,0,c08d1dae,3,f,0,0,0,00000004,3,1,0,0,1,"No Read Addr Cmds","No Read Addr Cmds","No Write Addr Cmds","No Write Addr Cmds","No Write Responses","No Write Responses","_","_","_","_","_","_","_","_","No Write Data Beats","No Write Data Beats"
2005,2005,0,0,1,1,0,0,0,8e5ffe20afb76fe31ba56e5faf65c9d2,0,3b9a3d13b8d6963fae1d8dc05a6037b2,0,1,0,1,ff81e4df,ffffffdb,0,1,0,0,0,00000000,"FIXED",3,00,"Data Secure Unprivileged","1 byte",0,0,00000000,"INCR",3,00,"Data Secure Unprivileged","4 bytes",0,0,ff8127fb,"OKAY",00000000,0,2,1,0,0,0,0,0,0,0,2,0,1,4,0,0,1,0,0037e400,"INCR",3,ff,0,"Data Secure Unprivileged",0,"4 bytes",0,00000000,"FIXED",0,00,0,"Data Secure Unprivileged",0,"1 byte",0,"OKAY",0,c08d1dae,"OKAY",00000000,4,2,0,1,0,0,0,0,2,0,1,0,2,1,0,2,1,0,c08d1dae,3,f,0,0,0,00000004,3,1,0,0,1,"No Read Addr Cmds","No Read Addr Cmds","No Write Addr Cmds","No Write Addr Cmds","No Write Responses","No Write Responses","_","_","_","_","_","_","_","_","No Write Data Beats","No Write Data Beats"
2006,2006,0,0,1,1,0,0,0,8e5ffe20afb76fe31ba56e5faf65c9d2,0,3b9a3d13b8d6963fae1d8dc05a6037b2,0,1,0,1,ff81e4df,ffffffdb,0,1,0,0,0,00000000,"FIXED",3,00,"Data Secure Unprivileged","1 byte",0,0,00000000,"INCR",3,00,"Data Secure Unprivileged","4 bytes",0,0,ff8127fb,"OKAY",00000000,0,2,1,0,0,0,0,0,0,0,2,0,1,4,0,0,1,0,0037e400,"INCR",3,ff,0,"Data Secure Unprivileged",0,"4 bytes",0,00000000,"FIXED",0,00,0,"Data Secure Unprivileged",0,"1 byte",0,"OKAY",0,c08d1dae,"OKAY",00000000,4,2,0,1,0,0,0,0,2,0,1,0,2,1,0,2,1,0,c08d1dae,3,f,0,0,0,00000004,3,1,0,0,1,"No Read Addr Cmds","No Read Addr Cmds","No Write Addr Cmds","No Write Addr Cmds","No Write Responses","No Write Responses","_","_","_","_","_","_","_","_","No Write Data Beats","No Write Data Beats"
2007,2007,0,0,1,1,0,0,0,8e5ffe20afb76fe31ba56e5faf65c9d2,0,3b9a3d13b8d6963fae1d8dc05a6037b2,0,1,0,1,ff81e4df,ffffffdb,0,1,0,0,0,00000000,"FIXED",3,00,"Data Secure Unprivileged","1 byte",0,0,00000000,"INCR",3,00,"Data Secure Unprivileged","4 bytes",0,0,ff8127fb,"OKAY",00000000,0,2,1,0,0,0,0,0,0,0,2,0,1,4,0,0,1,0,0037e400,"INCR",3,ff,0,"Data Secure Unprivileged",0,"4 bytes",0,00000000,"FIXED",0,00,0,"Data Secure Unprivileged",0,"1 byte",0,"OKAY",0,c08d1dae,"OKAY",00000000,4,2,0,1,0,0,0,0,2,0,1,0,2,1,0,2,1,0,c08d1dae,3,f,0,0,0,00000004,3,1,0,0,1,"No Read Addr Cmds","No Read Addr Cmds","No Write Addr Cmds","No Write Addr Cmds","No Write Responses","No Write Responses","_","_","_","_","_","_","_","_","No Write Data Beats","No Write Data Beats"
2008,2008,0,0,1,1,0,0,0,8e5ffe20afb76fe31ba56e5faf65c9d2,0,3b9a3d13b8d6963fae1d8dc05a6037b2,0,1,0,1,ff81e4df,ffffffdb,0,1,0,0,0,00000000,"FIXED",3,00,"Data Secure Unprivileged","1 byte",0,0,00000000,"INCR",3,00,"Data Secure Unprivileged","4 bytes",0,0,ff8127fb,"OKAY",00000000,0,2,1,0,0,0,0,0,0,0,2,0,1,4,0,0,1,0,0037e400,"INCR",3,ff,0,"Data Secure Unprivileged",0,"4 bytes",0,00000000,"FIXED",0,00,0,"Data Secure Unprivileged",0,"1 byte",0,"OKAY",0,c08d1dae,"OKAY",00000000,4,2,0,1,0,0,0,0,2,0,1,0,2,1,0,2,1,0,c08d1dae,3,f,0,0,0,00000004,3,1,0,0,1,"No Read Addr Cmds","No Read Addr Cmds","No Write Addr Cmds","No Write Addr Cmds","No Write Responses","No Write Responses","_","_","_","_","_","_","_","_","No Write Data Beats","No Write Data Beats"
2009,2009,0,0,1,1,0,0,0,8e5ffe20afb76fe31ba56e5faf65c9d2,0,3b9a3d13b8d6963fae1d8dc05a6037b2,0,1,0,1,ff81e4df,ffffffdb,0,1,0,0,0,00000000,"FIXED",3,00,"Data Secure Unprivileged","1 byte",0,0,00000000,"INCR",3,00,"Data Secure Unprivileged","4 bytes",0,0,ff8127fb,"OKAY",00000000,0,2,1,0,0,0,0,0,0,0,2,0,1,4,0,0,1,0,0037e400,"INCR",3,ff,0,"Data Secure Unprivileged",0,"4 bytes",0,00000000,"FIXED",0,00,0,"Data Secure Unprivileged",0,"1 byte",0,"OKAY",0,c08d1dae,"OKAY",00000000,4,2,0,1,0,0,0,0,2,0,1,0,2,1,0,2,1,0,c08d1dae,3,f,0,0,0,00000004,3,1,0,0,1,"No Read Addr Cmds","No Read Addr Cmds","No Write Addr Cmds","No Write Addr Cmds","No Write Responses","No Write Responses","_","_","_","_","_","_","_","_","No Write Data Beats","No Write Data Beats"
2010,2010,0,0,1,1,0,0,0,8e5ffe20afb76fe31ba56e5faf65c9d2,0,3b9a3d13b8d6963fae1d8dc05a6037b2,0,1,0,1,ff81e4df,ffffffdb,0,1,0,0,0,00000000,"FIXED",3,00,"Data Secure Unprivileged","1 byte",0,0,00000000,"INCR",3,00,"Data Secure Unprivileged","4 bytes",0,0,ff8127fb,"OKAY",00000000,0,2,1,0,0,0,0,0,0,0,2,0,1,4,0,0,1,0,0037e400,"INCR",3,ff,0,"Data Secure Unprivileged",0,"4 bytes",0,00000000,"FIXED",0,00,0,"Data Secure Unprivileged",0,"1 byte",0,"OKAY",0,c08d1dae,"OKAY",00000000,4,2,0,1,0,0,0,0,2,0,1,0,2,1,0,2,1,0,c08d1dae,3,f,0,0,0,00000004,3,1,0,0,1,"No Read Addr Cmds","No Read Addr Cmds","No Write Addr Cmds","No Write Addr Cmds","No Write Responses","No Write Responses","_","_","_","_","_","_","_","_","No Write Data Beats","No Write Data Beats"
2011,2011,0,0,1,1,0,0,0,8e5ffe20afb76fe31ba56e5faf65c9d2,0,3b9a3d13b8d6963fae1d8dc05a6037b2,0,1,0,1,ff81e4df,ffffffdb,0,1,0,0,0,00000000,"FIXED",3,00,"Data Secure Unprivileged","1 byte",0,0,00000000,"INCR",3,00,"Data Secure Unprivileged","4 bytes",0,0,ff8127fb,"OKAY",00000000,0,2,1,0,0,0,0,0,0,0,2,0,1,4,0,0,1,0,0037e400,"INCR",3,ff,0,"Data Secure Unprivileged",0,"4 bytes",0,00000000,"FIXED",0,00,0,"Data Secure Unprivileged",0,"1 byte",0,"OKAY",0,c08d1dae,"OKAY",00000000,4,2,0,1,0,0,0,0,2,0,1,0,2,1,0,2,1,0,c08d1dae,3,f,0,0,0,00000004,3,1,0,0,1,"No Read Addr Cmds","No Read Addr Cmds","No Write Addr Cmds","No Write Addr Cmds","No Write Responses","No Write Responses","_","_","_","_","_","_","_","_","No Write Data Beats","No Write Data Beats"
2012,2012,0,0,1,1,0,0,0,8e5ffe20afb76fe31ba56e5faf65c9d2,0,3b9a3d13b8d6963fae1d8dc05a6037b2,0,1,0,1,ff81e4df,ffffffdb,0,1,0,0,0,00000000,"FIXED",3,00,"Data Secure Unprivileged","1 byte",0,0,00000000,"INCR",3,00,"Data Secure Unprivileged","4 bytes",0,0,ff8127fb,"OKAY",00000000,0,2,1,0,0,0,0,0,0,0,2,0,1,4,0,0,1,0,0037e400,"INCR",3,ff,0,"Data Secure Unprivileged",0,"4 bytes",0,00000000,"FIXED",0,00,0,"Data Secure Unprivileged",0,"1 byte",0,"OKAY",0,c08d1dae,"OKAY",00000000,4,2,0,1,0,0,0,0,2,0,1,0,2,1,0,2,1,0,c08d1dae,3,f,0,0,0,00000004,3,1,0,0,1,"No Read Addr Cmds","No Read Addr Cmds","No Write Addr Cmds","No Write Addr Cmds","No Write Responses","No Write Responses","_","_","_","_","_","_","_","_","No Write Data Beats","No Write Data Beats"
2013,2013,0,0,1,1,0,0,0,8e5ffe20afb76fe31ba56e5faf65c9d2,0,3b9a3d13b8d6963fae1d8dc05a6037b2,0,1,0,1,ff81e4df,ffffffdb,0,1,0,0,0,00000000,"FIXED",3,00,"Data Secure Unprivileged","1 byte",0,0,00000000,"INCR",3,00,"Data Secure Unprivileged","4 bytes",0,0,ff8127fb,"OKAY",00000000,0,2,1,0,0,0,0,0,0,0,2,0,1,4,0,0,1,0,0037e400,"INCR",3,ff,0,"Data Secure Unprivileged",0,"4 bytes",0,00000000,"FIXED",0,00,0,"Data Secure Unprivileged",0,"1 byte",0,"OKAY",0,c08d1dae,"OKAY",00000000,4,2,0,1,0,0,0,0,2,0,1,0,2,1,0,2,1,0,c08d1dae,3,f,0,0,0,00000004,3,1,0,0,1,"No Read Addr Cmds","No Read Addr Cmds","No Write Addr Cmds","No Write Addr Cmds","No Write Responses","No Write Responses","_","_","_","_","_","_","_","_","No Write Data Beats","No Write Data Beats"
2014,2014,0,0,1,1,0,0,0,8e5ffe20afb76fe31ba56e5faf65c9d2,0,3b9a3d13b8d6963fae1d8dc05a6037b2,0,1,0,1,ff81e4df,ffffffdb,0,1,0,0,0,00000000,"FIXED",3,00,"Data Secure Unprivileged","1 byte",0,0,00000000,"INCR",3,00,"Data Secure Unprivileged","4 bytes",0,0,ff8127fb,"OKAY",00000000,0,2,1,0,0,0,0,0,0,0,2,0,1,4,0,0,1,0,0037e400,"INCR",3,ff,0,"Data Secure Unprivileged",0,"4 bytes",0,00000000,"FIXED",0,00,0,"Data Secure Unprivileged",0,"1 byte",0,"OKAY",0,c08d1dae,"OKAY",00000000,4,2,0,1,0,0,0,0,2,0,1,0,2,1,0,2,1,0,c08d1dae,3,f,0,0,0,00000004,3,1,0,0,1,"No Read Addr Cmds","No Read Addr Cmds","No Write Addr Cmds","No Write Addr Cmds","No Write Responses","No Write Responses","_","_","_","_","_","_","_","_","No Write Data Beats","No Write Data Beats"
2015,2015,0,0,1,1,0,0,0,8e5ffe20afb76fe31ba56e5faf65c9d2,0,3b9a3d13b8d6963fae1d8dc05a6037b2,0,1,0,1,ff81e4df,ffffffdb,0,1,0,0,0,00000000,"FIXED",3,00,"Data Secure Unprivileged","1 byte",0,0,00000000,"INCR",3,00,"Data Secure Unprivileged","4 bytes",0,0,ff8127fb,"OKAY",00000000,0,2,1,0,0,0,0,0,0,0,2,0,1,4,0,0,1,0,0037e400,"INCR",3,ff,0,"Data Secure Unprivileged",0,"4 bytes",0,00000000,"FIXED",0,00,0,"Data Secure Unprivileged",0,"1 byte",0,"OKAY",0,c08d1dae,"OKAY",00000000,4,2,0,1,0,0,0,0,2,0,1,0,2,1,0,2,1,0,c08d1dae,3,f,0,0,0,00000004,3,1,0,0,1,"No Read Addr Cmds","No Read Addr Cmds","No Write Addr Cmds","No Write Addr Cmds","No Write Responses","No Write Responses","_","_","_","_","_","_","_","_","No Write Data Beats","No Write Data Beats"
2016,2016,0,0,1,1,0,0,0,8e5ffe20afb76fe31ba56e5faf65c9d2,0,3b9a3d13b8d6963fae1d8dc05a6037b2,0,1,0,1,ff81e4df,ffffffdb,0,1,0,0,0,00000000,"FIXED",3,00,"Data Secure Unprivileged","1 byte",0,0,00000000,"INCR",3,00,"Data Secure Unprivileged","4 bytes",0,0,ff8127fb,"OKAY",00000000,0,2,1,0,0,0,0,0,0,0,2,0,1,4,0,0,1,0,0037e400,"INCR",3,ff,0,"Data Secure Unprivileged",0,"4 bytes",0,00000000,"FIXED",0,00,0,"Data Secure Unprivileged",0,"1 byte",0,"OKAY",0,c08d1dae,"OKAY",00000000,4,2,0,1,0,0,0,0,2,0,1,0,2,1,0,2,1,0,c08d1dae,3,f,0,0,0,00000004,3,1,0,0,1,"No Read Addr Cmds","No Read Addr Cmds","No Write Addr Cmds","No Write Addr Cmds","No Write Responses","No Write Responses","_","_","_","_","_","_","_","_","No Write Data Beats","No Write Data Beats"
2017,2017,0,0,1,1,0,0,0,8e5ffe20afb76fe31ba56e5faf65c9d2,0,3b9a3d13b8d6963fae1d8dc05a6037b2,0,1,0,1,ff81e4df,ffffffdb,0,1,0,0,0,00000000,"FIXED",3,00,"Data Secure Unprivileged","1 byte",0,0,00000000,"INCR",3,00,"Data Secure Unprivileged","4 bytes",0,0,ff8127fb,"OKAY",00000000,0,2,1,0,0,0,0,0,0,0,2,0,1,4,0,0,1,0,0037e400,"INCR",3,ff,0,"Data Secure Unprivileged",0,"4 bytes",0,00000000,"FIXED",0,00,0,"Data Secure Unprivileged",0,"1 byte",0,"OKAY",0,c08d1dae,"OKAY",00000000,4,2,0,1,0,0,0,0,2,0,1,0,2,1,0,2,1,0,c08d1dae,3,f,0,0,0,00000004,3,1,0,0,1,"No Read Addr Cmds","No Read Addr Cmds","No Write Addr Cmds","No Write Addr Cmds","No Write Responses","No Write Responses","_","_","_","_","_","_","_","_","No Write Data Beats","No Write Data Beats"
2018,2018,0,0,1,1,0,0,0,8e5ffe20afb76fe31ba56e5faf65c9d2,0,3b9a3d13b8d6963fae1d8dc05a6037b2,0,1,0,1,ff81e4df,ffffffdb,0,1,0,0,0,00000000,"FIXED",3,00,"Data Secure Unprivileged","1 byte",0,0,00000000,"INCR",3,00,"Data Secure Unprivileged","4 bytes",0,0,ff8127fb,"OKAY",00000000,0,2,1,0,0,0,0,0,0,0,2,0,1,4,0,0,1,0,0037e400,"INCR",3,ff,0,"Data Secure Unprivileged",0,"4 bytes",0,00000000,"FIXED",0,00,0,"Data Secure Unprivileged",0,"1 byte",0,"OKAY",0,c08d1dae,"OKAY",00000000,4,2,0,1,0,0,0,0,2,0,1,0,2,1,0,2,1,0,c08d1dae,3,f,0,0,0,00000004,3,1,0,0,1,"No Read Addr Cmds","No Read Addr Cmds","No Write Addr Cmds","No Write Addr Cmds","No Write Responses","No Write Responses","_","_","_","_","_","_","_","_","No Write Data Beats","No Write Data Beats"
2019,2019,0,0,1,1,0,0,0,8e5ffe20afb76fe31ba56e5faf65c9d2,0,3b9a3d13b8d6963fae1d8dc05a6037b2,0,1,0,1,ff81e4df,ffffffdb,0,1,0,0,0,00000000,"FIXED",3,00,"Data Secure Unprivileged","1 byte",0,0,00000000,"INCR",3,00,"Data Secure Unprivileged","4 bytes",0,0,ff8127fb,"OKAY",00000000,0,2,1,0,0,0,0,0,0,0,2,0,1,4,0,0,1,0,0037e400,"INCR",3,ff,0,"Data Secure Unprivileged",0,"4 bytes",0,00000000,"FIXED",0,00,0,"Data Secure Unprivileged",0,"1 byte",0,"OKAY",0,c08d1dae,"OKAY",00000000,4,2,0,1,0,0,0,0,2,0,1,0,2,1,0,2,1,0,c08d1dae,3,f,0,0,0,00000004,3,1,0,0,1,"No Read Addr Cmds","No Read Addr Cmds","No Write Addr Cmds","No Write Addr Cmds","No Write Responses","No Write Responses","_","_","_","_","_","_","_","_","No Write Data Beats","No Write Data Beats"
2020,2020,0,0,1,1,0,0,0,8e5ffe20afb76fe31ba56e5faf65c9d2,0,3b9a3d13b8d6963fae1d8dc05a6037b2,0,1,0,1,ff81e4df,ffffffdb,0,1,0,0,0,00000000,"FIXED",3,00,"Data Secure Unprivileged","1 byte",0,0,00000000,"INCR",3,00,"Data Secure Unprivileged","4 bytes",0,0,ff8127fb,"OKAY",00000000,0,2,1,0,0,0,0,0,0,0,2,0,1,4,0,0,1,0,0037e400,"INCR",3,ff,0,"Data Secure Unprivileged",0,"4 bytes",0,00000000,"FIXED",0,00,0,"Data Secure Unprivileged",0,"1 byte",0,"OKAY",0,c08d1dae,"OKAY",00000000,4,2,0,1,0,0,0,0,2,0,1,0,2,1,0,2,1,0,c08d1dae,3,f,0,0,0,00000004,3,1,0,0,1,"No Read Addr Cmds","No Read Addr Cmds","No Write Addr Cmds","No Write Addr Cmds","No Write Responses","No Write Responses","_","_","_","_","_","_","_","_","No Write Data Beats","No Write Data Beats"
2021,2021,0,0,1,1,0,0,0,8e5ffe20afb76fe31ba56e5faf65c9d2,0,3b9a3d13b8d6963fae1d8dc05a6037b2,0,1,0,1,ff81e4df,ffffffdb,0,1,0,0,0,00000000,"FIXED",3,00,"Data Secure Unprivileged","1 byte",0,0,00000000,"INCR",3,00,"Data Secure Unprivileged","4 bytes",0,0,ff8127fb,"OKAY",00000000,0,2,1,0,0,0,0,0,0,0,2,0,1,4,0,0,1,0,0037e400,"INCR",3,ff,0,"Data Secure Unprivileged",0,"4 bytes",0,00000000,"FIXED",0,00,0,"Data Secure Unprivileged",0,"1 byte",0,"OKAY",0,c08d1dae,"OKAY",00000000,4,2,0,1,0,0,0,0,2,0,1,0,2,1,0,2,1,0,c08d1dae,3,f,0,0,0,00000004,3,1,0,0,1,"No Read Addr Cmds","No Read Addr Cmds","No Write Addr Cmds","No Write Addr Cmds","No Write Responses","No Write Responses","_","_","_","_","_","_","_","_","No Write Data Beats","No Write Data Beats"
2022,2022,0,0,1,1,0,0,0,8e5ffe20afb76fe31ba56e5faf65c9d2,0,3b9a3d13b8d6963fae1d8dc05a6037b2,0,1,0,1,ff81e4df,ffffffdb,0,1,0,0,0,00000000,"FIXED",3,00,"Data Secure Unprivileged","1 byte",0,0,00000000,"INCR",3,00,"Data Secure Unprivileged","4 bytes",0,0,ff8127fb,"OKAY",00000000,0,2,1,0,0,0,0,0,0,0,2,0,1,4,0,0,1,0,0037e400,"INCR",3,ff,0,"Data Secure Unprivileged",0,"4 bytes",0,00000000,"FIXED",0,00,0,"Data Secure Unprivileged",0,"1 byte",0,"OKAY",0,c08d1dae,"OKAY",00000000,4,2,0,1,0,0,0,0,2,0,1,0,2,1,0,2,1,0,c08d1dae,3,f,0,0,0,00000004,3,1,0,0,1,"No Read Addr Cmds","No Read Addr Cmds","No Write Addr Cmds","No Write Addr Cmds","No Write Responses","No Write Responses","_","_","_","_","_","_","_","_","No Write Data Beats","No Write Data Beats"
2023,2023,0,0,1,1,0,0,0,8e5ffe20afb76fe31ba56e5faf65c9d2,0,3b9a3d13b8d6963fae1d8dc05a6037b2,0,1,0,1,ff81e4df,ffffffdb,0,1,0,0,0,00000000,"FIXED",3,00,"Data Secure Unprivileged","1 byte",0,0,00000000,"INCR",3,00,"Data Secure Unprivileged","4 bytes",0,0,ff8127fb,"OKAY",00000000,0,2,1,0,0,0,0,0,0,0,2,0,1,4,0,0,1,0,0037e400,"INCR",3,ff,0,"Data Secure Unprivileged",0,"4 bytes",0,00000000,"FIXED",0,00,0,"Data Secure Unprivileged",0,"1 byte",0,"OKAY",0,c08d1dae,"OKAY",00000000,4,2,0,1,0,0,0,0,2,0,1,0,2,1,0,2,1,0,c08d1dae,3,f,0,0,0,00000004,3,1,0,0,1,"No Read Addr Cmds","No Read Addr Cmds","No Write Addr Cmds","No Write Addr Cmds","No Write Responses","No Write Responses","_","_","_","_","_","_","_","_","No Write Data Beats","No Write Data Beats"
2024,2024,0,0,1,1,0,0,0,8e5ffe20afb76fe31ba56e5faf65c9d2,0,3b9a3d13b8d6963fae1d8dc05a6037b2,0,1,0,1,ff81e4df,ffffffdb,0,1,0,0,0,00000000,"FIXED",3,00,"Data Secure Unprivileged","1 byte",0,0,00000000,"INCR",3,00,"Data Secure Unprivileged","4 bytes",0,0,ff8127fb,"OKAY",00000000,0,2,1,0,0,0,0,0,0,0,2,0,1,4,0,0,1,0,0037e400,"INCR",3,ff,0,"Data Secure Unprivileged",0,"4 bytes",0,00000000,"FIXED",0,00,0,"Data Secure Unprivileged",0,"1 byte",0,"OKAY",0,c08d1dae,"OKAY",00000000,4,2,0,1,0,0,0,0,2,0,1,0,2,1,0,2,1,0,c08d1dae,3,f,0,0,0,00000004,3,1,0,0,1,"No Read Addr Cmds","No Read Addr Cmds","No Write Addr Cmds","No Write Addr Cmds","No Write Responses","No Write Responses","_","_","_","_","_","_","_","_","No Write Data Beats","No Write Data Beats"
2025,2025,0,0,1,1,0,0,0,8e5ffe20afb76fe31ba56e5faf65c9d2,0,3b9a3d13b8d6963fae1d8dc05a6037b2,0,1,0,1,ff81e4df,ffffffdb,0,1,0,0,0,00000000,"FIXED",3,00,"Data Secure Unprivileged","1 byte",0,0,00000000,"INCR",3,00,"Data Secure Unprivileged","4 bytes",0,0,ff8127fb,"OKAY",00000000,0,2,1,0,0,0,0,0,0,0,2,0,1,4,0,0,1,0,0037e400,"INCR",3,ff,0,"Data Secure Unprivileged",0,"4 bytes",0,00000000,"FIXED",0,00,0,"Data Secure Unprivileged",0,"1 byte",0,"OKAY",0,c08d1dae,"OKAY",00000000,4,2,0,1,0,0,0,0,2,0,1,0,2,1,0,2,1,0,c08d1dae,3,f,0,0,0,00000004,3,1,0,0,1,"No Read Addr Cmds","No Read Addr Cmds","No Write Addr Cmds","No Write Addr Cmds","No Write Responses","No Write Responses","_","_","_","_","_","_","_","_","No Write Data Beats","No Write Data Beats"
2026,2026,0,0,1,1,0,0,0,8e5ffe20afb76fe31ba56e5faf65c9d2,0,3b9a3d13b8d6963fae1d8dc05a6037b2,0,1,0,1,ff81e4df,ffffffdb,0,1,0,0,0,00000000,"FIXED",3,00,"Data Secure Unprivileged","1 byte",0,0,00000000,"INCR",3,00,"Data Secure Unprivileged","4 bytes",0,0,ff8127fb,"OKAY",00000000,0,2,1,0,0,0,0,0,0,0,2,0,1,4,0,0,1,0,0037e400,"INCR",3,ff,0,"Data Secure Unprivileged",0,"4 bytes",0,00000000,"FIXED",0,00,0,"Data Secure Unprivileged",0,"1 byte",0,"OKAY",0,c08d1dae,"OKAY",00000000,4,2,0,1,0,0,0,0,2,0,1,0,2,1,0,2,1,0,c08d1dae,3,f,0,0,0,00000004,3,1,0,0,1,"No Read Addr Cmds","No Read Addr Cmds","No Write Addr Cmds","No Write Addr Cmds","No Write Responses","No Write Responses","_","_","_","_","_","_","_","_","No Write Data Beats","No Write Data Beats"
2027,2027,0,0,1,1,0,0,0,8e5ffe20afb76fe31ba56e5faf65c9d2,0,3b9a3d13b8d6963fae1d8dc05a6037b2,0,1,0,1,ff81e4df,ffffffdb,0,1,0,0,0,00000000,"FIXED",3,00,"Data Secure Unprivileged","1 byte",0,0,00000000,"INCR",3,00,"Data Secure Unprivileged","4 bytes",0,0,ff8127fb,"OKAY",00000000,0,2,1,0,0,0,0,0,0,0,2,0,1,4,0,0,1,0,0037e400,"INCR",3,ff,0,"Data Secure Unprivileged",0,"4 bytes",0,00000000,"FIXED",0,00,0,"Data Secure Unprivileged",0,"1 byte",0,"OKAY",0,c08d1dae,"OKAY",00000000,4,2,0,1,0,0,0,0,2,0,1,0,2,1,0,2,1,0,c08d1dae,3,f,0,0,0,00000004,3,1,0,0,1,"No Read Addr Cmds","No Read Addr Cmds","No Write Addr Cmds","No Write Addr Cmds","No Write Responses","No Write Responses","_","_","_","_","_","_","_","_","No Write Data Beats","No Write Data Beats"
2028,2028,0,0,1,1,0,0,0,8e5ffe20afb76fe31ba56e5faf65c9d2,0,3b9a3d13b8d6963fae1d8dc05a6037b2,0,1,0,1,ff81e4df,ffffffdb,0,1,0,0,0,00000000,"FIXED",3,00,"Data Secure Unprivileged","1 byte",0,0,00000000,"INCR",3,00,"Data Secure Unprivileged","4 bytes",0,0,ff8127fb,"OKAY",00000000,0,2,1,0,0,0,0,0,0,0,2,0,1,4,0,0,1,0,0037e400,"INCR",3,ff,0,"Data Secure Unprivileged",0,"4 bytes",0,00000000,"FIXED",0,00,0,"Data Secure Unprivileged",0,"1 byte",0,"OKAY",0,c08d1dae,"OKAY",00000000,4,2,0,1,0,0,0,0,2,0,1,0,2,1,0,2,1,0,c08d1dae,3,f,0,0,0,00000004,3,1,0,0,1,"No Read Addr Cmds","No Read Addr Cmds","No Write Addr Cmds","No Write Addr Cmds","No Write Responses","No Write Responses","_","_","_","_","_","_","_","_","No Write Data Beats","No Write Data Beats"
2029,2029,0,0,1,1,0,0,0,8e5ffe20afb76fe31ba56e5faf65c9d2,0,3b9a3d13b8d6963fae1d8dc05a6037b2,0,1,0,1,ff81e4df,ffffffdb,0,1,0,0,0,00000000,"FIXED",3,00,"Data Secure Unprivileged","1 byte",0,0,00000000,"INCR",3,00,"Data Secure Unprivileged","4 bytes",0,0,ff8127fb,"OKAY",00000000,0,2,1,0,0,0,0,0,0,0,2,0,1,4,0,0,1,0,0037e400,"INCR",3,ff,0,"Data Secure Unprivileged",0,"4 bytes",0,00000000,"FIXED",0,00,0,"Data Secure Unprivileged",0,"1 byte",0,"OKAY",0,c08d1dae,"OKAY",00000000,4,2,0,1,0,0,0,0,2,0,1,0,2,1,0,2,1,0,c08d1dae,3,f,0,0,0,00000004,3,1,0,0,1,"No Read Addr Cmds","No Read Addr Cmds","No Write Addr Cmds","No Write Addr Cmds","No Write Responses","No Write Responses","_","_","_","_","_","_","_","_","No Write Data Beats","No Write Data Beats"
2030,2030,0,0,1,1,0,0,0,8e5ffe20afb76fe31ba56e5faf65c9d2,0,3b9a3d13b8d6963fae1d8dc05a6037b2,0,1,0,1,ff81e4df,ffffffdb,0,1,0,0,0,00000000,"FIXED",3,00,"Data Secure Unprivileged","1 byte",0,0,00000000,"INCR",3,00,"Data Secure Unprivileged","4 bytes",0,0,ff8127fb,"OKAY",00000000,0,2,1,0,0,0,0,0,0,0,2,0,1,4,0,0,1,0,0037e400,"INCR",3,ff,0,"Data Secure Unprivileged",0,"4 bytes",0,00000000,"FIXED",0,00,0,"Data Secure Unprivileged",0,"1 byte",0,"OKAY",0,c08d1dae,"OKAY",00000000,4,2,0,1,0,0,0,0,2,0,1,0,2,1,0,2,1,0,c08d1dae,3,f,0,0,0,00000004,3,1,0,0,1,"No Read Addr Cmds","No Read Addr Cmds","No Write Addr Cmds","No Write Addr Cmds","No Write Responses","No Write Responses","_","_","_","_","_","_","_","_","No Write Data Beats","No Write Data Beats"
2031,2031,0,0,1,1,0,0,0,8e5ffe20afb76fe31ba56e5faf65c9d2,0,3b9a3d13b8d6963fae1d8dc05a6037b2,0,1,0,1,ff81e4df,ffffffdb,0,1,0,0,0,00000000,"FIXED",3,00,"Data Secure Unprivileged","1 byte",0,0,00000000,"INCR",3,00,"Data Secure Unprivileged","4 bytes",0,0,ff8127fb,"OKAY",00000000,0,2,1,0,0,0,0,0,0,0,2,0,1,4,0,0,1,0,0037e400,"INCR",3,ff,0,"Data Secure Unprivileged",0,"4 bytes",0,00000000,"FIXED",0,00,0,"Data Secure Unprivileged",0,"1 byte",0,"OKAY",0,c08d1dae,"OKAY",00000000,4,2,0,1,0,0,0,0,2,0,1,0,2,1,0,2,1,0,c08d1dae,3,f,0,0,0,00000004,3,1,0,0,1,"No Read Addr Cmds","No Read Addr Cmds","No Write Addr Cmds","No Write Addr Cmds","No Write Responses","No Write Responses","_","_","_","_","_","_","_","_","No Write Data Beats","No Write Data Beats"
2032,2032,0,0,1,1,0,0,0,8e5ffe20afb76fe31ba56e5faf65c9d2,0,3b9a3d13b8d6963fae1d8dc05a6037b2,0,1,0,1,ff81e4df,ffffffdb,0,1,0,0,0,00000000,"FIXED",3,00,"Data Secure Unprivileged","1 byte",0,0,00000000,"INCR",3,00,"Data Secure Unprivileged","4 bytes",0,0,ff8127fb,"OKAY",00000000,0,2,1,0,0,0,0,0,0,0,2,0,1,4,0,0,1,0,0037e400,"INCR",3,ff,0,"Data Secure Unprivileged",0,"4 bytes",0,00000000,"FIXED",0,00,0,"Data Secure Unprivileged",0,"1 byte",0,"OKAY",0,c08d1dae,"OKAY",00000000,4,2,0,1,0,0,0,0,2,0,1,0,2,1,0,2,1,0,c08d1dae,3,f,0,0,0,00000004,3,1,0,0,1,"No Read Addr Cmds","No Read Addr Cmds","No Write Addr Cmds","No Write Addr Cmds","No Write Responses","No Write Responses","_","_","_","_","_","_","_","_","No Write Data Beats","No Write Data Beats"
2033,2033,0,0,1,1,0,0,0,8e5ffe20afb76fe31ba56e5faf65c9d2,0,3b9a3d13b8d6963fae1d8dc05a6037b2,0,1,0,1,ff81e4df,ffffffdb,0,1,0,0,0,00000000,"FIXED",3,00,"Data Secure Unprivileged","1 byte",0,0,00000000,"INCR",3,00,"Data Secure Unprivileged","4 bytes",0,0,ff8127fb,"OKAY",00000000,0,2,1,0,0,0,0,0,0,0,2,0,1,4,0,0,1,0,0037e400,"INCR",3,ff,0,"Data Secure Unprivileged",0,"4 bytes",0,00000000,"FIXED",0,00,0,"Data Secure Unprivileged",0,"1 byte",0,"OKAY",0,c08d1dae,"OKAY",00000000,4,2,0,1,0,0,0,0,2,0,1,0,2,1,0,2,1,0,c08d1dae,3,f,0,0,0,00000004,3,1,0,0,1,"No Read Addr Cmds","No Read Addr Cmds","No Write Addr Cmds","No Write Addr Cmds","No Write Responses","No Write Responses","_","_","_","_","_","_","_","_","No Write Data Beats","No Write Data Beats"
2034,2034,0,0,1,1,0,0,0,8e5ffe20afb76fe31ba56e5faf65c9d2,0,3b9a3d13b8d6963fae1d8dc05a6037b2,0,1,0,1,ff81e4df,ffffffdb,0,1,0,0,0,00000000,"FIXED",3,00,"Data Secure Unprivileged","1 byte",0,0,00000000,"INCR",3,00,"Data Secure Unprivileged","4 bytes",0,0,ff8127fb,"OKAY",00000000,0,2,1,0,0,0,0,0,0,0,2,0,1,4,0,0,1,0,0037e400,"INCR",3,ff,0,"Data Secure Unprivileged",0,"4 bytes",0,00000000,"FIXED",0,00,0,"Data Secure Unprivileged",0,"1 byte",0,"OKAY",0,c08d1dae,"OKAY",00000000,4,2,0,1,0,0,0,0,2,0,1,0,2,1,0,2,1,0,c08d1dae,3,f,0,0,0,00000004,3,1,0,0,1,"No Read Addr Cmds","No Read Addr Cmds","No Write Addr Cmds","No Write Addr Cmds","No Write Responses","No Write Responses","_","_","_","_","_","_","_","_","No Write Data Beats","No Write Data Beats"
2035,2035,0,0,1,1,0,0,0,8e5ffe20afb76fe31ba56e5faf65c9d2,0,3b9a3d13b8d6963fae1d8dc05a6037b2,0,1,0,1,ff81e4df,ffffffdb,0,1,0,0,0,00000000,"FIXED",3,00,"Data Secure Unprivileged","1 byte",0,0,00000000,"INCR",3,00,"Data Secure Unprivileged","4 bytes",0,0,ff8127fb,"OKAY",00000000,0,2,1,0,0,0,0,0,0,0,2,0,1,4,0,0,1,0,0037e400,"INCR",3,ff,0,"Data Secure Unprivileged",0,"4 bytes",0,00000000,"FIXED",0,00,0,"Data Secure Unprivileged",0,"1 byte",0,"OKAY",0,c08d1dae,"OKAY",00000000,4,2,0,1,0,0,0,0,2,0,1,0,2,1,0,2,1,0,c08d1dae,3,f,0,0,0,00000004,3,1,0,0,1,"No Read Addr Cmds","No Read Addr Cmds","No Write Addr Cmds","No Write Addr Cmds","No Write Responses","No Write Responses","_","_","_","_","_","_","_","_","No Write Data Beats","No Write Data Beats"
2036,2036,0,0,1,1,0,0,0,8e5ffe20afb76fe31ba56e5faf65c9d2,0,3b9a3d13b8d6963fae1d8dc05a6037b2,0,1,0,1,ff81e4df,ffffffdb,0,1,0,0,0,00000000,"FIXED",3,00,"Data Secure Unprivileged","1 byte",0,0,00000000,"INCR",3,00,"Data Secure Unprivileged","4 bytes",0,0,ff8127fb,"OKAY",00000000,0,2,1,0,0,0,0,0,0,0,2,0,1,4,0,0,1,0,0037e400,"INCR",3,ff,0,"Data Secure Unprivileged",0,"4 bytes",0,00000000,"FIXED",0,00,0,"Data Secure Unprivileged",0,"1 byte",0,"OKAY",0,c08d1dae,"OKAY",00000000,4,2,0,1,0,0,0,0,2,0,1,0,2,1,0,2,1,0,c08d1dae,3,f,0,0,0,00000004,3,1,0,0,1,"No Read Addr Cmds","No Read Addr Cmds","No Write Addr Cmds","No Write Addr Cmds","No Write Responses","No Write Responses","_","_","_","_","_","_","_","_","No Write Data Beats","No Write Data Beats"
2037,2037,0,0,1,1,0,0,0,8e5ffe20afb76fe31ba56e5faf65c9d2,0,3b9a3d13b8d6963fae1d8dc05a6037b2,0,1,0,1,ff81e4df,ffffffdb,0,1,0,0,0,00000000,"FIXED",3,00,"Data Secure Unprivileged","1 byte",0,0,00000000,"INCR",3,00,"Data Secure Unprivileged","4 bytes",0,0,ff8127fb,"OKAY",00000000,0,2,1,0,0,0,0,0,0,0,2,0,1,4,0,0,1,0,0037e400,"INCR",3,ff,0,"Data Secure Unprivileged",0,"4 bytes",0,00000000,"FIXED",0,00,0,"Data Secure Unprivileged",0,"1 byte",0,"OKAY",0,c08d1dae,"OKAY",00000000,4,2,0,1,0,0,0,0,2,0,1,0,2,1,0,2,1,0,c08d1dae,3,f,0,0,0,00000004,3,1,0,0,1,"No Read Addr Cmds","No Read Addr Cmds","No Write Addr Cmds","No Write Addr Cmds","No Write Responses","No Write Responses","_","_","_","_","_","_","_","_","No Write Data Beats","No Write Data Beats"
2038,2038,0,0,1,1,0,0,0,8e5ffe20afb76fe31ba56e5faf65c9d2,0,3b9a3d13b8d6963fae1d8dc05a6037b2,0,1,0,1,ff81e4df,ffffffdb,0,1,0,0,0,00000000,"FIXED",3,00,"Data Secure Unprivileged","1 byte",0,0,00000000,"INCR",3,00,"Data Secure Unprivileged","4 bytes",0,0,ff8127fb,"OKAY",00000000,0,2,1,0,0,0,0,0,0,0,2,0,1,4,0,0,1,0,0037e400,"INCR",3,ff,0,"Data Secure Unprivileged",0,"4 bytes",0,00000000,"FIXED",0,00,0,"Data Secure Unprivileged",0,"1 byte",0,"OKAY",0,c08d1dae,"OKAY",00000000,4,2,0,1,0,0,0,0,2,0,1,0,2,1,0,2,1,0,c08d1dae,3,f,0,0,0,00000004,3,1,0,0,1,"No Read Addr Cmds","No Read Addr Cmds","No Write Addr Cmds","No Write Addr Cmds","No Write Responses","No Write Responses","_","_","_","_","_","_","_","_","No Write Data Beats","No Write Data Beats"
2039,2039,0,0,1,1,0,0,0,8e5ffe20afb76fe31ba56e5faf65c9d2,0,3b9a3d13b8d6963fae1d8dc05a6037b2,0,1,0,1,ff81e4df,ffffffdb,0,1,0,0,0,00000000,"FIXED",3,00,"Data Secure Unprivileged","1 byte",0,0,00000000,"INCR",3,00,"Data Secure Unprivileged","4 bytes",0,0,ff8127fb,"OKAY",00000000,0,2,1,0,0,0,0,0,0,0,2,0,1,4,0,0,1,0,0037e400,"INCR",3,ff,0,"Data Secure Unprivileged",0,"4 bytes",0,00000000,"FIXED",0,00,0,"Data Secure Unprivileged",0,"1 byte",0,"OKAY",0,c08d1dae,"OKAY",00000000,4,2,0,1,0,0,0,0,2,0,1,0,2,1,0,2,1,0,c08d1dae,3,f,0,0,0,00000004,3,1,0,0,1,"No Read Addr Cmds","No Read Addr Cmds","No Write Addr Cmds","No Write Addr Cmds","No Write Responses","No Write Responses","_","_","_","_","_","_","_","_","No Write Data Beats","No Write Data Beats"
2040,2040,0,0,1,1,0,0,0,8e5ffe20afb76fe31ba56e5faf65c9d2,0,3b9a3d13b8d6963fae1d8dc05a6037b2,0,1,0,1,ff81e4df,ffffffdb,0,1,0,0,0,00000000,"FIXED",3,00,"Data Secure Unprivileged","1 byte",0,0,00000000,"INCR",3,00,"Data Secure Unprivileged","4 bytes",0,0,ff8127fb,"OKAY",00000000,0,2,1,0,0,0,0,0,0,0,2,0,1,4,0,0,1,0,0037e400,"INCR",3,ff,0,"Data Secure Unprivileged",0,"4 bytes",0,00000000,"FIXED",0,00,0,"Data Secure Unprivileged",0,"1 byte",0,"OKAY",0,c08d1dae,"OKAY",00000000,4,2,0,1,0,0,0,0,2,0,1,0,2,1,0,2,1,0,c08d1dae,3,f,0,0,0,00000004,3,1,0,0,1,"No Read Addr Cmds","No Read Addr Cmds","No Write Addr Cmds","No Write Addr Cmds","No Write Responses","No Write Responses","_","_","_","_","_","_","_","_","No Write Data Beats","No Write Data Beats"
2041,2041,0,0,1,1,0,0,0,8e5ffe20afb76fe31ba56e5faf65c9d2,0,3b9a3d13b8d6963fae1d8dc05a6037b2,0,1,0,1,ff81e4df,ffffffdb,0,1,0,0,0,00000000,"FIXED",3,00,"Data Secure Unprivileged","1 byte",0,0,00000000,"INCR",3,00,"Data Secure Unprivileged","4 bytes",0,0,ff8127fb,"OKAY",00000000,0,2,1,0,0,0,0,0,0,0,2,0,1,4,0,0,1,0,0037e400,"INCR",3,ff,0,"Data Secure Unprivileged",0,"4 bytes",0,00000000,"FIXED",0,00,0,"Data Secure Unprivileged",0,"1 byte",0,"OKAY",0,c08d1dae,"OKAY",00000000,4,2,0,1,0,0,0,0,2,0,1,0,2,1,0,2,1,0,c08d1dae,3,f,0,0,0,00000004,3,1,0,0,1,"No Read Addr Cmds","No Read Addr Cmds","No Write Addr Cmds","No Write Addr Cmds","No Write Responses","No Write Responses","_","_","_","_","_","_","_","_","No Write Data Beats","No Write Data Beats"
2042,2042,0,0,1,1,0,0,0,8e5ffe20afb76fe31ba56e5faf65c9d2,0,3b9a3d13b8d6963fae1d8dc05a6037b2,0,1,0,1,ff81e4df,ffffffdb,0,1,0,0,0,00000000,"FIXED",3,00,"Data Secure Unprivileged","1 byte",0,0,00000000,"INCR",3,00,"Data Secure Unprivileged","4 bytes",0,0,ff8127fb,"OKAY",00000000,0,2,1,0,0,0,0,0,0,0,2,0,1,4,0,0,1,0,0037e400,"INCR",3,ff,0,"Data Secure Unprivileged",0,"4 bytes",0,00000000,"FIXED",0,00,0,"Data Secure Unprivileged",0,"1 byte",0,"OKAY",0,c08d1dae,"OKAY",00000000,4,2,0,1,0,0,0,0,2,0,1,0,2,1,0,2,1,0,c08d1dae,3,f,0,0,0,00000004,3,1,0,0,1,"No Read Addr Cmds","No Read Addr Cmds","No Write Addr Cmds","No Write Addr Cmds","No Write Responses","No Write Responses","_","_","_","_","_","_","_","_","No Write Data Beats","No Write Data Beats"
2043,2043,0,0,1,1,0,0,0,8e5ffe20afb76fe31ba56e5faf65c9d2,0,3b9a3d13b8d6963fae1d8dc05a6037b2,0,1,0,1,ff81e4df,ffffffdb,0,1,0,0,0,00000000,"FIXED",3,00,"Data Secure Unprivileged","1 byte",0,0,00000000,"INCR",3,00,"Data Secure Unprivileged","4 bytes",0,0,ff8127fb,"OKAY",00000000,0,2,1,0,0,0,0,0,0,0,2,0,1,4,0,0,1,0,0037e400,"INCR",3,ff,0,"Data Secure Unprivileged",0,"4 bytes",0,00000000,"FIXED",0,00,0,"Data Secure Unprivileged",0,"1 byte",0,"OKAY",0,c08d1dae,"OKAY",00000000,4,2,0,1,0,0,0,0,2,0,1,0,2,1,0,2,1,0,c08d1dae,3,f,0,0,0,00000004,3,1,0,0,1,"No Read Addr Cmds","No Read Addr Cmds","No Write Addr Cmds","No Write Addr Cmds","No Write Responses","No Write Responses","_","_","_","_","_","_","_","_","No Write Data Beats","No Write Data Beats"
2044,2044,0,0,1,1,0,0,0,8e5ffe20afb76fe31ba56e5faf65c9d2,0,3b9a3d13b8d6963fae1d8dc05a6037b2,0,1,0,1,ff81e4df,ffffffdb,0,1,0,0,0,00000000,"FIXED",3,00,"Data Secure Unprivileged","1 byte",0,0,00000000,"INCR",3,00,"Data Secure Unprivileged","4 bytes",0,0,ff8127fb,"OKAY",00000000,0,2,1,0,0,0,0,0,0,0,2,0,1,4,0,0,1,0,0037e400,"INCR",3,ff,0,"Data Secure Unprivileged",0,"4 bytes",0,00000000,"FIXED",0,00,0,"Data Secure Unprivileged",0,"1 byte",0,"OKAY",0,c08d1dae,"OKAY",00000000,4,2,0,1,0,0,0,0,2,0,1,0,2,1,0,2,1,0,c08d1dae,3,f,0,0,0,00000004,3,1,0,0,1,"No Read Addr Cmds","No Read Addr Cmds","No Write Addr Cmds","No Write Addr Cmds","No Write Responses","No Write Responses","_","_","_","_","_","_","_","_","No Write Data Beats","No Write Data Beats"
2045,2045,0,0,1,1,0,0,0,8e5ffe20afb76fe31ba56e5faf65c9d2,0,3b9a3d13b8d6963fae1d8dc05a6037b2,0,1,0,1,ff81e4df,ffffffdb,0,1,0,0,0,00000000,"FIXED",3,00,"Data Secure Unprivileged","1 byte",0,0,00000000,"INCR",3,00,"Data Secure Unprivileged","4 bytes",0,0,ff8127fb,"OKAY",00000000,0,2,1,0,0,0,0,0,0,0,2,0,1,4,0,0,1,0,0037e400,"INCR",3,ff,0,"Data Secure Unprivileged",0,"4 bytes",0,00000000,"FIXED",0,00,0,"Data Secure Unprivileged",0,"1 byte",0,"OKAY",0,c08d1dae,"OKAY",00000000,4,2,0,1,0,0,0,0,2,0,1,0,2,1,0,2,1,0,c08d1dae,3,f,0,0,0,00000004,3,1,0,0,1,"No Read Addr Cmds","No Read Addr Cmds","No Write Addr Cmds","No Write Addr Cmds","No Write Responses","No Write Responses","_","_","_","_","_","_","_","_","No Write Data Beats","No Write Data Beats"
2046,2046,0,0,1,1,0,0,0,8e5ffe20afb76fe31ba56e5faf65c9d2,0,3b9a3d13b8d6963fae1d8dc05a6037b2,0,1,0,1,ff81e4df,ffffffdb,0,1,0,0,0,00000000,"FIXED",3,00,"Data Secure Unprivileged","1 byte",0,0,00000000,"INCR",3,00,"Data Secure Unprivileged","4 bytes",0,0,ff8127fb,"OKAY",00000000,0,2,1,0,0,0,0,0,0,0,2,0,1,4,0,0,1,0,0037e400,"INCR",3,ff,0,"Data Secure Unprivileged",0,"4 bytes",0,00000000,"FIXED",0,00,0,"Data Secure Unprivileged",0,"1 byte",0,"OKAY",0,c08d1dae,"OKAY",00000000,4,2,0,1,0,0,0,0,2,0,1,0,2,1,0,2,1,0,c08d1dae,3,f,0,0,0,00000004,3,1,0,0,1,"No Read Addr Cmds","No Read Addr Cmds","No Write Addr Cmds","No Write Addr Cmds","No Write Responses","No Write Responses","_","_","_","_","_","_","_","_","No Write Data Beats","No Write Data Beats"
2047,2047,0,0,1,1,0,0,0,8e5ffe20afb76fe31ba56e5faf65c9d2,0,3b9a3d13b8d6963fae1d8dc05a6037b2,0,1,0,1,ff81e4df,ffffffdb,0,1,0,0,0,00000000,"FIXED",3,00,"Data Secure Unprivileged","1 byte",0,0,00000000,"INCR",3,00,"Data Secure Unprivileged","4 bytes",0,0,ff8127fb,"OKAY",00000000,0,2,1,0,0,0,0,0,0,0,2,0,1,4,0,0,1,0,0037e400,"INCR",3,ff,0,"Data Secure Unprivileged",0,"4 bytes",0,00000000,"FIXED",0,00,0,"Data Secure Unprivileged",0,"1 byte",0,"OKAY",0,c08d1dae,"OKAY",00000000,4,2,0,1,0,0,0,0,2,0,1,0,2,1,0,2,1,0,c08d1dae,3,f,0,0,0,00000004,3,1,0,0,1,"No Read Addr Cmds","No Read Addr Cmds","No Write Addr Cmds","No Write Addr Cmds","No Write Responses","No Write Responses","_","_","_","_","_","_","_","_","No Write Data Beats","No Write Data Beats"
